1970 1 6 -6 4
1970 7 19 18 4
1970 7 29 17 4
1970 10 21 6.5 4
1971 4 10 6 5
1971 8 18 16 5
1971 9 9 15 4
1972 3 17 8 4
1972 6 23 15 4
1972 7 9 15 4
1972 9 8 16 4
1974 9 22 15 5
1975 10 19 5 4
1976 8 1 16 4
1976 9 6 15 5
1977 6 20 18 4
1977 7 11 16 4
1977 10 22 9 4
1977 11 6 4 5
1977 12 12 1 4
1978 5 31 14 4
1978 6 5 16 4
1978 7 13 19 7
1979 9 20 10 5
1980 1 1 -2 4
1980 3 10 13 4
1981 9 16 15 4
1982 7 27 16 4
1983 1 31 5 4
1983 2 24 0 5
1983 8 1 18 5
1983 9 15 16 4
1983 11 8 7 4
1984 1 8 5 4
1985 5 29 16 4
1985 7 10 18 4
1985 10 29 7 4
