1964 8 27 16 4
1964 9 9 17 5
1965 5 17 9 4
1965 7 18 19 4
1965 7 27 19 4
1965 10 11 9 4
1966 1 4 1 4
1966 1 17 1 4
1966 7 16 20 6
1966 7 22 19 4
1966 8 9 21 4
1968 7 27 12 4
1970 5 10 3 5
1970 5 20 12 4
1970 9 18 15 4
1970 10 29 3 4
1971 6 20 16 4
1971 7 13 17 5
1971 8 30 13 4
1972 5 22 11 4
1972 6 29 17 5
1972 8 25 14 4
1973 5 12 10 4
1973 8 26 13 4
1974 7 24 17 4
1975 1 29 7 4
1975 3 5 3 4
1975 6 18 14 4
1976 2 15 2 4
1977 5 29 17 6
1980 6 22 19 6
1980 7 7 17 4
1981 7 23 20 5
1981 12 10 -2 5
1981 12 16 -2 6
1982 1 15 -6 4
1982 1 21 6 4
1982 3 7 -4 6
1982 7 7 17 4
1982 7 11 15 4
1982 8 17 17 4
1982 8 27 15 4
1982 9 13 12 5
1983 2 28 0 4
1983 3 8 -1 5
1983 7 11 14 4
1983 7 26 14 4
1983 8 22 14 4
1984 1 1 -2 5
1984 6 24 15 4
1984 9 2 14 6
1984 10 27 1 4
1985 9 11 13 4
1987 3 10 1 5
2000 1 17 3 4
2000 2 22 7 7
2000 3 14 4 5
2000 5 13 12 5
2000 6 29 16 4
2000 7 14 14.5 4
2003 5 24 15 4
2009 8 9 18 4
2011 6 14 15 5
2012 4 14 10 4
2013 7 27 17 4
