pc up
1984 1 2 50 18 -1 19
1970 2 21 23 12 6 6
2009 2 6 24.2 NA NA NA
1974 7 14 90 27 16 11
1984 7 5 85 24 14 10
1979 8 13 95 26 15 11
1970 9 26 85 13 9 4
1978 9 23 100 17.1 15 2.1
1981 10 12 47 20 16 4
1985 10 9 50 28 9 19
1986 10 9 48 27 10 17
2009 10 1 43 NA NA NA
1982 12 8 35 18 2 16
tx up
tx low
1981 3 19 0 8 4 4
1981 3 20 0 7 3 4
1981 3 21 0 6 2 4
1981 3 22 0 7 3 4
1981 3 23 0 6 3 3
1981 3 24 0 8 3 5
2005 3 29 0 6 NA NA
1976 4 4 3.5 15 10 5
1980 4 13 0 11 2 9
1987 4 22 0 15 7 8
1966 5 3 5 18 11 7
1973 5 17 7.5 18 13 5
2008 5 17 0 15 8 7
1979 6 10 11 19 15 4
2004 7 26 3.7 16.5 NA NA
2000 10 10 0 7.5 5 2.5
tn up
tn low
1968 6 11 0 35 4.5 30.5
1980 6 1 0 39 4 35
tr up
2011 7 9 0 39 8.1 30.9
tr low
