1964 8 6 16 4
1964 8 10 17 4
1964 8 17 18 6
1964 11 8 2 4
1965 7 15 20 4
1965 7 27 19 5
1965 9 9 16 4
1966 7 17 20 5
1966 7 23 19 4
1966 9 7 16 4
1966 10 30 -1 5
1966 12 4 1 4
1967 1 2 -3 4
1967 3 15 6 4
1967 10 4 8 6
1968 3 20 0 4
1968 9 11 11 4
1970 1 26 0 5
1971 8 16 17 5
1972 8 12 15 5
1973 4 24 12 4
1973 8 3 17 4
1973 10 22 4 5
1974 2 6 -4 5
1974 5 8 14 4
1974 8 30 14 7
1975 7 10 16 4
1975 12 20 4 4
1976 6 21 17 5
1976 12 23 0 4
1977 10 30 10 4
1978 8 11 15 5
1978 8 15 16 4
1978 10 16 7 4
1980 1 28 -2 4
1980 6 11 18 4
1981 3 18 3 4
1981 3 25 3 4
1981 7 3 17 4
1981 7 13 17 4
1981 9 8 16 5
1981 11 24 0 4
1982 1 2 -1 4
1982 1 9 0 4
1982 7 7 17 4
1983 8 11 16 4
1983 8 24 14 4
1983 11 28 -1 5
1984 3 24 3 5
1984 7 24 14 4
1985 9 13 13 4
1986 7 2 15 5
1986 11 13 -3 4
2000 3 29 8 4
2000 8 18 14 9
2000 9 1 15 8
2000 9 19 11 4
2000 10 20 10 5
2003 8 30 15 4
2004 8 18 15 4
2005 8 11 15 4
2005 8 16 17 4
2005 8 29 16 4
2006 3 27 6 4
2006 10 5 11 4
2006 10 15 12 4
2007 6 15 16 5
2007 7 26 15 4
2008 1 20 -8 4
2008 1 26 5 4
2008 8 9 16 4
2010 9 22 16 4
2011 7 19 20 4
2011 9 14 12 4
2011 10 17 7 4
2011 10 25 7 4
2012 7 23 15 4
2012 8 9 16 5
2012 10 6 7 4
2012 11 20 6 4
2013 11 10 8 4
