pc up
tx up
1960 6 15 0 40 8 32
1960 6 16 0 40 8 32
1960 6 17 0 41 18 23
1960 6 18 0 40 18 22
1960 6 19 0 44 19 25
1960 6 20 0 44 21 23
1960 6 21 0 44 13 31
1960 6 22 0 44 13 31
1960 6 23 0 41 13 28
1960 6 24 0 42 14 28
1960 6 25 0 42 18 24
1960 6 26 0 41 18 23
1960 6 27 0 41 18 23
1960 6 28 0 41 19 22
1960 6 29 0 41 19 22
1960 6 30 0 40 20 20
1960 7 1 0 41 20 21
1960 7 2 0 42 19 23
1960 7 3 0 41 17 24
1960 7 4 12 39 15 24
1960 7 12 0 39 19 20
1960 7 28 0 40 19 21
1960 7 29 2 41 18 23
1960 7 30 0 40 16 24
1960 7 31 0 39 17 22
1960 8 1 0 38 19 19
1960 8 2 0 39 18 21
1960 8 3 0 37 19 18
1960 8 4 0 37 16 21
1960 8 5 0 38 15 23
1960 8 6 0 38 16 22
1960 8 7 0 36 18 18
1960 8 9 4 37 16 21
1960 8 16 0 35 16 19
1960 8 17 0 35 16 19
1960 8 18 0 37 18 19
1960 8 20 0 35 17 18
1960 8 21 0 36 19 17
1960 8 23 0 35 22 13
1960 8 24 0 38 17 21
1960 8 25 1 38 18 20
1960 8 26 0 35 12 23
1960 8 27 7 35 16 19
1960 8 28 0 38 20 18
1960 8 30 0 35 10 25
1959 9 1 0 34 16 18
1959 9 2 0 34 18 16
1959 9 3 0 35 17 18
1959 9 4 0 35 18 17
1959 9 5 0 35 18 17
1959 9 6 0 35 18 17
1959 9 7 0 35 19 16
1959 9 8 0 35 18 17
1959 9 9 0 34 17 17
1959 9 10 0 35 18 17
1959 9 11 0 32 17 15
1959 9 12 0 34 12 22
1959 9 13 0 32 10 22
1959 9 14 0 38 12 26
1959 9 15 0 37 18 19
1959 9 16 0 36 16 20
1959 9 17 0 36 12 24
1959 9 18 0 38 16 22
1959 9 19 0 38 16 22
1959 9 20 0 34 12 22
1959 9 21 0 34 12 22
1959 9 22 0 32 12 20
1959 9 23 0 32 12 20
1959 9 24 0 32 12 20
1959 9 25 0 30 12 18
1959 9 26 0 30 12 18
1959 9 27 0 30 10 20
1959 9 28 0 32 12 20
1959 9 29 0 36 16 20
