pc up
1984 1 30 52 12 1.5 10.5
1978 4 11 38 12 11 1
1977 7 2 71 27.5 18 9.5
1982 7 8 70 32.5 15 17.5
1978 8 31 106 27 16.5 10.5
1984 12 12 40 12 9 3
tx up
tx low
1967 1 10 7.5 1 -2 3
1977 3 6 0 12 3.5 8.5
1978 4 11 38 12 11 1
1980 4 13 0 13 4 9
1966 5 1 2 21 13 8
1966 5 3 10 20.2 12 8.2
1971 5 13 0 21.2 11 10.2
1973 5 17 0 18 8.5 9.5
1964 6 25 0 20 14.5 5.5
1970 9 27 12 10.1 9 1.1
1970 9 28 2.5 15.5 9 6.5
1980 10 29 0 12 6 6
1980 11 17 0 4.5 1.5 3
tn up
tn low
1968 7 3 0 27.5 10 17.5
tr up
tr low
