1976  1  1  -99.9  -99.9  -99.9
1976  1  2  -99.9  -99.9  -99.9
1976  1  3  -99.9  -99.9  -99.9
1976  1  4  -99.9  -99.9  -99.9
1976  1  5  -99.9  -99.9  -99.9
1976  1  6  -99.9  -99.9  -99.9
1976  1  7  -99.9  -99.9  -99.9
1976  1  8  -99.9  -99.9  -99.9
1976  1  9  -99.9  -99.9  -99.9
1976  1 10  -99.9  -99.9  -99.9
1976  1 11  -99.9  -99.9  -99.9
1976  1 12  -99.9  -99.9  -99.9
1976  1 13  -99.9  -99.9  -99.9
1976  1 14  -99.9  -99.9  -99.9
1976  1 15  -99.9  -99.9  -99.9
1976  1 16  -99.9  -99.9  -99.9
1976  1 17  -99.9  -99.9  -99.9
1976  1 18  -99.9  -99.9  -99.9
1976  1 19  -99.9  -99.9  -99.9
1976  1 20  -99.9  -99.9  -99.9
1976  1 21  -99.9  -99.9  -99.9
1976  1 22  -99.9  -99.9  -99.9
1976  1 23  -99.9  -99.9  -99.9
1976  1 24  -99.9  -99.9  -99.9
1976  1 25  -99.9  -99.9  -99.9
1976  1 26  -99.9  -99.9  -99.9
1976  1 27  -99.9  -99.9  -99.9
1976  1 28  -99.9  -99.9  -99.9
1976  1 29  -99.9  -99.9  -99.9
1976  1 30  -99.9  -99.9  -99.9
1976  1 31  -99.9  -99.9  -99.9
1976  2  1  -99.9  -99.9  -99.9
1976  2  2  -99.9  -99.9  -99.9
1976  2  3  -99.9  -99.9  -99.9
1976  2  4  -99.9  -99.9  -99.9
1976  2  5  -99.9  -99.9  -99.9
1976  2  6  -99.9  -99.9  -99.9
1976  2  7  -99.9  -99.9  -99.9
1976  2  8  -99.9  -99.9  -99.9
1976  2  9  -99.9  -99.9  -99.9
1976  2 10  -99.9  -99.9  -99.9
1976  2 11  -99.9  -99.9  -99.9
1976  2 12  -99.9  -99.9  -99.9
1976  2 13  -99.9  -99.9  -99.9
1976  2 14  -99.9  -99.9  -99.9
1976  2 15  -99.9  -99.9  -99.9
1976  2 16  -99.9  -99.9  -99.9
1976  2 17  -99.9  -99.9  -99.9
1976  2 18  -99.9  -99.9  -99.9
1976  2 19  -99.9  -99.9  -99.9
1976  2 20  -99.9  -99.9  -99.9
1976  2 21  -99.9  -99.9  -99.9
1976  2 22  -99.9  -99.9  -99.9
1976  2 23  -99.9  -99.9  -99.9
1976  2 24  -99.9  -99.9  -99.9
1976  2 25  -99.9  -99.9  -99.9
1976  2 26  -99.9  -99.9  -99.9
1976  2 27  -99.9  -99.9  -99.9
1976  2 28  -99.9  -99.9  -99.9
1976  2 29  -99.9  -99.9  -99.9
1976  3  1  -99.9  -99.9  -99.9
1976  3  2  -99.9  -99.9  -99.9
1976  3  3  -99.9  -99.9  -99.9
1976  3  4  -99.9  -99.9  -99.9
1976  3  5  -99.9  -99.9  -99.9
1976  3  6  -99.9  -99.9  -99.9
1976  3  7  -99.9  -99.9  -99.9
1976  3  8  -99.9  -99.9  -99.9
1976  3  9  -99.9  -99.9  -99.9
1976  3 10  -99.9  -99.9  -99.9
1976  3 11  -99.9  -99.9  -99.9
1976  3 12  -99.9  -99.9  -99.9
1976  3 13  -99.9  -99.9  -99.9
1976  3 14  -99.9  -99.9  -99.9
1976  3 15  -99.9  -99.9  -99.9
1976  3 16  -99.9  -99.9  -99.9
1976  3 17  -99.9  -99.9  -99.9
1976  3 18  -99.9  -99.9  -99.9
1976  3 19  -99.9  -99.9  -99.9
1976  3 20  -99.9  -99.9  -99.9
1976  3 21  -99.9  -99.9  -99.9
1976  3 22  -99.9  -99.9  -99.9
1976  3 23  -99.9  -99.9  -99.9
1976  3 24  -99.9  -99.9  -99.9
1976  3 25  -99.9  -99.9  -99.9
1976  3 26  -99.9  -99.9  -99.9
1976  3 27  -99.9  -99.9  -99.9
1976  3 28  -99.9  -99.9  -99.9
1976  3 29  -99.9  -99.9  -99.9
1976  3 30  -99.9  -99.9  -99.9
1976  3 31  -99.9  -99.9  -99.9
1976  4  1  -99.9  -99.9  -99.9
1976  4  2  -99.9  -99.9  -99.9
1976  4  3  -99.9  -99.9  -99.9
1976  4  4  -99.9  -99.9  -99.9
1976  4  5  -99.9  -99.9  -99.9
1976  4  6  -99.9  -99.9  -99.9
1976  4  7  -99.9  -99.9  -99.9
1976  4  8  -99.9  -99.9  -99.9
1976  4  9  -99.9  -99.9  -99.9
1976  4 10  -99.9  -99.9  -99.9
1976  4 11  -99.9  -99.9  -99.9
1976  4 12  -99.9  -99.9  -99.9
1976  4 13  -99.9  -99.9  -99.9
1976  4 14  -99.9  -99.9  -99.9
1976  4 15  -99.9  -99.9  -99.9
1976  4 16  -99.9  -99.9  -99.9
1976  4 17  -99.9  -99.9  -99.9
1976  4 18  -99.9  -99.9  -99.9
1976  4 19  -99.9  -99.9  -99.9
1976  4 20  -99.9  -99.9  -99.9
1976  4 21  -99.9  -99.9  -99.9
1976  4 22  -99.9  -99.9  -99.9
1976  4 23  -99.9  -99.9  -99.9
1976  4 24  -99.9  -99.9  -99.9
1976  4 25  -99.9  -99.9  -99.9
1976  4 26  -99.9  -99.9  -99.9
1976  4 27  -99.9  -99.9  -99.9
1976  4 28  -99.9  -99.9  -99.9
1976  4 29  -99.9  -99.9  -99.9
1976  4 30  -99.9  -99.9  -99.9
1976  5  1  -99.9  -99.9  -99.9
1976  5  2  -99.9  -99.9  -99.9
1976  5  3  -99.9  -99.9  -99.9
1976  5  4  -99.9  -99.9  -99.9
1976  5  5  -99.9  -99.9  -99.9
1976  5  6  -99.9  -99.9  -99.9
1976  5  7  -99.9  -99.9  -99.9
1976  5  8  -99.9  -99.9  -99.9
1976  5  9  -99.9  -99.9  -99.9
1976  5 10  -99.9  -99.9  -99.9
1976  5 11  -99.9  -99.9  -99.9
1976  5 12  -99.9  -99.9  -99.9
1976  5 13  -99.9  -99.9  -99.9
1976  5 14  -99.9  -99.9  -99.9
1976  5 15  -99.9  -99.9  -99.9
1976  5 16  -99.9  -99.9  -99.9
1976  5 17  -99.9  -99.9  -99.9
1976  5 18  -99.9  -99.9  -99.9
1976  5 19  -99.9  -99.9  -99.9
1976  5 20  -99.9  -99.9  -99.9
1976  5 21  -99.9  -99.9  -99.9
1976  5 22  -99.9  -99.9  -99.9
1976  5 23  -99.9  -99.9  -99.9
1976  5 24  -99.9  -99.9  -99.9
1976  5 25  -99.9  -99.9  -99.9
1976  5 26  -99.9  -99.9  -99.9
1976  5 27  -99.9  -99.9  -99.9
1976  5 28  -99.9  -99.9  -99.9
1976  5 29  -99.9  -99.9  -99.9
1976  5 30  -99.9  -99.9  -99.9
1976  5 31  -99.9  -99.9  -99.9
1976  6  1  -99.9  -99.9  -99.9
1976  6  2  -99.9  -99.9  -99.9
1976  6  3  -99.9  -99.9  -99.9
1976  6  4    0.0  -99.9  -99.9
1976  6  5    2.0   32.0   14.0
1976  6  6    0.0   30.0   12.0
1976  6  7    0.0   29.0   12.0
1976  6  8    4.0   30.0   14.0
1976  6  9    0.0   31.0   15.0
1976  6 10    0.0   32.0   15.0
1976  6 11    0.0   31.0   18.0
1976  6 12    0.0   31.0   18.0
1976  6 13   17.0   34.0   17.0
1976  6 14    0.0   21.0   17.0
1976  6 15    0.0   20.0   16.0
1976  6 16    0.0   27.0   15.0
1976  6 17    0.0   32.0   16.0
1976  6 18    0.0   34.0   15.0
1976  6 19    0.0   33.0   15.0
1976  6 20    0.0   32.0   16.0
1976  6 21    0.0   35.0   14.0
1976  6 22    0.0   36.0   14.0
1976  6 23    0.0   35.0   19.0
1976  6 24    0.0   32.0   18.0
1976  6 25    2.0   32.0   16.0
1976  6 26    0.0   27.0   15.0
1976  6 27    2.0   29.0   16.0
1976  6 28    0.0   25.0   17.0
1976  6 29    1.0   28.0   17.0
1976  6 30    0.0   27.0   15.0
1976  7  1    3.0   26.0   14.0
1976  7  2    0.0   26.0   16.0
1976  7  3   14.0   30.0   18.0
1976  7  4    0.0   28.0   15.0
1976  7  5    0.0   27.0   14.0
1976  7  6    0.0   28.0   13.0
1976  7  7    0.0   28.0   13.0
1976  7  8    0.0   29.0   13.0
1976  7  9    0.0   30.0   15.0
1976  7 10    0.0   32.0   15.0
1976  7 11    0.0   29.0   17.0
1976  7 12    0.0   25.0   15.0
1976  7 13    0.0   28.0   16.0
1976  7 14    2.0   27.0   17.0
1976  7 15    0.0   27.0   17.0
1976  7 16   12.0   22.0   17.0
1976  7 17    0.0   26.0   16.0
1976  7 18    0.0   28.0   16.0
1976  7 19    0.0   30.0   15.0
1976  7 20   21.0   30.0   14.0
1976  7 21    0.0   25.0   14.0
1976  7 22    0.0   26.0   14.0
1976  7 23    3.0   25.0   15.0
1976  7 24    0.0   23.0   14.0
1976  7 25    0.0   27.0   15.0
1976  7 26    0.0   30.0   14.0
1976  7 27    0.0   25.0   13.0
1976  7 28    0.0   31.0   14.0
1976  7 29    0.0   30.0   14.0
1976  7 30    9.0   30.0   16.0
1976  7 31    0.0   30.0   17.0
1976  8  1    8.0   28.0   15.0
1976  8  2    0.0   24.0   15.0
1976  8  3    0.0   30.0   15.0
1976  8  4    0.0   31.0   14.0
1976  8  5    0.0   33.0   14.0
1976  8  6    0.0   33.0   16.0
1976  8  7    0.0   29.0   12.0
1976  8  8    0.0   31.0   14.0
1976  8  9    0.0   32.0   14.0
1976  8 10    0.0   32.0   15.0
1976  8 11    0.0   31.0   12.0
1976  8 12    0.0   33.0   13.0
1976  8 13    0.0   34.0   13.0
1976  8 14    0.0   31.0   18.0
1976  8 15    8.0   32.0   21.0
1976  8 16    0.0   32.0   15.0
1976  8 17    0.0   28.0   15.0
1976  8 18    1.0   28.0   14.0
1976  8 19    0.0   27.0   14.0
1976  8 20    0.0   27.0   12.0
1976  8 21    0.0   28.0   15.0
1976  8 22    0.0   25.0   12.0
1976  8 23    0.0   31.0   12.0
1976  8 24    0.0   30.0   12.0
1976  8 25    0.0   30.0   15.0
1976  8 26    0.0   30.0   13.0
1976  8 27    0.0   31.0   16.0
1976  8 28    0.0   31.0   13.0
1976  8 29    8.0   26.0   13.0
1976  8 30    0.0   27.0   13.0
1976  8 31   15.0   25.0   15.0
1976  9  1   18.0   18.0   17.0
1976  9  2    1.0   22.0   14.0
1976  9  3   18.0   27.0   14.0
1976  9  4   40.0   20.0   15.0
1976  9  5    0.0   22.0   14.0
1976  9  6   27.0   23.0   15.0
1976  9  7    0.0   25.0   13.0
1976  9  8    0.0   26.0   13.0
1976  9  9    0.0   25.0   17.0
1976  9 10    0.0   25.0   15.0
1976  9 11    0.0   25.0   12.0
1976  9 12    0.0   28.0   12.0
1976  9 13    0.0   30.0   14.0
1976  9 14   32.0   27.0   15.0
1976  9 15    0.0   25.0   14.0
1976  9 16    0.0   24.0   14.0
1976  9 17    0.0   23.0   15.0
1976  9 18    0.0   25.0   12.0
1976  9 19    0.0   32.0   12.0
1976  9 20    0.0   24.0   12.0
1976  9 21    0.0   21.0   15.0
1976  9 22    0.0   22.0   13.0
1976  9 23    0.0   24.0   12.0
1976  9 24    0.0   21.0   15.0
1976  9 25    0.0   22.0   13.0
1976  9 26    0.0   21.0   14.0
1976  9 27    0.0   26.0   13.0
1976  9 28    0.0   23.0   11.0
1976  9 29    0.0   23.0   11.0
1976  9 30    0.0   24.0   12.0
1976 10  1    0.0   21.0   11.0
1976 10  2    0.0   26.0   11.0
1976 10  3    0.0   27.0   11.0
1976 10  4    0.0   25.0   10.0
1976 10  5    0.0   21.0    9.0
1976 10  6    0.0   25.0    6.0
1976 10  7    0.0   20.0    8.0
1976 10  8    0.0   16.0    3.0
1976 10  9    0.0   20.0    2.0
1976 10 10    0.0   21.0    3.0
1976 10 11    0.0   25.0    4.0
1976 10 12    0.0   22.0    2.0
1976 10 13   10.0   21.0    4.0
1976 10 14    0.0   21.0    2.0
1976 10 15    0.0   22.0    6.0
1976 10 16    0.0   20.0    4.0
1976 10 17    0.0   22.0    8.0
1976 10 18    0.0   23.0    7.0
1976 10 19    0.0   24.0   10.0
1976 10 20    0.0   23.0   11.0
1976 10 21    0.0   24.0    8.0
1976 10 22    0.0   22.0   12.0
1976 10 23    0.0   20.0    9.0
1976 10 24    0.0   20.0    5.0
1976 10 25    0.0   21.0    6.0
1976 10 26    0.0   23.0    4.0
1976 10 27    0.0   20.0    3.0
1976 10 28    0.0   16.0    5.0
1976 10 29    0.0   15.0   -6.0
1976 10 30    0.0   20.0   -7.0
1976 10 31    0.0   23.0   -2.0
1976 11  1  -99.9  -99.9  -99.9
1976 11  2  -99.9  -99.9  -99.9
1976 11  3  -99.9  -99.9  -99.9
1976 11  4  -99.9  -99.9  -99.9
1976 11  5  -99.9  -99.9  -99.9
1976 11  6  -99.9  -99.9  -99.9
1976 11  7  -99.9  -99.9  -99.9
1976 11  8  -99.9  -99.9  -99.9
1976 11  9  -99.9  -99.9  -99.9
1976 11 10  -99.9  -99.9  -99.9
1976 11 11  -99.9  -99.9  -99.9
1976 11 12  -99.9  -99.9  -99.9
1976 11 13  -99.9  -99.9  -99.9
1976 11 14  -99.9  -99.9  -99.9
1976 11 15  -99.9  -99.9  -99.9
1976 11 16  -99.9  -99.9  -99.9
1976 11 17  -99.9  -99.9  -99.9
1976 11 18  -99.9  -99.9  -99.9
1976 11 19  -99.9  -99.9  -99.9
1976 11 20  -99.9  -99.9  -99.9
1976 11 21  -99.9  -99.9  -99.9
1976 11 22  -99.9  -99.9  -99.9
1976 11 23  -99.9  -99.9  -99.9
1976 11 24  -99.9  -99.9  -99.9
1976 11 25  -99.9  -99.9  -99.9
1976 11 26  -99.9  -99.9  -99.9
1976 11 27  -99.9  -99.9  -99.9
1976 11 28  -99.9  -99.9  -99.9
1976 11 29  -99.9  -99.9  -99.9
1976 11 30  -99.9  -99.9  -99.9
1976 12  1    0.0   11.0   -7.0
1976 12  2    0.0   10.0   -5.0
1976 12  3    0.0   12.0   -5.0
1976 12  4    0.0   11.0   -8.0
1976 12  5    0.0   10.0   -3.0
1976 12  6    0.0   14.0    3.0
1976 12  7    0.0   10.0   -5.0
1976 12  8    0.0   12.0   -6.0
1976 12  9    0.0   21.0   -3.0
1976 12 10    0.0   22.0    2.0
1976 12 11    5.0   21.0    4.0
1976 12 12   10.0   22.0    2.0
1976 12 13    0.0   22.0    3.0
1976 12 14    0.0   10.0   -3.0
1976 12 15    0.0   14.0   -7.0
1976 12 16    0.0   11.0   -9.0
1976 12 17    0.0    7.0   -9.0
1976 12 18    0.0   16.0   -4.0
1976 12 19    0.0   15.0    4.0
1976 12 20    0.0   16.0    4.0
1976 12 21    0.0   15.0    4.0
1976 12 22    5.0   15.0   -4.0
1976 12 23    0.0   13.0   -2.0
1976 12 24    0.0   10.0   -3.0
1976 12 25    0.0   11.0   -4.0
1976 12 26    0.0   12.0   -6.0
1976 12 27    0.0   14.0   -6.0
1976 12 28    0.0   20.0   -4.0
1976 12 29    0.0   20.0    2.0
1976 12 30    0.0   20.0    6.0
1976 12 31    0.0   19.0    6.0
1977  1  1    0.0   12.0   -2.0
1977  1  2    0.0   13.0    0.0
1977  1  3    0.0   20.0   -1.0
1977  1  4    0.0   22.0   -1.0
1977  1  5    0.0   19.0   -1.0
1977  1  6    0.0   18.0   -2.0
1977  1  7    0.0   22.0    0.0
1977  1  8    0.0   21.0    5.0
1977  1  9    0.0   22.0    2.0
1977  1 10    0.0   21.0   -4.0
1977  1 11    0.0   11.0   -4.0
1977  1 12    0.0   15.0   -2.0
1977  1 13    0.0   20.0   -3.0
1977  1 14    0.0   20.0   -4.0
1977  1 15    0.0   20.0   -4.0
1977  1 16    0.0   20.0    3.0
1977  1 17    0.0   20.0    3.0
1977  1 18    0.0   20.0   -6.0
1977  1 19    0.0   18.0   -5.0
1977  1 20    0.0   20.0   -5.0
1977  1 21    5.0   13.0   -2.0
1977  1 22    0.0   11.0   -5.0
1977  1 23    0.0   11.0   -5.0
1977  1 24    0.0   12.0    0.0
1977  1 25    0.0   11.0   -1.0
1977  1 26    0.0   20.0   -3.0
1977  1 27    0.0   19.0   -2.0
1977  1 28    0.0   11.0    0.0
1977  1 29    0.0   16.0   -2.0
1977  1 30    0.0   11.0   -2.0
1977  1 31    0.0   15.0    2.0
1977  2  1    0.0   20.0    2.0
1977  2  2    0.0   20.0    2.0
1977  2  3    0.0   21.0   -2.0
1977  2  4    0.0   22.0   -2.0
1977  2  5    0.0   20.0    0.0
1977  2  6    0.0   21.0   -1.0
1977  2  7    0.0   20.0   -2.0
1977  2  8    0.0   20.0   -2.0
1977  2  9    0.0   20.0   -3.0
1977  2 10    0.0   22.0   -2.0
1977  2 11    0.0   22.0    2.0
1977  2 12    0.0   11.0   -1.0
1977  2 13    0.0   19.0   -4.0
1977  2 14    0.0   20.0   -4.0
1977  2 15    0.0   20.0   -3.0
1977  2 16    0.0   18.0   -3.0
1977  2 17    0.0   19.0   -2.0
1977  2 18    0.0   20.0   -5.0
1977  2 19    0.0   25.0   -3.0
1977  2 20    0.0   22.0   -4.0
1977  2 21    0.0   19.0   -4.0
1977  2 22    0.0   25.0   -4.0
1977  2 23    0.0   24.0  -11.0
1977  2 24    0.0   25.0  -11.0
1977  2 25    0.0   22.0  -12.0
1977  2 26    0.0   21.0   -9.0
1977  2 27    0.0   14.0   -6.0
1977  2 28    0.0   17.0   -6.0
1977  3  1    0.0   22.0   -3.0
1977  3  2    0.0   20.0   -3.0
1977  3  3    0.0   11.0   -4.0
1977  3  4    0.0   20.0   -6.0
1977  3  5    0.0   12.0   -5.0
1977  3  6    0.0   14.0   -3.0
1977  3  7    0.0   15.0    0.0
1977  3  8    0.0   24.0    5.0
1977  3  9    0.0   20.0    4.0
1977  3 10    0.0   25.0    6.0
1977  3 11    0.0   15.0   -1.0
1977  3 12    0.0   22.0    4.0
1977  3 13    0.0   26.0    4.0
1977  3 14    0.0   25.0    5.0
1977  3 15    0.0   25.0    2.0
1977  3 16    0.0   31.0    4.0
1977  3 17    0.0   25.0    5.0
1977  3 18    0.0   27.0    4.0
1977  3 19    0.0   20.0    5.0
1977  3 20    0.0   25.0    5.0
1977  3 21    0.0   22.0    4.0
1977  3 22    0.0   24.0    5.0
1977  3 23    0.0   25.0    6.0
1977  3 24    0.0   21.0    5.0
1977  3 25    0.0   20.0    6.0
1977  3 26    4.0   13.0    9.0
1977  3 27    0.0   13.0    4.0
1977  3 28    0.0   22.0    5.0
1977  3 29    0.0   25.0    3.0
1977  3 30    0.0   22.0    5.0
1977  3 31    0.0   24.0    4.0
1977  4  1    0.0   25.0    6.0
1977  4  2    0.0   25.0   10.0
1977  4  3    0.0   23.0   10.0
1977  4  4    0.0   22.0   10.0
1977  4  5    0.0   22.0    4.0
1977  4  6    0.0   24.0    0.0
1977  4  7    0.0   21.0    5.0
1977  4  8    0.0   22.0   10.0
1977  4  9    0.0   24.0    8.0
1977  4 10    0.0   23.0   11.0
1977  4 11    0.0   27.0   10.0
1977  4 12    0.0   22.0    5.0
1977  4 13    0.0   25.0    5.0
1977  4 14    0.0   24.0    8.0
1977  4 15    0.0   22.0    5.0
1977  4 16    0.0   20.0   11.0
1977  4 17    0.0   22.0    7.0
1977  4 18    0.0   25.0    7.0
1977  4 19    0.0   22.0    5.0
1977  4 20    0.0   23.0   10.0
1977  4 21    0.0   24.0    6.0
1977  4 22    0.0   25.0   10.0
1977  4 23    0.0   20.0    5.0
1977  4 24    0.0   23.0    8.0
1977  4 25    5.0   24.0   10.0
1977  4 26    7.0   23.0   10.0
1977  4 27    0.0   22.0   10.0
1977  4 28    0.0   24.0   10.0
1977  4 29    0.0   25.0   11.0
1977  4 30    0.0   24.0   11.0
1977  5  1    7.2   24.0   12.0
1977  5  2    0.0   30.0   10.0
1977  5  3    0.0   32.0   15.0
1977  5  4    0.0   22.0   15.0
1977  5  5    0.0   24.0   14.0
1977  5  6    0.0   22.0   12.0
1977  5  7    0.0   25.0   11.0
1977  5  8    0.0   26.0   10.0
1977  5  9    0.0   30.0    8.0
1977  5 10    0.0   28.0   10.0
1977  5 11    0.0   30.0   10.0
1977  5 12    0.0   27.0   15.0
1977  5 13    0.0   30.0   10.0
1977  5 14    0.0   30.0   15.0
1977  5 15    0.0   30.0   16.0
1977  5 16    0.0   35.0   10.0
1977  5 17    0.0   29.0   15.0
1977  5 18    0.0   32.0   16.0
1977  5 19    0.0   30.0    9.0
1977  5 20    0.0   30.0    8.0
1977  5 21    0.0   30.0   11.0
1977  5 22    0.0   30.0   15.0
1977  5 23    0.0   32.0   16.0
1977  5 24    0.0   31.0   15.0
1977  5 25    0.0   31.0   15.0
1977  5 26    0.0   33.0   17.0
1977  5 27    0.0   32.0   20.0
1977  5 28    0.0   33.0   15.0
1977  5 29    0.0   32.0   14.0
1977  5 30    0.0   30.0   16.0
1977  5 31    0.0   30.0   20.0
1977  6  1    0.0   30.0   14.0
1977  6  2    0.0   32.0   15.0
1977  6  3   20.0   31.0   16.0
1977  6  4    0.0   32.0   15.0
1977  6  5   20.0   30.0   16.0
1977  6  6   10.0   25.0   15.0
1977  6  7   10.0   22.0   14.0
1977  6  8    1.5   25.0   14.0
1977  6  9    0.0   27.0   13.0
1977  6 10    0.0   30.0   13.0
1977  6 11    0.0   31.0   18.0
1977  6 12    0.0   32.0   16.0
1977  6 13    0.0   32.0   15.0
1977  6 14    0.0   32.0   16.0
1977  6 15    0.0   30.0   17.0
1977  6 16    0.0   32.0   20.0
1977  6 17    0.0   35.0   17.0
1977  6 18    0.0   35.0   16.0
1977  6 19    0.0   35.0   15.0
1977  6 20    0.0   32.0   17.0
1977  6 21   10.0   30.0   16.0
1977  6 22    3.0   28.0   15.0
1977  6 23    0.0   29.0   15.0
1977  6 24    0.0   28.0   15.0
1977  6 25    0.0   29.0   16.0
1977  6 26    0.0   32.0   16.0
1977  6 27    0.0   33.0   16.0
1977  6 28    0.0   33.0   15.0
1977  6 29    0.0   31.0   15.0
1977  6 30    0.0   32.0   19.0
1977  7  1    0.0   30.0   16.0
1977  7  2    0.0   27.0   18.0
1977  7  3    4.0   27.0   16.0
1977  7  4   10.0   26.0   17.0
1977  7  5   12.0   27.0   16.0
1977  7  6    0.0   28.0   16.0
1977  7  7    0.0   30.0   16.0
1977  7  8    0.0   29.0   15.0
1977  7  9    0.0   30.0   16.0
1977  7 10    0.0   31.0   16.0
1977  7 11    0.0   31.0   16.0
1977  7 12    0.0   31.0   16.0
1977  7 13    0.0   31.0   16.0
1977  7 14    0.0   30.0   16.0
1977  7 15    0.0   30.0   15.0
1977  7 16    0.0   30.0   16.0
1977  7 17    0.0   30.0   15.0
1977  7 18    0.0   32.0   16.0
1977  7 19   10.0   32.0   15.0
1977  7 20    0.0   30.0   16.0
1977  7 21   10.0   29.0   16.0
1977  7 22    0.0   20.0   15.0
1977  7 23    0.0   22.0   16.0
1977  7 24    0.0   21.0   16.0
1977  7 25    0.0   20.0   15.0
1977  7 26    0.0   30.0   15.0
1977  7 27    0.0   30.0   15.0
1977  7 28    0.0   30.0   16.0
1977  7 29    0.0   31.0   16.0
1977  7 30    0.0   31.0   17.0
1977  7 31    0.0   31.0   16.0
1977  8  1    0.0   32.0   15.0
1977  8  2    0.0   30.0   15.0
1977  8  3    0.0   32.0   16.0
1977  8  4    0.0   32.0   15.0
1977  8  5    0.0   30.0   17.0
1977  8  6    0.0   32.0   16.0
1977  8  7    0.0   33.0   16.0
1977  8  8    4.0   32.0   17.0
1977  8  9    0.0   33.0   15.0
1977  8 10    2.0   32.0   19.0
1977  8 11   20.0   31.0   17.0
1977  8 12    4.0   30.0   16.0
1977  8 13    0.0   31.0   15.0
1977  8 14    0.0   30.0   16.0
1977  8 15    0.0   33.0   16.0
1977  8 16    8.0   33.0   16.0
1977  8 17    0.0   32.0   16.0
1977  8 18    0.0   30.0   16.0
1977  8 19    0.0   31.0   16.0
1977  8 20    0.0   30.0   18.0
1977  8 21    0.0   32.0   17.0
1977  8 22    0.0   30.0   16.0
1977  8 23    0.0   34.0   15.0
1977  8 24   24.0   27.0   13.0
1977  8 25    0.0   31.0   15.0
1977  8 26    5.0   32.0   16.0
1977  8 27    0.0   30.0   16.0
1977  8 28    0.0   30.0   16.0
1977  8 29    0.0   31.0   15.0
1977  8 30    0.0   30.0   16.0
1977  8 31    0.0   33.0   16.0
1977  9  1    0.0   30.0   18.0
1977  9  2    0.0   30.0   15.0
1977  9  3    0.0   31.0   15.0
1977  9  4    0.0   30.0   13.0
1977  9  5    5.0   30.0   15.0
1977  9  6    0.0   28.0   13.0
1977  9  7    0.0   30.0   14.0
1977  9  8    0.0   31.0   15.0
1977  9  9    0.0   30.0   14.0
1977  9 10    0.0   30.0   15.0
1977  9 11    0.0   31.0   15.0
1977  9 12    0.0   28.0   16.0
1977  9 13    0.0   31.0   14.0
1977  9 14    0.0   30.0   11.0
1977  9 15    0.0   31.0   11.0
1977  9 16    0.0   25.0   15.0
1977  9 17    0.0   30.0   12.0
1977  9 18    0.0   30.0   15.0
1977  9 19    0.0   32.0   16.0
1977  9 20    0.0   30.0   18.0
1977  9 21    0.0   29.0   16.0
1977  9 22    0.0   30.0   14.0
1977  9 23    0.0   35.0   13.0
1977  9 24    0.0   30.0   14.0
1977  9 25    0.0   32.0   15.0
1977  9 26    0.0   32.0   16.0
1977  9 27    0.0   30.0   15.0
1977  9 28    0.0   28.0   15.0
1977  9 29    0.0   30.0   16.0
1977  9 30    0.0   31.0   15.0
1977 10  1  -99.9  -99.9  -99.9
1977 10  2  -99.9  -99.9  -99.9
1977 10  3  -99.9  -99.9  -99.9
1977 10  4  -99.9  -99.9  -99.9
1977 10  5  -99.9  -99.9  -99.9
1977 10  6  -99.9  -99.9  -99.9
1977 10  7  -99.9  -99.9  -99.9
1977 10  8  -99.9  -99.9  -99.9
1977 10  9  -99.9  -99.9  -99.9
1977 10 10  -99.9  -99.9  -99.9
1977 10 11  -99.9  -99.9  -99.9
1977 10 12  -99.9  -99.9  -99.9
1977 10 13  -99.9  -99.9  -99.9
1977 10 14  -99.9  -99.9  -99.9
1977 10 15  -99.9  -99.9  -99.9
1977 10 16  -99.9  -99.9  -99.9
1977 10 17  -99.9  -99.9  -99.9
1977 10 18  -99.9  -99.9  -99.9
1977 10 19  -99.9  -99.9  -99.9
1977 10 20  -99.9  -99.9  -99.9
1977 10 21  -99.9  -99.9  -99.9
1977 10 22  -99.9  -99.9  -99.9
1977 10 23  -99.9  -99.9  -99.9
1977 10 24  -99.9  -99.9  -99.9
1977 10 25  -99.9  -99.9  -99.9
1977 10 26  -99.9  -99.9  -99.9
1977 10 27  -99.9  -99.9  -99.9
1977 10 28  -99.9  -99.9  -99.9
1977 10 29  -99.9  -99.9  -99.9
1977 10 30  -99.9  -99.9  -99.9
1977 10 31  -99.9  -99.9  -99.9
1977 11  1  -99.9  -99.9  -99.9
1977 11  2  -99.9  -99.9  -99.9
1977 11  3  -99.9  -99.9  -99.9
1977 11  4  -99.9  -99.9  -99.9
1977 11  5  -99.9  -99.9  -99.9
1977 11  6  -99.9  -99.9  -99.9
1977 11  7  -99.9  -99.9  -99.9
1977 11  8  -99.9  -99.9  -99.9
1977 11  9  -99.9  -99.9  -99.9
1977 11 10  -99.9  -99.9  -99.9
1977 11 11  -99.9  -99.9  -99.9
1977 11 12  -99.9  -99.9  -99.9
1977 11 13  -99.9  -99.9  -99.9
1977 11 14  -99.9  -99.9  -99.9
1977 11 15  -99.9  -99.9  -99.9
1977 11 16  -99.9  -99.9  -99.9
1977 11 17  -99.9  -99.9  -99.9
1977 11 18  -99.9  -99.9  -99.9
1977 11 19  -99.9  -99.9  -99.9
1977 11 20  -99.9  -99.9  -99.9
1977 11 21  -99.9  -99.9  -99.9
1977 11 22  -99.9  -99.9  -99.9
1977 11 23  -99.9  -99.9  -99.9
1977 11 24  -99.9  -99.9  -99.9
1977 11 25  -99.9  -99.9  -99.9
1977 11 26  -99.9  -99.9  -99.9
1977 11 27  -99.9  -99.9  -99.9
1977 11 28  -99.9  -99.9  -99.9
1977 11 29  -99.9  -99.9  -99.9
1977 11 30  -99.9  -99.9  -99.9
1977 12  1  -99.9  -99.9  -99.9
1977 12  2  -99.9  -99.9  -99.9
1977 12  3  -99.9  -99.9  -99.9
1977 12  4  -99.9  -99.9  -99.9
1977 12  5  -99.9  -99.9  -99.9
1977 12  6  -99.9  -99.9  -99.9
1977 12  7  -99.9  -99.9  -99.9
1977 12  8  -99.9  -99.9  -99.9
1977 12  9  -99.9  -99.9  -99.9
1977 12 10  -99.9  -99.9  -99.9
1977 12 11  -99.9  -99.9  -99.9
1977 12 12  -99.9  -99.9  -99.9
1977 12 13  -99.9  -99.9  -99.9
1977 12 14  -99.9  -99.9  -99.9
1977 12 15  -99.9  -99.9  -99.9
1977 12 16  -99.9  -99.9  -99.9
1977 12 17  -99.9  -99.9  -99.9
1977 12 18  -99.9  -99.9  -99.9
1977 12 19  -99.9  -99.9  -99.9
1977 12 20  -99.9  -99.9  -99.9
1977 12 21  -99.9  -99.9  -99.9
1977 12 22  -99.9  -99.9  -99.9
1977 12 23  -99.9  -99.9  -99.9
1977 12 24  -99.9  -99.9  -99.9
1977 12 25  -99.9  -99.9  -99.9
1977 12 26  -99.9  -99.9  -99.9
1977 12 27  -99.9  -99.9  -99.9
1977 12 28  -99.9  -99.9  -99.9
1977 12 29  -99.9  -99.9  -99.9
1977 12 30  -99.9  -99.9  -99.9
1977 12 31  -99.9  -99.9  -99.9
1978  1  1  -99.9  -99.9  -99.9
1978  1  2  -99.9  -99.9  -99.9
1978  1  3  -99.9  -99.9  -99.9
1978  1  4  -99.9  -99.9  -99.9
1978  1  5  -99.9  -99.9  -99.9
1978  1  6  -99.9  -99.9  -99.9
1978  1  7  -99.9  -99.9  -99.9
1978  1  8  -99.9  -99.9  -99.9
1978  1  9  -99.9  -99.9  -99.9
1978  1 10  -99.9  -99.9  -99.9
1978  1 11  -99.9  -99.9  -99.9
1978  1 12  -99.9  -99.9  -99.9
1978  1 13  -99.9  -99.9  -99.9
1978  1 14  -99.9  -99.9  -99.9
1978  1 15  -99.9  -99.9  -99.9
1978  1 16  -99.9  -99.9  -99.9
1978  1 17  -99.9  -99.9  -99.9
1978  1 18  -99.9  -99.9  -99.9
1978  1 19  -99.9  -99.9  -99.9
1978  1 20  -99.9  -99.9  -99.9
1978  1 21  -99.9  -99.9  -99.9
1978  1 22  -99.9  -99.9  -99.9
1978  1 23  -99.9  -99.9  -99.9
1978  1 24  -99.9  -99.9  -99.9
1978  1 25  -99.9  -99.9  -99.9
1978  1 26  -99.9  -99.9  -99.9
1978  1 27  -99.9  -99.9  -99.9
1978  1 28  -99.9  -99.9  -99.9
1978  1 29  -99.9  -99.9  -99.9
1978  1 30  -99.9  -99.9  -99.9
1978  1 31  -99.9  -99.9  -99.9
1978  2  1  -99.9  -99.9  -99.9
1978  2  2  -99.9  -99.9  -99.9
1978  2  3  -99.9  -99.9  -99.9
1978  2  4  -99.9  -99.9  -99.9
1978  2  5  -99.9  -99.9  -99.9
1978  2  6  -99.9  -99.9  -99.9
1978  2  7  -99.9  -99.9  -99.9
1978  2  8  -99.9  -99.9  -99.9
1978  2  9  -99.9  -99.9  -99.9
1978  2 10  -99.9  -99.9  -99.9
1978  2 11  -99.9  -99.9  -99.9
1978  2 12  -99.9  -99.9  -99.9
1978  2 13  -99.9  -99.9  -99.9
1978  2 14  -99.9  -99.9  -99.9
1978  2 15  -99.9  -99.9  -99.9
1978  2 16  -99.9  -99.9  -99.9
1978  2 17  -99.9  -99.9  -99.9
1978  2 18  -99.9  -99.9  -99.9
1978  2 19  -99.9  -99.9  -99.9
1978  2 20  -99.9  -99.9  -99.9
1978  2 21  -99.9  -99.9  -99.9
1978  2 22  -99.9  -99.9  -99.9
1978  2 23  -99.9  -99.9  -99.9
1978  2 24  -99.9  -99.9  -99.9
1978  2 25  -99.9  -99.9  -99.9
1978  2 26  -99.9  -99.9  -99.9
1978  2 27  -99.9  -99.9  -99.9
1978  2 28  -99.9  -99.9  -99.9
1978  3  1    0.0   26.0    0.0
1978  3  2    0.0   26.0    0.0
1978  3  3    0.0   26.0   -1.0
1978  3  4    0.0   24.0    0.0
1978  3  5    0.0   21.0   -3.0
1978  3  6    0.0   23.0   -3.0
1978  3  7    0.0   23.0    3.0
1978  3  8    0.0   25.0   -1.0
1978  3  9    0.0   18.0    2.0
1978  3 10    0.0   20.0   -1.0
1978  3 11    0.0   11.0    3.0
1978  3 12    0.0   20.0   -3.5
1978  3 13    0.0   19.0    0.0
1978  3 14    0.0   20.0   -3.0
1978  3 15    0.0   20.0   -3.0
1978  3 16    0.0   25.0   -1.0
1978  3 17    0.0   23.0    1.0
1978  3 18    0.0   25.0    3.0
1978  3 19    0.0   25.0    9.0
1978  3 20    0.0   28.0   10.0
1978  3 21    0.0   21.0   10.0
1978  3 22    0.0   26.0   10.0
1978  3 23    0.0   27.0    6.0
1978  3 24    0.0   24.0    4.0
1978  3 25    0.0   24.0    5.0
1978  3 26    0.0   27.0    8.0
1978  3 27    0.0   26.0    7.0
1978  3 28    1.0   27.0    7.0
1978  3 29    5.2   26.0    9.0
1978  3 30    0.0   25.0   10.0
1978  3 31    0.0   29.0    8.0
1978  4  1    0.0   27.0   10.0
1978  4  2    0.0   30.0    9.0
1978  4  3    0.0   28.0   10.0
1978  4  4    0.0   29.0    5.0
1978  4  5    0.0   29.0   11.0
1978  4  6    0.0   29.0    4.0
1978  4  7    0.0   29.0    4.0
1978  4  8    0.0   28.0   13.0
1978  4  9    0.0   26.0    7.0
1978  4 10    0.0   18.0    7.0
1978  4 11    0.0   25.0    7.0
1978  4 12    0.0   25.0   11.0
1978  4 13    0.0   22.0    6.0
1978  4 14    0.0   30.0    7.0
1978  4 15    0.0   30.0    8.0
1978  4 16    0.0   31.0   13.0
1978  4 17    0.0   27.0   15.0
1978  4 18    0.0   29.0    8.0
1978  4 19    0.0   31.0    1.0
1978  4 20    0.0   28.0    6.0
1978  4 21    0.0   28.0   11.0
1978  4 22    0.0   28.0    9.0
1978  4 23    0.0   30.0    5.0
1978  4 24    0.0   30.0    5.0
1978  4 25    0.0   30.0    7.0
1978  4 26    0.0   32.0    8.0
1978  4 27    0.0   32.0    7.0
1978  4 28    0.0   29.0   12.0
1978  4 29    0.0   28.0   11.0
1978  4 30    0.0   28.0   10.0
1978  5  1    0.0   29.0    6.0
1978  5  2    0.0   28.0    7.0
1978  5  3    0.0   24.0    3.0
1978  5  4    0.0   30.0    7.0
1978  5  5    0.0   31.0   12.0
1978  5  6    0.0   27.0   11.0
1978  5  7    0.0   28.0   10.0
1978  5  8    0.0   26.0    6.0
1978  5  9    0.0   33.0    6.0
1978  5 10    0.0   33.0   14.0
1978  5 11    0.0   33.0   14.0
1978  5 12    1.5   32.0    8.0
1978  5 13    8.0   34.0    9.0
1978  5 14    0.0   30.0    9.0
1978  5 15    0.0   32.0   13.0
1978  5 16    0.0   32.0   12.0
1978  5 17    0.0   33.0   15.0
1978  5 18    0.0   28.0   14.0
1978  5 19    2.0   31.0   12.0
1978  5 20    1.0   31.0   11.0
1978  5 21    1.0   29.0   11.0
1978  5 22    0.0   32.0   10.0
1978  5 23    0.0   33.0   12.0
1978  5 24    0.0   30.0   12.0
1978  5 25    0.0   31.0   13.0
1978  5 26    0.0   32.0   11.0
1978  5 27    0.0   32.0   14.0
1978  5 28    0.0   31.0   10.0
1978  5 29    0.0   31.0   10.0
1978  5 30    0.0   32.0   11.0
1978  5 31    0.0   32.0   11.0
1978  6  1    2.5   30.0   12.0
1978  6  2    0.0   31.0   16.0
1978  6  3    0.0   32.0   13.0
1978  6  4    0.0   31.0   12.0
1978  6  5    0.0   29.0   13.0
1978  6  6    0.0   33.0   11.0
1978  6  7    0.0   31.0   17.0
1978  6  8    0.0   30.0   13.0
1978  6  9    0.0   32.0   11.0
1978  6 10    0.0   31.0   13.0
1978  6 11    0.0   33.0   13.0
1978  6 12    0.0   32.0   15.0
1978  6 13    0.0   35.0   15.0
1978  6 14    0.0   32.0   16.0
1978  6 15    0.0   34.0   16.0
1978  6 16    0.0   35.0   17.0
1978  6 17    0.0   36.0   17.0
1978  6 18    0.0   35.0   17.0
1978  6 19    0.0   36.0   17.0
1978  6 20    0.0   37.0   14.0
1978  6 21    0.0   35.0   17.0
1978  6 22    0.0   36.0   15.0
1978  6 23    0.0   32.0   15.0
1978  6 24    0.0   37.0   16.0
1978  6 25    0.0   37.0   18.0
1978  6 26    0.0   35.0   19.0
1978  6 27    8.0   35.0   21.0
1978  6 28   26.5   28.0   16.0
1978  6 29    0.0   25.0   15.0
1978  6 30    0.0   27.0   15.0
1978  7  1    0.0   36.0   14.0
1978  7  2    0.0   32.0   20.0
1978  7  3    8.5   32.0   16.0
1978  7  4    0.0   30.0   16.0
1978  7  5    0.0   33.0   16.0
1978  7  6    0.0   34.0   17.0
1978  7  7    0.0   34.0   17.0
1978  7  8    0.0   33.0   15.0
1978  7  9    0.0   33.0   16.0
1978  7 10    0.0   34.0   15.0
1978  7 11    0.0   33.0   18.0
1978  7 12    0.0   34.0   16.0
1978  7 13    0.0   34.0   18.0
1978  7 14    0.0   34.0   20.0
1978  7 15    0.0   33.0   17.0
1978  7 16    0.0   34.0   15.0
1978  7 17    0.0   30.0   16.0
1978  7 18    0.0   34.0   16.0
1978  7 19    0.0   34.0   15.0
1978  7 20    0.0   34.0   16.0
1978  7 21    1.5   31.0   20.0
1978  7 22    3.0   28.0   14.0
1978  7 23    0.0   28.0   17.0
1978  7 24    0.0   30.0   14.0
1978  7 25    0.0   31.0   15.0
1978  7 26    0.0   32.0   17.0
1978  7 27    3.5   27.0   19.0
1978  7 28    0.0   29.0   13.0
1978  7 29    1.5   30.0   13.0
1978  7 30    0.0   30.0   13.0
1978  7 31    0.0   30.0   14.0
1978  8  1    8.5   31.0   16.0
1978  8  2    0.0   33.0   14.0
1978  8  3    6.5   32.0   14.0
1978  8  4   50.5   23.0   16.0
1978  8  5   65.0   19.0   14.0
1978  8  6   15.5   21.0   14.0
1978  8  7    0.5   22.0   14.0
1978  8  8    0.0   25.0   12.0
1978  8  9    6.5   25.0   12.0
1978  8 10    1.5   23.0   12.0
1978  8 11    0.0   27.0   13.0
1978  8 12    0.0   28.0   15.0
1978  8 13   10.5   29.0   16.0
1978  8 14    0.0   28.0   16.0
1978  8 15    0.0   29.0   13.0
1978  8 16    0.0   32.0   14.0
1978  8 17    0.0   32.0   14.0
1978  8 18    0.0   32.0   14.0
1978  8 19    0.0   25.0   17.0
1978  8 20    0.0   28.0   17.0
1978  8 21    0.0   39.0   13.0
1978  8 22    0.0   29.0   14.0
1978  8 23    9.5   30.0   13.0
1978  8 24   21.5   30.0   14.0
1978  8 25    0.0   31.0   18.0
1978  8 26    1.0   26.0   15.0
1978  8 27    1.5   27.0   13.0
1978  8 28    6.5   29.0   13.0
1978  8 29   20.5   27.0   15.0
1978  8 30    1.5   30.0   12.0
1978  8 31    0.0   29.0   14.0
1978  9  1    0.5   24.0   15.0
1978  9  2    0.0   29.0   16.0
1978  9  3    1.5   28.0   14.0
1978  9  4   25.5   26.0   16.0
1978  9  5   15.5   30.0   15.0
1978  9  6   25.5   24.0   13.0
1978  9  7    0.5   24.0   13.0
1978  9  8    0.0   28.0   13.0
1978  9  9    0.0   25.0   12.0
1978  9 10    0.5   25.0   13.0
1978  9 11    5.0   29.0   14.0
1978  9 12    8.0   21.0   15.0
1978  9 13   15.0   22.0   14.0
1978  9 14   20.0   26.0   13.0
1978  9 15    1.0   24.0   13.0
1978  9 16    0.0   27.0   13.0
1978  9 17    0.0   28.0   14.0
1978  9 18    0.0   29.0   13.0
1978  9 19    1.0   26.0   12.0
1978  9 20   15.0   25.0   13.0
1978  9 21   40.0   20.0   14.0
1978  9 22    3.0   26.0   11.0
1978  9 23   25.0   16.0   13.0
1978  9 24   60.0   20.0   11.0
1978  9 25   50.0   17.0   12.0
1978  9 26   10.0   16.0   13.0
1978  9 27    1.0   16.0   13.0
1978  9 28    1.0   20.0    9.0
1978  9 29    1.0   22.0    7.0
1978  9 30    0.0   21.0    7.0
1978 10  1    0.0   23.0    7.0
1978 10  2    1.0   26.0    7.0
1978 10  3    0.0   26.0    8.0
1978 10  4    0.0   26.0    8.0
1978 10  5    2.0   26.0    9.0
1978 10  6    8.0   16.0   14.0
1978 10  7    2.0   22.0   13.0
1978 10  8    0.0   25.0    8.0
1978 10  9    0.0   26.0    8.0
1978 10 10    0.0   28.0    8.0
1978 10 11    0.0   27.0   11.0
1978 10 12    0.0   27.0    6.0
1978 10 13    0.0   26.0    6.0
1978 10 14    0.0   24.0    5.0
1978 10 15    0.0   25.0    5.0
1978 10 16    0.0   24.0    3.0
1978 10 17    0.0   32.0    6.0
1978 10 18    1.0   24.0    7.0
1978 10 19    0.0   23.0    8.0
1978 10 20    1.0   22.0    8.0
1978 10 21    0.0   23.0   13.0
1978 10 22   10.0   26.0    7.0
1978 10 23   25.0   19.0   12.0
1978 10 24   13.0   19.0    7.0
1978 10 25    0.0   22.0    8.0
1978 10 26    9.0   11.0    6.0
1978 10 27    2.0   14.0    6.0
1978 10 28    1.0   17.0    7.0
1978 10 29    0.0   20.0    2.0
1978 10 30    2.0   25.0    4.0
1978 10 31    0.0   17.0    8.0
1978 11  1    1.0   22.0    6.0
1978 11  2    2.0   23.0    7.0
1978 11  3    1.0   27.0    8.0
1978 11  4    2.0   17.0    1.0
1978 11  5    0.0   19.0    4.0
1978 11  6    1.0   21.0    3.0
1978 11  7    1.0   20.0    2.0
1978 11  8    0.0   23.0    1.0
1978 11  9    0.0   24.0    3.0
1978 11 10    0.0   24.0    4.0
1978 11 11    0.0   24.0    6.0
1978 11 12    0.0   31.0    9.0
1978 11 13    0.0   26.0    1.0
1978 11 14    0.0   26.0    9.0
1978 11 15    0.0   25.0    8.0
1978 11 16    1.0   12.0    2.0
1978 11 17    0.0   20.0    2.0
1978 11 18    0.0   26.0    2.0
1978 11 19    0.0   20.0   -1.0
1978 11 20    0.0   21.0   -2.0
1978 11 21    0.0   26.0    6.0
1978 11 22    0.0   25.0   11.0
1978 11 23    0.0   26.0   10.0
1978 11 24    0.0   25.0    4.0
1978 11 25    0.0   22.0    6.0
1978 11 26    0.0   21.0    0.0
1978 11 27    3.0   14.0   -3.0
1978 11 28    0.0   12.0    0.0
1978 11 29    0.0   18.0   -5.0
1978 11 30    0.0   19.0   -2.0
1978 12  1    0.0   25.0   -3.0
1978 12  2    0.0   23.0   -2.0
1978 12  3    0.0   21.0    5.0
1978 12  4    0.0   21.0   -7.0
1978 12  5    0.0   24.0   -7.0
1978 12  6    0.0   20.0   -3.0
1978 12  7    0.0   15.0    2.0
1978 12  8    0.0    2.0   -6.0
1978 12  9    0.0    6.0  -11.0
1978 12 10    0.0   10.0  -10.0
1978 12 11    0.0   12.0  -12.0
1978 12 12    0.0   18.0   -6.0
1978 12 13    8.0   19.0   -1.0
1978 12 14    1.0   18.0    2.0
1978 12 15    0.0   22.0    1.0
1978 12 16    0.0   20.0    4.0
1978 12 17    0.0   21.0    5.0
1978 12 18    0.0   26.0    4.0
1978 12 19    0.0   22.0    4.0
1978 12 20    0.0   22.0    7.0
1978 12 21    0.0   18.0    7.0
1978 12 22    0.0   17.0    6.0
1978 12 23    0.0   19.0    1.0
1978 12 24    0.0   17.0    6.0
1978 12 25    0.0   12.0   -7.0
1978 12 26    0.0   12.0   -5.0
1978 12 27    0.0   18.0   -5.0
1978 12 28    0.0   18.0   -2.0
1978 12 29    0.0   14.0    7.0
1978 12 30    2.0   15.0    6.0
1978 12 31    0.0   16.0   -1.0
1979  1  1    0.0   15.0   -5.0
1979  1  2    0.0    8.0   -9.0
1979  1  3    0.0   12.0   -6.0
1979  1  4    0.0   22.0   -5.0
1979  1  5    0.0   19.0   -1.0
1979  1  6    0.0   18.0   -3.0
1979  1  7    0.0   11.0   -2.0
1979  1  8    0.0   13.0   -1.0
1979  1  9    0.0   20.0  -10.0
1979  1 10    0.0   12.0   -9.0
1979  1 11    0.0   11.0   -7.0
1979  1 12    0.0   20.0   -5.0
1979  1 13    0.0   15.0   -3.0
1979  1 14    0.0   14.0   -6.0
1979  1 15    0.0   19.0   -1.0
1979  1 16    0.0   19.0   -1.0
1979  1 17    1.0   15.0   -1.0
1979  1 18    0.0   21.0   -1.0
1979  1 19    0.0   17.0    0.0
1979  1 20    0.0   11.0   -1.0
1979  1 21    0.0   11.0   -8.0
1979  1 22    0.0   14.0   -3.0
1979  1 23    2.0   18.0   -1.0
1979  1 24    0.0   18.0   -1.0
1979  1 25    0.0   13.0   -1.0
1979  1 26    0.0   17.0    0.0
1979  1 27    0.0   11.0   -3.0
1979  1 28    0.0   17.0   -4.0
1979  1 29    0.0   16.0   -4.0
1979  1 30    0.0    9.0   -4.0
1979  1 31    0.0   15.0   -5.0
1979  2  1    0.0   15.0   -5.0
1979  2  2    0.0   16.0   -2.0
1979  2  3    2.0   16.0    1.0
1979  2  4    1.0   18.0    1.0
1979  2  5    0.0   14.0    2.0
1979  2  6    0.0   12.0   -4.0
1979  2  7    0.0   19.0   -2.0
1979  2  8    0.0   19.0   -1.0
1979  2  9    0.0   18.0   -5.0
1979  2 10    0.0   16.0   -3.0
1979  2 11    0.0   15.0    2.0
1979  2 12    0.0   22.0    1.0
1979  2 13    0.0   24.0    1.0
1979  2 14    0.0   27.0    3.0
1979  2 15    0.0   23.0    5.0
1979  2 16    0.0   21.0    2.0
1979  2 17    0.0   19.0    5.0
1979  2 18    0.0   19.0    3.0
1979  2 19    0.0   23.0    1.0
1979  2 20    0.0   22.0    1.0
1979  2 21    0.0   21.0    5.0
1979  2 22    0.0   21.0    6.0
1979  2 23    0.0   21.0    1.0
1979  2 24    0.0   22.0    4.0
1979  2 25    0.0   21.0    5.0
1979  2 26    0.0   22.0   -0.5
1979  2 27    0.0   23.0   -2.0
1979  2 28    0.0   22.0   -4.0
1979  3  1    0.0   22.0   -1.0
1979  3  2    0.0   12.0    6.0
1979  3  3    0.0   11.0    2.0
1979  3  4    0.0   18.0   -4.0
1979  3  5    0.0   18.0   -2.0
1979  3  6    0.0   19.0   -3.0
1979  3  7    0.0   27.0   -3.0
1979  3  8    1.0   23.0    3.0
1979  3  9    4.0   14.0    8.0
1979  3 10    0.0   22.0    6.0
1979  3 11    0.0   22.0    4.0
1979  3 12    0.0   26.0    6.0
1979  3 13    0.0   26.0    5.0
1979  3 14    0.0   26.0    5.0
1979  3 15    0.0   27.0    7.0
1979  3 16    0.0   24.0    9.0
1979  3 17    0.0   21.0    1.0
1979  3 18    0.0   23.0    1.0
1979  3 19    0.0   25.0    4.0
1979  3 20    0.0   25.0    5.0
1979  3 21    0.0   23.0   10.0
1979  3 22    0.0   12.0    2.0
1979  3 23    0.0   18.0    7.0
1979  3 24    0.0   19.0    2.0
1979  3 25    0.0   20.0    3.0
1979  3 26    0.0   19.0    1.0
1979  3 27    0.0   25.0    2.0
1979  3 28    0.0   28.0    4.0
1979  3 29    0.0   26.0    7.0
1979  3 30    0.0   22.0    1.0
1979  3 31    0.0   23.0    1.0
1979  4  1    0.0   23.0    1.0
1979  4  2    0.0   20.0    1.0
1979  4  3    0.0   21.0    3.0
1979  4  4    0.0   21.0    2.0
1979  4  5    0.0   23.0    1.0
1979  4  6    0.0   29.0    2.0
1979  4  7    0.0   24.0    6.0
1979  4  8    0.0   28.0    9.0
1979  4  9    0.0   25.0    9.0
1979  4 10    0.0   21.0   10.0
1979  4 11    0.0   24.0    9.0
1979  4 12    0.0   23.0    2.0
1979  4 13    0.0   23.0    2.0
1979  4 14    0.0   24.0    4.0
1979  4 15    0.0   29.0    6.0
1979  4 16    0.0   26.0    9.0
1979  4 17    0.0   29.0    6.0
1979  4 18    0.0   29.0   11.0
1979  4 19    0.0   29.0   11.0
1979  4 20    0.0   21.0    6.0
1979  4 21    0.0   19.0    9.0
1979  4 22    0.0   24.0    6.0
1979  4 23    0.0   25.0    8.0
1979  4 24    0.0   20.0   10.0
1979  4 25    0.0   28.0    9.0
1979  4 26    0.0   29.0    9.0
1979  4 27    0.0   29.0    8.0
1979  4 28    0.0   31.0    7.0
1979  4 29    0.0   30.0   11.0
1979  4 30    0.0   31.0    7.0
1979  5  1    0.0   32.0   14.0
1979  5  2    0.0   31.0   10.0
1979  5  3    0.0   31.0   13.0
1979  5  4    0.0   21.0    4.0
1979  5  5    0.0   26.0    2.0
1979  5  6    0.0   31.0    5.0
1979  5  7    0.0   31.0    5.0
1979  5  8    0.0   33.0   12.0
1979  5  9    0.0   22.1   13.0
1979  5 10    0.0   22.0    6.0
1979  5 11    0.0   23.0    2.0
1979  5 12    0.0   25.0    8.0
1979  5 13    0.0   26.0    6.0
1979  5 14    0.0   27.0    8.0
1979  5 15    5.0   26.0   10.0
1979  5 16    1.0   27.0   10.0
1979  5 17    0.0   26.0   10.0
1979  5 18    4.0   20.1   13.0
1979  5 19    0.0   23.0    7.0
1979  5 20    0.0   22.0    4.0
1979  5 21    0.0   19.0    9.0
1979  5 22    0.0   26.0   10.0
1979  5 23    0.0   23.0   12.0
1979  5 24    0.0   27.0   10.0
1979  5 25    0.0   22.0    7.0
1979  5 26    0.0   30.0   17.0
1979  5 27    0.0   29.0    7.0
1979  5 28    0.0   30.0    8.0
1979  5 29    0.0   31.0   13.0
1979  5 30    0.0   31.0   14.0
1979  5 31    0.0   31.0   10.0
1979  6  1    0.0   32.0   10.0
1979  6  2    0.0   27.0    9.0
1979  6  3   14.0   25.0   16.0
1979  6  4   14.5   22.0   13.0
1979  6  5    0.0   27.0   15.0
1979  6  6    0.0   28.0   12.0
1979  6  7    0.0   29.0   11.0
1979  6  8    0.0   29.0   13.0
1979  6  9    5.0   29.0   13.0
1979  6 10    2.0   29.0   13.0
1979  6 11    0.0   25.0   11.0
1979  6 12    0.0   25.0   10.0
1979  6 13    0.0   29.0    8.0
1979  6 14    0.0   31.0    9.0
1979  6 15    0.0   33.0   10.0
1979  6 16    0.0   34.0   14.0
1979  6 17    0.0   35.0   17.0
1979  6 18    0.0   35.0   18.0
1979  6 19    0.0   29.0   12.0
1979  6 20    0.0   35.0   13.0
1979  6 21    0.0   35.0   12.0
1979  6 22    0.0   36.0   15.0
1979  6 23    0.0   34.0   16.0
1979  6 24    0.0   34.0   17.0
1979  6 25    0.0   30.0   13.0
1979  6 26    0.0   31.0   12.0
1979  6 27    0.0   32.0   14.0
1979  6 28    0.0   32.0   16.0
1979  6 29    0.0   32.0   15.0
1979  6 30    0.0   31.0   14.0
1979  7  1    0.0   30.0   17.0
1979  7  2   23.0   32.0   15.0
1979  7  3    9.0   29.0   19.0
1979  7  4    0.0   28.0   15.0
1979  7  5    0.0   31.0   14.0
1979  7  6    0.0   33.0   15.0
1979  7  7    0.0   32.0   16.0
1979  7  8    0.0   28.0   17.0
1979  7  9    0.0   35.0   15.0
1979  7 10    0.0   36.0   16.0
1979  7 11    0.0   37.0   16.0
1979  7 12    0.0   37.0   14.0
1979  7 13    0.0   34.0   17.0
1979  7 14    0.0   34.0   16.0
1979  7 15    0.0   33.0   15.0
1979  7 16    0.0   32.0   17.0
1979  7 17    8.0   29.0   17.0
1979  7 18   24.0   26.0   16.0
1979  7 19   62.0   26.0   16.0
1979  7 20   28.0   25.0   15.0
1979  7 21    2.0   28.0   15.0
1979  7 22    1.0   29.0   16.0
1979  7 23    1.0   31.0   16.0
1979  7 24    0.0   32.0   17.0
1979  7 25    0.0   33.0   17.0
1979  7 26    0.0   32.0   16.0
1979  7 27    0.0   29.0   15.0
1979  7 28    0.0   31.0   14.0
1979  7 29    0.0   32.0   16.0
1979  7 30    0.0   32.0   16.0
1979  7 31    0.0   31.0   16.0
1979  8  1    1.0   31.0   17.0
1979  8  2    0.0   30.0   15.0
1979  8  3   12.0   29.0   14.0
1979  8  4    1.0   26.0   16.0
1979  8  5    1.0   27.0   16.0
1979  8  6    3.0   21.0   16.0
1979  8  7    0.0   26.0   12.0
1979  8  8   14.0   28.0   13.0
1979  8  9    0.0   29.0   12.0
1979  8 10    0.0   28.0   12.0
1979  8 11   17.0   27.0   16.0
1979  8 12   12.0   28.0   17.0
1979  8 13   12.0   27.0   15.0
1979  8 14   20.0   23.0   15.0
1979  8 15   11.0   23.0   15.0
1979  8 16    8.0   21.0   15.0
1979  8 17    9.0   25.0   14.0
1979  8 18    9.0   24.0   13.0
1979  8 19    1.0   25.0   14.0
1979  8 20    1.0   31.0   11.0
1979  8 21    3.0   29.0   13.0
1979  8 22    1.0   30.0   14.0
1979  8 23    0.0   29.0   13.0
1979  8 24    0.0   29.0   11.0
1979  8 25    0.0   29.0   17.0
1979  8 26    0.0   30.0   11.0
1979  8 27    0.0   29.0   11.0
1979  8 28    0.0   30.0   12.0
1979  8 29    0.0   30.0   11.0
1979  8 30    0.0   29.1   11.0
1979  8 31    0.0   28.0   11.0
1979  9  1    0.0   29.0   14.0
1979  9  2    1.0   31.0   16.0
1979  9  3    0.0   27.0   11.0
1979  9  4    0.0   31.0   12.0
1979  9  5    2.0   32.0   11.0
1979  9  6    0.0   31.0   14.0
1979  9  7    0.0   30.0   10.0
1979  9  8    0.0   31.0   11.0
1979  9  9    0.0   28.0   10.0
1979  9 10    0.0   26.0   11.0
1979  9 11    0.0   27.0   10.0
1979  9 12    0.0   27.0    8.0
1979  9 13    0.0   26.0    9.0
1979  9 14    8.0   27.0   10.0
1979  9 15   45.0   14.0   12.0
1979  9 16    3.0   12.0    8.0
1979  9 17    0.0   18.0    9.0
1979  9 18    0.0   21.0   11.0
1979  9 19    0.0   23.0    6.0
1979  9 20    0.0   21.0    8.0
1979  9 21    1.0   25.0    9.0
1979  9 22    0.0   27.0   10.0
1979  9 23    1.0   26.0   13.0
1979  9 24    1.0   26.0   13.0
1979  9 25    0.0   25.0    6.0
1979  9 26    0.0   27.0    6.0
1979  9 27    0.0   27.0    6.0
1979  9 28    0.0   27.0    7.0
1979  9 29    0.0   27.0    8.0
1979  9 30    0.0   28.0   11.0
1979 10  1    0.0   29.0    7.0
1979 10  2    0.0   28.0   12.0
1979 10  3    0.0   30.0   13.0
1979 10  4    0.0   24.0    8.0
1979 10  5    0.0   29.0    9.0
1979 10  6    0.0   29.0    6.0
1979 10  7    0.0   31.0    6.0
1979 10  8    0.0   31.0    7.0
1979 10  9    0.0   29.0    9.0
1979 10 10    0.0   28.0    4.0
1979 10 11    0.0   29.0    7.0
1979 10 12    0.0   31.0    4.0
1979 10 13    0.0   28.0    5.0
1979 10 14    0.0   31.0    7.0
1979 10 15    0.0   29.0    6.0
1979 10 16    0.0   29.0    5.0
1979 10 17    0.0   31.0    7.0
1979 10 18    0.0   30.0    9.0
1979 10 19    0.0   30.0    7.0
1979 10 20    0.0   29.0    6.0
1979 10 21    0.0   29.0    8.0
1979 10 22    0.0   22.0    1.0
1979 10 23    0.0   25.0    1.0
1979 10 24    0.0   28.0    3.0
1979 10 25    0.0   32.0    4.0
1979 10 26    0.0   28.0    4.0
1979 10 27    0.0   28.0    5.0
1979 10 28    0.0   27.0    3.0
1979 10 29    0.0   28.0    6.0
1979 10 30    0.0   18.0    9.0
1979 10 31    0.0   20.0   -1.0
1979 11  1    0.0   25.0   -2.0
1979 11  2    0.0   21.0   -2.0
1979 11  3    0.0   24.0    1.0
1979 11  4    0.0   27.0    2.0
1979 11  5    0.0   26.0    3.0
1979 11  6    0.0   23.0    2.0
1979 11  7    0.0   24.0    4.0
1979 11  8    0.0   27.0    7.0
1979 11  9    0.0   11.0    3.0
1979 11 10    0.0   11.0    2.0
1979 11 11    0.0    6.0   -2.0
1979 11 12    0.0   11.0   -4.0
1979 11 13    0.0   18.0   -6.0
1979 11 14    0.0   20.0   -4.0
1979 11 15    7.5   12.0    1.0
1979 11 16    0.0   17.0   -1.0
1979 11 17    0.0   19.0    4.0
1979 11 18    0.0   22.0    5.0
1979 11 19    0.0   20.0    4.0
1979 11 20    0.0   20.0    4.0
1979 11 21    0.0   13.0   -9.0
1979 11 22    0.0    7.0   -9.0
1979 11 23    0.0   18.0  -12.0
1979 11 24    0.0    7.0   -4.0
1979 11 25    0.0   22.0  -11.0
1979 11 26    0.0   26.0   -6.0
1979 11 27    0.0   24.0    2.0
1979 11 28    0.0    7.0   -2.0
1979 11 29    0.0   18.0  -11.0
1979 11 30    0.0   12.0   -8.0
1979 12  1    0.0   10.0   -9.0
1979 12  2    0.0   13.0   -9.0
1979 12  3    0.0   15.0   -7.0
1979 12  4    0.0   16.0   -6.0
1979 12  5    0.0   22.0   -4.0
1979 12  6    0.0   21.0   -5.0
1979 12  7    0.0   22.0   -4.0
1979 12  8    0.0   23.0   -2.0
1979 12  9    0.0   24.0   -1.0
1979 12 10    0.0   25.0    1.0
1979 12 11    0.0   23.0    3.0
1979 12 12    1.0   20.0    6.0
1979 12 13    0.0   18.0    4.0
1979 12 14    0.0   11.0    1.0
1979 12 15    0.0   13.0   -6.0
1979 12 16    0.0   11.0   -5.0
1979 12 17    0.0   15.0   -9.0
1979 12 18    1.0   17.0   -6.0
1979 12 19    0.0   19.0   -2.0
1979 12 20    1.0   20.0   -1.0
1979 12 21    0.0   20.0    4.0
1979 12 22    0.0   22.0    2.0
1979 12 23    0.0   18.0   -2.0
1979 12 24    0.0   12.0   -5.0
1979 12 25    0.0   24.0   -6.0
1979 12 26    0.0   25.0   -1.0
1979 12 27    0.0   21.0    4.0
1979 12 28    0.0   17.0   -3.0
1979 12 29    0.0    9.0   -7.0
1979 12 30    0.0   10.0   -6.0
1979 12 31    0.0   14.0   -5.0
1980  1  1    0.0   22.0   -6.0
1980  1  2    0.0   21.0   -5.0
1980  1  3    0.0   13.0   -5.0
1980  1  4    0.0   18.0   -4.0
1980  1  5    0.0   20.0   -5.0
1980  1  6    0.0   19.0   -3.0
1980  1  7    0.0   20.0   -3.0
1980  1  8    0.0   21.0   -3.0
1980  1  9    0.0   22.0   -2.0
1980  1 10    0.0   18.0   -2.0
1980  1 11    0.0   12.0    1.0
1980  1 12    0.0   20.0   -3.0
1980  1 13    0.0   20.0   -1.0
1980  1 14    0.0   23.0    1.0
1980  1 15    0.0   22.0    3.0
1980  1 16    0.0   19.5   -2.0
1980  1 17    0.0   21.0   -1.0
1980  1 18    0.0   24.0    1.0
1980  1 19    0.0   20.0    1.0
1980  1 20    0.0   22.0    1.0
1980  1 21    0.0   21.0   -3.0
1980  1 22    0.0   22.0   -4.5
1980  1 23    0.0   10.0   -9.0
1980  1 24    0.0   13.0   -9.0
1980  1 25    0.0   19.0   -5.0
1980  1 26    0.0   19.0   -1.0
1980  1 27    0.0   17.0   -3.0
1980  1 28    0.0   20.0   -1.0
1980  1 29    0.0   24.0   -1.0
1980  1 30    0.0   19.0    2.0
1980  1 31    0.0   18.0    5.0
1980  2  1    3.0   11.0    1.0
1980  2  2    0.0   12.0   -3.0
1980  2  3    0.0   21.0   -2.0
1980  2  4    0.0   24.0   -2.0
1980  2  5    0.0   21.0   -2.0
1980  2  6    0.0   20.0   -3.0
1980  2  7    0.0   22.0   -2.0
1980  2  8    0.0   20.0   -2.0
1980  2  9    0.0   20.0   -3.0
1980  2 10    0.0   10.0   -5.0
1980  2 11    0.0   13.0   -2.0
1980  2 12    0.0   15.0   -6.0
1980  2 13    0.0   12.0   -2.0
1980  2 14    0.0   18.0   -6.0
1980  2 15    0.0   19.0   -1.0
1980  2 16    0.0   21.0   -1.0
1980  2 17    0.0   26.0   -1.0
1980  2 18    0.0   25.0   -5.0
1980  2 19    0.0   21.0    5.0
1980  2 20    0.0   22.0   -1.0
1980  2 21    0.0   21.0   -1.0
1980  2 22    0.0   22.0   -1.0
1980  2 23    0.0   20.0   -2.0
1980  2 24    0.0   19.0   -2.0
1980  2 25    0.0   21.0   -1.0
1980  2 26    0.0   23.0    1.0
1980  2 27    0.0   23.0    1.0
1980  2 28    0.0   22.0    5.0
1980  2 29    0.0   21.0    4.0
1980  3  1    0.0   19.0    5.0
1980  3  2    0.0   22.0   -1.0
1980  3  3    0.0   22.0   -2.0
1980  3  4    0.0   24.0   -2.0
1980  3  5    0.0   25.0   -3.0
1980  3  6    0.0   21.0    2.0
1980  3  7    0.0   24.0    4.0
1980  3  8    0.0   23.0    5.0
1980  3  9    0.0   22.0    9.0
1980  3 10    0.0   23.0    9.0
1980  3 11    0.0   24.0    5.0
1980  3 12    0.0   22.0    4.0
1980  3 13    0.0   20.0    1.0
1980  3 14    0.0   21.0    3.0
1980  3 15    0.0   24.0    3.0
1980  3 16    0.0   19.0    5.0
1980  3 17    0.0   12.0   -1.0
1980  3 18    0.0   21.0   -1.0
1980  3 19    0.0   19.0    5.0
1980  3 20    0.0   20.0    4.0
1980  3 21    0.0   22.0   -1.0
1980  3 22    0.0   22.0    3.0
1980  3 23    0.0   20.0    6.0
1980  3 24    0.0   14.0   -1.0
1980  3 25    0.0   22.0   -1.0
1980  3 26    0.0   22.0    1.0
1980  3 27    0.0   20.0    1.0
1980  3 28    0.0   20.0    4.0
1980  3 29    0.0   12.0   -3.0
1980  3 30    0.0   19.0   -2.0
1980  3 31    0.0   24.0    1.0
1980  4  1    0.0   22.0    2.0
1980  4  2    0.0   23.0    1.0
1980  4  3    0.0   23.0    2.0
1980  4  4    0.0   24.0    1.0
1980  4  5    0.0   22.0    4.0
1980  4  6    0.0   29.0    5.0
1980  4  7    0.0   30.0    7.0
1980  4  8    0.0   20.0    2.0
1980  4  9    0.0   24.0    2.0
1980  4 10    0.0   31.0    2.0
1980  4 11    0.0   28.0    9.0
1980  4 12    0.0   17.0    4.0
1980  4 13    0.0   27.0   -3.0
1980  4 14    0.0   25.0   -5.0
1980  4 15    0.0   23.0   -5.0
1980  4 16    0.0   22.0   -1.0
1980  4 17    0.0   21.0    1.0
1980  4 18    0.0   21.0    4.0
1980  4 19    0.0   27.0    6.0
1980  4 20    0.0   26.0    8.0
1980  4 21    0.0   24.0    7.0
1980  4 22    0.0   28.0   11.0
1980  4 23    0.0   28.0    9.0
1980  4 24    0.0   25.0   11.0
1980  4 25    0.0   26.0    3.0
1980  4 26    0.0   26.0    3.0
1980  4 27    0.0   24.0    8.0
1980  4 28    0.0   29.0    5.0
1980  4 29    0.0   31.0   12.0
1980  4 30    0.0   24.0   12.0
1980  5  1    0.0   29.0    2.0
1980  5  2    0.0   28.0    5.0
1980  5  3    0.0   28.0    5.0
1980  5  4    0.0   27.0    5.0
1980  5  5    0.0   29.0    7.0
1980  5  6    0.0   30.0    6.0
1980  5  7    0.0   31.0   11.0
1980  5  8    0.0   31.0   11.0
1980  5  9    0.0   31.0   13.0
1980  5 10    0.0   29.0   13.0
1980  5 11    0.0   31.0    5.0
1980  5 12    0.0   31.0   10.0
1980  5 13    0.0   31.0   10.0
1980  5 14    0.0   31.0   11.0
1980  5 15    0.0   32.0   10.0
1980  5 16    0.0   27.0    5.0
1980  5 17    0.0   32.0    5.0
1980  5 18    0.0   31.0    9.0
1980  5 19    0.0   29.0   11.0
1980  5 20    0.0   31.0   12.0
1980  5 21    0.0   29.0   11.0
1980  5 22    0.0   34.0   11.0
1980  5 23    0.0   32.0   16.0
1980  5 24    0.0   32.0   10.0
1980  5 25    0.0   33.0    9.0
1980  5 26    1.0   33.0   13.0
1980  5 27    0.0   34.0   12.0
1980  5 28    0.0   32.0   12.0
1980  5 29    0.0   35.0   10.0
1980  5 30    0.0   34.0   11.0
1980  5 31    0.0   33.0   11.0
1980  6  1    0.0   34.0   11.0
1980  6  2    0.0   35.0   14.0
1980  6  3    0.0   35.0   15.0
1980  6  4    0.0   36.0   14.0
1980  6  5    0.0   36.0   14.0
1980  6  6    0.0   36.0   15.0
1980  6  7   11.0   33.0   20.0
1980  6  8    0.0   33.0   16.0
1980  6  9    1.0   31.0   14.0
1980  6 10    0.0   33.0   15.0
1980  6 11    0.0   35.0   18.0
1980  6 12    0.0   35.0   19.0
1980  6 13    0.0   35.0   15.0
1980  6 14    0.0   36.0   18.0
1980  6 15    0.0   35.0   14.0
1980  6 16    0.0   35.0   15.0
1980  6 17    0.0   35.0   15.0
1980  6 18    0.0   35.0   18.0
1980  6 19    0.0   36.0   15.0
1980  6 20    0.0   36.0   16.0
1980  6 21    0.0   35.0   18.0
1980  6 22    0.0   34.0   15.0
1980  6 23    0.0   35.0   16.0
1980  6 24    0.0   35.0   18.0
1980  6 25    0.0   35.0   16.0
1980  6 26    0.0   35.0   18.0
1980  6 27    0.0   34.0   15.0
1980  6 28    0.0   35.0   17.0
1980  6 29    1.0   33.0   16.0
1980  6 30    3.0   35.0   16.0
1980  7  1    2.0   33.0   17.0
1980  7  2    1.0   34.0   15.0
1980  7  3    0.0   34.0   17.0
1980  7  4    0.0   34.0   15.0
1980  7  5    0.0   34.0   17.0
1980  7  6    0.0   33.0   18.0
1980  7  7    0.0   33.0   19.0
1980  7  8    0.0   34.0   19.0
1980  7  9    8.5   34.0   18.0
1980  7 10    0.0   31.0   17.0
1980  7 11    0.0   32.0   15.0
1980  7 12    0.0   31.0   15.0
1980  7 13    0.0   32.0   15.0
1980  7 14    3.0   33.0   16.0
1980  7 15    4.0   34.0   19.0
1980  7 16    0.0   34.0   18.0
1980  7 17    0.0   33.0   18.0
1980  7 18    0.0   33.0   19.0
1980  7 19    0.0   33.0   18.0
1980  7 20    0.0   34.0   16.0
1980  7 21    0.0   32.0   12.0
1980  7 22    1.0   33.0   16.0
1980  7 23    0.0   32.0   12.0
1980  7 24    0.0   32.0   16.0
1980  7 25    0.0   33.0   14.0
1980  7 26    0.0   33.0   19.0
1980  7 27    0.0   32.0   16.0
1980  7 28    0.0   32.0   16.0
1980  7 29    0.0   33.0   16.0
1980  7 30    0.0   35.0   15.0
1980  7 31    0.0   34.0   17.0
1980  8  1    0.0   35.0   14.0
1980  8  2    0.0   34.0   15.0
1980  8  3    0.0   32.0   13.0
1980  8  4    0.0   34.0   12.0
1980  8  5    7.0   33.0   15.0
1980  8  6    0.0   35.0   15.0
1980  8  7    0.0   31.0   15.0
1980  8  8    0.0   31.0   15.0
1980  8  9    0.0   32.0   15.0
1980  8 10    0.0   31.0   20.0
1980  8 11    4.0   25.0   16.0
1980  8 12   22.0   25.0   15.0
1980  8 13   55.0   30.0   15.0
1980  8 14    6.0   27.0   17.0
1980  8 15    3.0   25.0   16.0
1980  8 16    1.0   27.0   17.0
1980  8 17    2.0   27.0   17.0
1980  8 18    2.0   27.0   17.0
1980  8 19    1.0   27.0   16.0
1980  8 20    2.0   28.0   15.0
1980  8 21    1.0   28.0   17.0
1980  8 22    1.0   27.0   15.0
1980  8 23   20.0   29.0   15.0
1980  8 24    3.0   27.0   12.0
1980  8 25    2.0   27.0   14.0
1980  8 26    0.0   22.0   15.0
1980  8 27    0.0   22.0   15.0
1980  8 28    1.0   22.0   15.0
1980  8 29    1.0   22.0   14.0
1980  8 30    0.0   22.0   15.0
1980  8 31    0.0   23.0   15.0
1980  9  1    0.0   27.0   15.0
1980  9  2    1.0   29.0   14.0
1980  9  3    6.0   25.0   17.0
1980  9  4   23.0   21.0   15.0
1980  9  5    0.0   25.0   15.0
1980  9  6    7.0   23.0   16.0
1980  9  7    4.0   23.0   15.0
1980  9  8    8.0   26.0   15.0
1980  9  9    2.0   21.0   15.0
1980  9 10    0.0   21.0   15.0
1980  9 11   28.0   21.0   16.0
1980  9 12   28.0   22.0   15.0
1980  9 13    0.0   22.0   14.0
1980  9 14    0.0   21.0   15.0
1980  9 15    1.0   27.0   14.0
1980  9 16    1.0   29.0   12.0
1980  9 17    1.0   30.0   11.0
1980  9 18    1.0   31.0   10.0
1980  9 19    0.0   30.0   14.0
1980  9 20    0.0   30.0   10.0
1980  9 21    0.0   30.0   12.0
1980  9 22    0.0   30.0   10.0
1980  9 23    0.0   27.0   10.0
1980  9 24   19.0   24.0   14.0
1980  9 25   12.0   18.0   12.0
1980  9 26   18.0   19.0   15.0
1980  9 27   34.0   29.0   15.0
1980  9 28    8.0   20.0   14.0
1980  9 29    1.0   26.0   14.0
1980  9 30    1.0   25.0   12.0
1980 10  1    1.0   26.0    7.0
1980 10  2    1.0   26.0    7.0
1980 10  3    1.0   25.0    8.0
1980 10  4    0.5   27.0    8.0
1980 10  5    0.0   27.0    7.0
1980 10  6    0.0   24.0    8.0
1980 10  7    2.0   20.0    7.0
1980 10  8    0.0   20.0    5.0
1980 10  9    0.0   24.0    5.0
1980 10 10   10.0   23.0    7.0
1980 10 11    1.0   17.0    9.0
1980 10 12    0.0   23.0    7.0
1980 10 13    0.0   25.0    9.0
1980 10 14    0.0   25.0    8.0
1980 10 15    0.0   25.0   10.0
1980 10 16    0.0   25.0    4.0
1980 10 17    0.0   25.0    4.0
1980 10 18    0.0   22.0    7.0
1980 10 19    5.0   21.0    8.0
1980 10 20    2.0   22.0    8.0
1980 10 21    1.0   22.0    9.0
1980 10 22    1.0   22.0    5.0
1980 10 23    0.0   22.0    3.0
1980 10 24    0.0   20.0    4.0
1980 10 25    0.0   15.0    4.0
1980 10 26    0.0   14.0    3.0
1980 10 27    0.0   12.0    4.0
1980 10 28    0.0    9.0    1.0
1980 10 29    0.0   10.0   -1.0
1980 10 30    0.0   15.0   -4.0
1980 10 31    0.0   19.0    1.0
1980 11  1    0.0   24.0    4.0
1980 11  2    0.0   22.0    4.0
1980 11  3    0.0   24.0    3.0
1980 11  4    0.0   22.0   -1.0
1980 11  5    0.0   23.0    1.0
1980 11  6    0.0   24.0    3.0
1980 11  7    0.0   22.0    2.0
1980 11  8    0.0   23.0   -1.0
1980 11  9    0.0   20.0    3.0
1980 11 10    0.0   19.0   -1.0
1980 11 11    0.0   24.0    4.0
1980 11 12    0.0   23.0    2.0
1980 11 13    0.0   19.0    3.0
1980 11 14    0.0   24.0    4.0
1980 11 15    6.0   13.0    2.0
1980 11 16    0.0   11.0   -2.0
1980 11 17    7.0   11.0   -3.0
1980 11 18    0.0   12.0   -4.0
1980 11 19    4.0   10.0   -4.0
1980 11 20    1.0   13.0   -3.0
1980 11 21    1.0   12.0   -1.0
1980 11 22    0.0   15.0   -1.0
1980 11 23    0.0   16.0   -3.0
1980 11 24    0.0   16.0   -3.0
1980 11 25    0.0    9.0   -4.0
1980 11 26    0.0   10.0   -5.0
1980 11 27    0.0   11.0   -8.0
1980 11 28    0.0   11.0   -6.0
1980 11 29    0.0   19.0   -3.0
1980 11 30    0.0   22.0   -2.0
1980 12  1    0.0   23.0   -1.0
1980 12  2    0.0   22.0   -2.0
1980 12  3    0.0   23.0   -1.0
1980 12  4    0.0   23.0   -1.0
1980 12  5    0.0   25.0    1.0
1980 12  6    0.0   22.0    3.0
1980 12  7    3.0   24.0    1.0
1980 12  8    0.0   16.0    1.0
1980 12  9    0.0   11.0   -5.0
1980 12 10    0.0   12.0   -7.0
1980 12 11    0.0   13.0   -6.0
1980 12 12    0.0   15.0   -1.0
1980 12 13    0.0   22.0    5.0
1980 12 14    0.0   12.0   -1.0
1980 12 15    0.0   12.0   -1.0
1980 12 16    0.0   14.0   -3.0
1980 12 17    0.0   26.0   -3.0
1980 12 18    0.0   24.0   -1.0
1980 12 19    0.0   18.0    1.0
1980 12 20    0.0   12.0   -4.0
1980 12 21    0.0   15.0   -2.0
1980 12 22    0.0   12.0   -4.0
1980 12 23    0.0   20.0   -1.0
1980 12 24    0.0   23.0   -2.0
1980 12 25    0.0   18.0   -4.0
1980 12 26    0.0   23.0   -4.0
1980 12 27    0.0   25.0   -1.0
1980 12 28    0.0   25.0   -1.0
1980 12 29    0.0   25.0    1.0
1980 12 30    0.0   17.0    1.0
1980 12 31    0.0   20.0   -2.0
1981  1  1    0.0   19.0   -1.0
1981  1  2    0.0   19.0   -2.0
1981  1  3    0.0   18.0   -2.0
1981  1  4    0.0   16.0   -1.0
1981  1  5    3.0   16.0    4.0
1981  1  6   13.0   12.0    6.0
1981  1  7    1.0   13.0    4.0
1981  1  8    0.0   17.0    4.0
1981  1  9    0.0   15.0   -1.0
1981  1 10    0.0   14.0    1.0
1981  1 11    3.0   13.0    3.0
1981  1 12    3.0   15.0    4.0
1981  1 13    0.0   13.0    5.0
1981  1 14    0.0   13.0    2.0
1981  1 15    0.0   15.0    1.0
1981  1 16    4.0   15.0    1.0
1981  1 17    3.0   13.0   -1.0
1981  1 18    6.0    9.0   -2.0
1981  1 19    0.0   10.0   -1.0
1981  1 20    0.0   15.0   -6.0
1981  1 21    0.0   10.0   -1.0
1981  1 22    0.0   10.0   -7.0
1981  1 23    0.0   21.0   -6.0
1981  1 24    0.0   16.0   -2.0
1981  1 25    0.0   16.0    1.0
1981  1 26    4.0   14.0    2.0
1981  1 27    0.0   16.0   -1.0
1981  1 28    0.0   23.0   -3.0
1981  1 29    0.0   20.0   -1.0
1981  1 30    0.0   23.0   -1.0
1981  1 31    0.0   22.0   -1.0
1981  2  1    0.0   13.0   -8.0
1981  2  2    0.0   14.0   -7.0
1981  2  3    0.0   15.0   -6.0
1981  2  4    0.0   21.0   -2.0
1981  2  5    0.0   21.0   -3.0
1981  2  6    0.0   21.0   -3.0
1981  2  7    0.0   20.0   -1.0
1981  2  8    0.0   23.0    3.0
1981  2  9    0.0   19.0    5.0
1981  2 10    0.0   21.0    5.0
1981  2 11    0.0   19.0   -3.0
1981  2 12    0.0   22.0   -3.0
1981  2 13    0.0   20.0   -2.0
1981  2 14    0.0   20.0   -4.0
1981  2 15    0.0   22.0   -2.0
1981  2 16    0.0   18.0    3.0
1981  2 17    0.0   23.0   -1.0
1981  2 18    0.0   22.0    1.0
1981  2 19    0.0   23.0    1.0
1981  2 20    0.0   23.0    2.0
1981  2 21    0.0   23.0    2.0
1981  2 22    0.0   17.0   -6.0
1981  2 23    0.0   21.0   -4.0
1981  2 24    0.0   25.0   -2.0
1981  2 25    0.0   23.0    2.0
1981  2 26    0.0   24.0    5.0
1981  2 27    0.0   21.0   10.0
1981  2 28    0.0   21.0    9.0
1981  3  1    0.0   21.0    3.0
1981  3  2    0.0   18.0    4.0
1981  3  3    0.0   18.0    6.0
1981  3  4    0.0   18.0    6.0
1981  3  5    0.0   20.0   -2.0
1981  3  6    0.0   17.0    3.0
1981  3  7    0.0   21.0   -1.0
1981  3  8    0.0   18.0   -2.0
1981  3  9    0.0   19.0   -3.0
1981  3 10    0.0   21.0    1.0
1981  3 11    0.0   18.0    2.0
1981  3 12    0.0   16.0    4.0
1981  3 13    0.0   20.0    1.0
1981  3 14    0.0   23.0    1.0
1981  3 15    0.0   20.0    2.0
1981  3 16    0.0   15.0    3.0
1981  3 17    0.0   20.0    4.0
1981  3 18    0.0   18.0    2.0
1981  3 19    0.0   27.0    1.0
1981  3 20    0.0   24.0    2.0
1981  3 21    0.0   19.0    4.0
1981  3 22    0.0   23.0   -1.0
1981  3 23    0.0   18.0    1.0
1981  3 24    0.0   23.0   -1.0
1981  3 25    0.0   23.0    2.0
1981  3 26    0.0   29.0    2.0
1981  3 27    0.0   22.0    5.0
1981  3 28    0.0   20.0    9.0
1981  3 29    0.0   22.0   -2.0
1981  3 30    0.0   28.0   -1.0
1981  3 31    0.0   25.0    2.0
1981  4  1    0.0   28.0    1.0
1981  4  2    0.0   30.0    5.0
1981  4  3    0.0   26.0    8.0
1981  4  4    0.0   22.0    1.0
1981  4  5    0.0   26.0    1.0
1981  4  6    0.0   25.0    5.0
1981  4  7    0.0   25.0    4.0
1981  4  8    0.0   26.0    7.0
1981  4  9    0.0   27.0    5.0
1981  4 10    0.0   29.0    3.0
1981  4 11    0.0   30.0   10.0
1981  4 12    0.0   22.0    6.0
1981  4 13    0.0   30.0    8.0
1981  4 14    0.0   22.0   12.0
1981  4 15    6.0   22.0    9.0
1981  4 16    3.0   22.0    7.0
1981  4 17    9.0   20.0    7.0
1981  4 18    0.0   26.0    5.0
1981  4 19    0.0   27.0    9.0
1981  4 20    0.0   23.0   10.0
1981  4 21   11.0   22.0   12.0
1981  4 22    8.0   18.0    8.0
1981  4 23    0.0   17.0    3.0
1981  4 24    1.0   16.0    7.0
1981  4 25    0.0   24.0    3.0
1981  4 26    0.0   22.0    5.0
1981  4 27    0.0   23.0   10.0
1981  4 28    0.0   28.0    6.0
1981  4 29    0.0   29.0    8.0
1981  4 30    0.0   27.0   11.0
1981  5  1   15.0   25.0    8.0
1981  5  2    8.0   27.0   10.0
1981  5  3    0.0   22.0    7.0
1981  5  4    0.0   26.0   12.0
1981  5  5    0.0   29.0    9.0
1981  5  6    0.0   27.0    7.0
1981  5  7    0.0   29.0   10.0
1981  5  8    0.0   26.0   10.0
1981  5  9    0.0   24.0    9.0
1981  5 10    0.0   25.0    9.0
1981  5 11    0.0   29.0    8.0
1981  5 12    0.0   29.0    8.0
1981  5 13    0.0   31.0    7.0
1981  5 14    0.0   30.0   11.0
1981  5 15    0.0   31.0   12.0
1981  5 16    0.0   31.0   12.0
1981  5 17    0.0   31.0    9.0
1981  5 18    0.0   30.0    6.0
1981  5 19    0.0   31.0    8.0
1981  5 20    0.0   32.0    9.0
1981  5 21    0.0   31.0   14.0
1981  5 22    0.0   31.0   13.0
1981  5 23    0.0   31.0    8.0
1981  5 24    0.0   30.0   14.0
1981  5 25    0.0   30.0   13.0
1981  5 26    0.0   33.0   11.0
1981  5 27    0.0   33.0   16.0
1981  5 28    0.0   31.0   17.0
1981  5 29    0.0   33.0   10.0
1981  5 30    0.0   29.0    8.0
1981  5 31    0.0   31.0    0.0
1981  6  1    0.0   32.0   10.0
1981  6  2    0.0   32.0   11.0
1981  6  3    0.0   33.0   11.0
1981  6  4    0.0   32.0   12.0
1981  6  5    0.0   30.0    8.0
1981  6  6    0.0   31.0    9.0
1981  6  7    0.0   34.0   12.0
1981  6  8    0.0   31.0   15.0
1981  6  9    0.0   37.0   15.0
1981  6 10    0.0   36.0   16.0
1981  6 11    0.0   38.0   16.0
1981  6 12    0.0   37.0   10.0
1981  6 13    0.0   36.0   12.0
1981  6 14    0.0   33.0   13.0
1981  6 15    0.0   32.0   15.0
1981  6 16    0.0   26.0   10.0
1981  6 17    0.0   32.0    7.0
1981  6 18    0.0   33.0    8.0
1981  6 19    0.0   35.0   12.0
1981  6 20    0.0   36.0   13.0
1981  6 21    0.0   37.0   12.0
1981  6 22    0.0   38.0   14.0
1981  6 23    0.0   35.0   18.0
1981  6 24    0.0   34.0   12.0
1981  6 25    0.0   32.0   14.0
1981  6 26    3.0   28.0   16.0
1981  6 27    2.0   29.0   14.0
1981  6 28    7.0   27.0   15.0
1981  6 29    3.0   26.0   16.0
1981  6 30    0.0   28.0   15.0
1981  7  1    1.0   26.0   16.0
1981  7  2    2.0   28.0   16.0
1981  7  3    0.0   32.0   16.0
1981  7  4    0.0   31.0   17.0
1981  7  5    8.0   31.0   16.0
1981  7  6    0.0   30.0   15.0
1981  7  7    0.0   33.0   16.0
1981  7  8    3.0   28.0   17.0
1981  7  9   13.0   25.0   15.0
1981  7 10    0.0   29.0   15.0
1981  7 11    2.0   31.0   14.0
1981  7 12    4.0   32.0   14.0
1981  7 13    0.0   30.0   16.0
1981  7 14    0.0   32.0   14.0
1981  7 15    0.0   32.0   16.0
1981  7 16    5.0   32.0   16.0
1981  7 17    2.0   32.0   16.0
1981  7 18    0.0   32.0   14.0
1981  7 19    0.0   31.0   14.0
1981  7 20    0.0   30.0   13.0
1981  7 21    0.0   33.0   12.0
1981  7 22    0.0   32.0   16.0
1981  7 23    0.0   34.0   14.0
1981  7 24    0.0   35.0   16.0
1981  7 25    0.0   32.0   14.0
1981  7 26    0.0   31.0   12.0
1981  7 27    0.0   32.0   16.0
1981  7 28   31.0   30.0   15.0
1981  7 29    2.0   30.0   13.0
1981  7 30    3.0   27.0   14.0
1981  7 31    0.0   28.0   14.0
1981  8  1    2.0   31.0   14.0
1981  8  2    1.0   29.0   15.0
1981  8  3    0.0   31.0   14.0
1981  8  4   29.0   32.0   16.0
1981  8  5    0.0   32.0   13.0
1981  8  6    1.0   32.0   14.0
1981  8  7   37.0   25.0   13.0
1981  8  8   46.0   24.0   14.0
1981  8  9    2.0   23.0   15.0
1981  8 10   50.0   27.0   14.0
1981  8 11    1.0   23.0   14.0
1981  8 12    6.0   25.0   14.0
1981  8 13    1.0   25.0   14.0
1981  8 14    5.0   28.0   15.0
1981  8 15    6.0   25.0   16.0
1981  8 16    4.0   27.0   14.0
1981  8 17    1.0   25.0   16.0
1981  8 18   19.0   26.0   14.0
1981  8 19    2.0   24.0   15.0
1981  8 20    0.0   24.0   15.0
1981  8 21    1.0   27.0   15.0
1981  8 22    1.0   26.0   13.0
1981  8 23    1.0   28.0   10.0
1981  8 24    1.0   27.0   11.0
1981  8 25    0.0   28.0   10.0
1981  8 26    0.0   29.0   12.0
1981  8 27    0.0   28.0   11.0
1981  8 28    0.0   27.0   11.0
1981  8 29    0.0   28.0   11.0
1981  8 30    0.0   31.0   12.0
1981  8 31    0.0   30.0   15.0
1981  9  1    0.0   29.0   15.0
1981  9  2    0.0   28.0   14.0
1981  9  3    0.0   30.0   13.0
1981  9  4   27.0   27.0   11.0
1981  9  5   28.0   27.0   12.0
1981  9  6   76.0   25.0   15.0
1981  9  7    9.0   23.0   15.0
1981  9  8   20.0   21.0   15.0
1981  9  9   74.0   25.0   14.0
1981  9 10    5.0   26.0   13.0
1981  9 11    2.0   27.0   13.0
1981  9 12    1.0   20.0   15.0
1981  9 13   15.0   23.0   12.0
1981  9 14    3.0   29.0   11.0
1981  9 15    0.0   26.0   12.0
1981  9 16    0.0   25.0   13.0
1981  9 17    0.0   24.0   11.0
1981  9 18    0.0   22.0   11.0
1981  9 19    0.0   25.0    9.0
1981  9 20    0.0   27.0   10.0
1981  9 21    0.0   24.0   13.0
1981  9 22    0.0   29.0   13.0
1981  9 23    1.0   30.0   11.0
1981  9 24    0.0   30.0   10.0
1981  9 25    0.0   31.0   11.0
1981  9 26    0.0   30.0   10.0
1981  9 27    0.0   29.0   10.0
1981  9 28    0.0   27.0    9.0
1981  9 29    0.0   29.0    7.0
1981  9 30    0.0   30.0    9.0
1981 10  1    0.0   26.0   11.0
1981 10  2    1.0   29.0   13.0
1981 10  3    1.0   28.0   11.0
1981 10  4   25.0   28.0   10.0
1981 10  5    8.0   23.0   13.0
1981 10  6    1.0   19.0    8.0
1981 10  7   29.0   16.0   13.0
1981 10  8    1.0   23.0   13.0
1981 10  9    0.0   26.0    9.0
1981 10 10    0.0   26.0    9.0
1981 10 11    0.0   27.0   10.0
1981 10 12    1.0   20.0   11.0
1981 10 13    0.0   27.0    7.0
1981 10 14    0.0   27.0    7.0
1981 10 15    0.0   29.0    7.0
1981 10 16    0.0   27.0    9.0
1981 10 17    0.0   25.0    5.0
1981 10 18    0.0   18.0    4.0
1981 10 19    0.0   24.0    8.0
1981 10 20    6.0   24.0    8.0
1981 10 21    8.0   25.0    8.0
1981 10 22    5.0   20.0   11.0
1981 10 23    2.0   12.0    7.0
1981 10 24    0.0   23.0    6.0
1981 10 25    0.0   24.0    7.0
1981 10 26    0.0   25.0   -1.0
1981 10 27    0.0   26.0    2.0
1981 10 28    0.0   28.0    5.0
1981 10 29    0.0   26.0    7.0
1981 10 30    0.0   27.0    6.0
1981 10 31    0.0   26.0    4.0
1981 11  1    0.0   18.0   -3.0
1981 11  2    0.0   19.0   -2.0
1981 11  3    0.0   24.0   -1.0
1981 11  4    0.0   27.0    2.0
1981 11  5    0.0   24.0    4.0
1981 11  6    0.0   26.0    4.0
1981 11  7    0.0   25.0    6.0
1981 11  8    0.0   26.0    2.0
1981 11  9    0.0   19.0    2.0
1981 11 10    0.0   20.0   -4.0
1981 11 11    0.0   22.0   -2.0
1981 11 12    0.0   21.0    1.0
1981 11 13    0.0   25.0   -1.0
1981 11 14    0.0   25.0    1.0
1981 11 15    0.0   26.0    1.0
1981 11 16    0.0   27.0    1.0
1981 11 17    0.0   31.0    2.0
1981 11 18    0.0   27.0   -2.0
1981 11 19    0.0   20.0    1.0
1981 11 20    0.0   23.0   -4.0
1981 11 21    0.0   25.0   -2.0
1981 11 22    0.0   24.0   -1.0
1981 11 23    0.0   25.0   -1.0
1981 11 24    0.0   28.0   -1.0
1981 11 25    0.0   27.0    2.0
1981 11 26    0.0   27.0    1.0
1981 11 27    0.0   28.0    2.0
1981 11 28    0.0   28.0    1.0
1981 11 29    0.0   25.0    2.0
1981 11 30    0.0   17.0   -2.0
1981 12  1    0.0   16.0   -4.0
1981 12  2    0.0   19.0   -4.0
1981 12  3    0.0   24.0   -2.0
1981 12  4    0.0   19.0   -2.0
1981 12  5    0.0   20.0    6.0
1981 12  6    0.0   22.0    2.0
1981 12  7    0.0   22.0   -1.0
1981 12  8    0.0   21.0   -1.0
1981 12  9    0.0   20.0   -2.0
1981 12 10    0.0   25.0   -2.0
1981 12 11    0.0   26.0    1.0
1981 12 12    0.0   26.0    3.0
1981 12 13    0.0   22.0    2.0
1981 12 14    0.0   15.0   -4.0
1981 12 15    0.0   20.0   -5.0
1981 12 16    0.0   25.0   -4.0
1981 12 17    0.0   21.0   -1.0
1981 12 18    0.0   20.0   -3.0
1981 12 19    0.0   23.0   -3.0
1981 12 20    0.0   26.0    2.0
1981 12 21    0.0   20.0    4.0
1981 12 22    0.0   17.0    5.0
1981 12 23    0.0   19.0    1.0
1981 12 24    0.0   17.0    2.0
1981 12 25    0.0   22.0    3.0
1981 12 26    0.0   22.0    1.0
1981 12 27    0.0   25.0    4.0
1981 12 28    0.0   22.0   -1.0
1981 12 29    0.0   20.0    1.0
1981 12 30    0.0   22.0   -1.0
1981 12 31    0.0   21.0   -1.0
