1980  1  1  -99.9  -99.9  -99.9
1980  1  2  -99.9  -99.9  -99.9
1980  1  3  -99.9  -99.9  -99.9
1980  1  4  -99.9  -99.9  -99.9
1980  1  5  -99.9  -99.9  -99.9
1980  1  6  -99.9  -99.9  -99.9
1980  1  7  -99.9  -99.9  -99.9
1980  1  8  -99.9  -99.9  -99.9
1980  1  9  -99.9  -99.9  -99.9
1980  1 10  -99.9  -99.9  -99.9
1980  1 11  -99.9  -99.9  -99.9
1980  1 12  -99.9  -99.9  -99.9
1980  1 13  -99.9  -99.9  -99.9
1980  1 14  -99.9  -99.9  -99.9
1980  1 15  -99.9  -99.9  -99.9
1980  1 16  -99.9  -99.9  -99.9
1980  1 17  -99.9  -99.9  -99.9
1980  1 18  -99.9  -99.9  -99.9
1980  1 19  -99.9  -99.9  -99.9
1980  1 20  -99.9  -99.9  -99.9
1980  1 21  -99.9  -99.9  -99.9
1980  1 22  -99.9  -99.9  -99.9
1980  1 23  -99.9  -99.9  -99.9
1980  1 24  -99.9  -99.9  -99.9
1980  1 25  -99.9  -99.9  -99.9
1980  1 26  -99.9  -99.9  -99.9
1980  1 27  -99.9  -99.9  -99.9
1980  1 28  -99.9  -99.9  -99.9
1980  1 29  -99.9  -99.9  -99.9
1980  1 30  -99.9  -99.9  -99.9
1980  1 31  -99.9  -99.9  -99.9
1980  2  1  -99.9  -99.9  -99.9
1980  2  2  -99.9  -99.9  -99.9
1980  2  3  -99.9  -99.9  -99.9
1980  2  4  -99.9  -99.9  -99.9
1980  2  5  -99.9  -99.9  -99.9
1980  2  6  -99.9  -99.9  -99.9
1980  2  7  -99.9  -99.9  -99.9
1980  2  8  -99.9  -99.9  -99.9
1980  2  9  -99.9  -99.9  -99.9
1980  2 10    0.0  -99.9  -99.9
1980  2 11    0.5   17.0   -3.5
1980  2 12    0.0   17.0   -1.0
1980  2 13    0.5   18.0   -2.5
1980  2 14    0.0   21.0    6.0
1980  2 15    0.0   24.0    2.0
1980  2 16    0.0   23.0    2.0
1980  2 17    0.0   21.5    4.0
1980  2 18    0.0   25.0    8.0
1980  2 19    0.0   25.0   11.0
1980  2 20    0.0   21.0   11.0
1980  2 21    0.0   22.0    2.5
1980  2 22    0.0   23.0    3.0
1980  2 23    0.0   23.0    4.0
1980  2 24    0.0   22.0    4.5
1980  2 25    0.0   19.5    5.0
1980  2 26    0.0   17.5    5.5
1980  2 27    0.0   21.0    6.0
1980  2 28    0.0   22.0    6.0
1980  2 29    0.0   23.0    6.0
1980  3  1    0.0   22.0   -2.0
1980  3  2    0.0   22.0   -1.0
1980  3  3    0.0   21.0   -5.0
1980  3  4    0.0   23.0   11.0
1980  3  5    0.0   24.0   -5.0
1980  3  6    0.0   26.5   -7.0
1980  3  7    0.0   24.5    8.5
1980  3  8    0.0   22.0    8.0
1980  3  9    0.0   20.0    7.0
1980  3 10    0.0   21.5    9.0
1980  3 11    0.0   26.5   11.5
1980  3 12    0.0   25.0    9.0
1980  3 13    0.0   20.0    9.0
1980  3 14    0.0   21.0    9.5
1980  3 15    0.0   20.0    8.0
1980  3 16    0.0   26.5    6.0
1980  3 17    0.0   19.0    7.0
1980  3 18    0.0   26.0    2.5
1980  3 19    0.0   24.0    5.0
1980  3 20    0.0   23.0   10.0
1980  3 21    0.0   22.0    9.0
1980  3 22    0.0   20.0    8.0
1980  3 23    0.0   19.0    7.0
1980  3 24    0.0   21.5    6.0
1980  3 25    0.0   21.0    7.0
1980  3 26    0.0   20.0    8.0
1980  3 27    0.0   23.0   10.0
1980  3 28    0.0   22.0    3.5
1980  3 29    0.0   24.0    1.5
1980  3 30    0.0   20.0    8.0
1980  3 31    0.0   19.0    8.0
1980  4  1    0.0   27.0    7.0
1980  4  2    0.0   25.0    3.0
1980  4  3    0.0   26.0    5.0
1980  4  4    0.0   24.0    6.0
1980  4  5    0.0   22.0    7.0
1980  4  6    0.0   23.0    7.0
1980  4  7    0.0   29.0    7.0
1980  4  8    0.0   25.0    2.0
1980  4  9    0.0   26.5    7.0
1980  4 10    0.0   28.0   13.0
1980  4 11    0.0   17.1   10.5
1980  4 12    0.0   16.0    7.0
1980  4 13    0.0   15.0    5.0
1980  4 14    0.0   26.0   -2.0
1980  4 15    0.0   25.0   -3.0
1980  4 16    0.0   27.0   11.0
1980  4 17    0.0   26.0   10.5
1980  4 18    0.0   25.0    9.0
1980  4 19    0.0   24.0    9.5
1980  4 20    0.0   28.0   10.0
1980  4 21    0.2   22.0   10.5
1980  4 22    0.0   24.0   10.0
1980  4 23    0.0   28.0   11.0
1980  4 24    0.0   25.0   11.0
1980  4 25    0.0   23.0   10.0
1980  4 26    0.0   22.0    8.0
1980  4 27    0.0   24.0    8.5
1980  4 28    0.0   20.0    6.0
1980  4 29    0.0   27.0   10.0
1980  4 30    0.0   25.0   11.0
1980  5  1    0.0   26.0    8.0
1980  5  2    0.0   27.0   10.0
1980  5  3    0.0   27.5    9.0
1980  5  4    0.0   28.0    9.0
1980  5  5    0.0   28.0    9.0
1980  5  6    0.0   28.0    6.0
1980  5  7    0.0   27.5   10.0
1980  5  8    0.0   28.0   10.5
1980  5  9    0.0   27.0   15.0
1980  5 10    0.0   28.0   16.0
1980  5 11    0.0   30.0   16.0
1980  5 12    0.0   30.0    9.0
1980  5 13    0.0   29.5    9.0
1980  5 14    0.0   29.0   13.0
1980  5 15    0.0   30.0   12.5
1980  5 16    0.0   29.0    7.0
1980  5 17    0.0   30.0    9.0
1980  5 18    0.0   31.0   10.0
1980  5 19    0.0   28.0   10.0
1980  5 20    0.0   31.5   15.0
1980  5 21    0.0   33.0   14.0
1980  5 22    0.0   34.0   13.0
1980  5 23    0.0   34.5   16.0
1980  5 24    0.0   31.0   16.0
1980  5 25    0.0   32.0   12.0
1980  5 26    2.0   31.0   12.0
1980  5 27    4.0   29.5   19.0
1980  5 28    0.0   32.0   13.0
1980  5 29    0.0   34.0   13.5
1980  5 30    0.0   35.5   18.0
1980  5 31    0.0   35.0   20.0
1980  6  1    0.0   34.0   15.0
1980  6  2    0.0   35.5   16.0
1980  6  3    0.0   34.0   16.0
1980  6  4    0.0   35.5   17.5
1980  6  5    0.0   35.5   18.0
1980  6  6    0.0   34.0   20.0
1980  6  7    0.0   35.0   19.0
1980  6  8    0.0   34.0   18.0
1980  6  9   20.0   32.0   16.0
1980  6 10    0.0   29.0   14.0
1980  6 11    0.0   31.5   17.0
1980  6 12    0.0   33.0   16.0
1980  6 13    0.0   34.0   16.0
1980  6 14    0.0   34.5   16.0
1980  6 15    0.0   34.0   17.0
1980  6 16    0.0   34.0   15.0
1980  6 17    0.0   34.0   16.0
1980  6 18    0.0   35.0   16.0
1980  6 19    0.0   34.0   18.0
1980  6 20    0.0   34.0   17.0
1980  6 21    0.0   34.0   19.0
1980  6 22    0.0   33.0   18.0
1980  6 23    0.0   32.0   17.0
1980  6 24    0.0   33.0   18.0
1980  6 25    0.0   34.0   17.0
1980  6 26    0.0   34.5   18.0
1980  6 27    0.0   33.0   18.0
1980  6 28    0.0   34.5   18.0
1980  6 29    0.0   34.0   17.0
1980  6 30    1.5   30.0   16.0
1980  7  1  -99.9  -99.9  -99.9
1980  7  2  -99.9  -99.9  -99.9
1980  7  3  -99.9  -99.9  -99.9
1980  7  4  -99.9  -99.9  -99.9
1980  7  5  -99.9  -99.9  -99.9
1980  7  6  -99.9  -99.9  -99.9
1980  7  7  -99.9  -99.9  -99.9
1980  7  8  -99.9  -99.9  -99.9
1980  7  9  -99.9  -99.9  -99.9
1980  7 10  -99.9  -99.9  -99.9
1980  7 11  -99.9  -99.9  -99.9
1980  7 12  -99.9  -99.9  -99.9
1980  7 13  -99.9  -99.9  -99.9
1980  7 14  -99.9  -99.9  -99.9
1980  7 15  -99.9  -99.9  -99.9
1980  7 16  -99.9  -99.9  -99.9
1980  7 17  -99.9  -99.9  -99.9
1980  7 18  -99.9  -99.9  -99.9
1980  7 19  -99.9  -99.9  -99.9
1980  7 20  -99.9  -99.9  -99.9
1980  7 21  -99.9  -99.9  -99.9
1980  7 22  -99.9  -99.9  -99.9
1980  7 23  -99.9  -99.9  -99.9
1980  7 24  -99.9  -99.9  -99.9
1980  7 25  -99.9  -99.9  -99.9
1980  7 26  -99.9  -99.9  -99.9
1980  7 27  -99.9  -99.9  -99.9
1980  7 28  -99.9  -99.9  -99.9
1980  7 29  -99.9  -99.9  -99.9
1980  7 30  -99.9  -99.9  -99.9
1980  7 31  -99.9  -99.9  -99.9
1980  8  1  -99.9  -99.9  -99.9
1980  8  2  -99.9  -99.9  -99.9
1980  8  3  -99.9  -99.9  -99.9
1980  8  4  -99.9  -99.9  -99.9
1980  8  5  -99.9  -99.9  -99.9
1980  8  6  -99.9  -99.9  -99.9
1980  8  7  -99.9  -99.9  -99.9
1980  8  8  -99.9  -99.9  -99.9
1980  8  9  -99.9  -99.9  -99.9
1980  8 10  -99.9  -99.9  -99.9
1980  8 11  -99.9  -99.9  -99.9
1980  8 12  -99.9  -99.9  -99.9
1980  8 13  -99.9  -99.9  -99.9
1980  8 14  -99.9  -99.9  -99.9
1980  8 15  -99.9  -99.9  -99.9
1980  8 16  -99.9  -99.9  -99.9
1980  8 17  -99.9  -99.9  -99.9
1980  8 18  -99.9  -99.9  -99.9
1980  8 19  -99.9  -99.9  -99.9
1980  8 20  -99.9  -99.9  -99.9
1980  8 21  -99.9  -99.9  -99.9
1980  8 22  -99.9  -99.9  -99.9
1980  8 23  -99.9  -99.9  -99.9
1980  8 24  -99.9  -99.9  -99.9
1980  8 25  -99.9  -99.9  -99.9
1980  8 26  -99.9  -99.9  -99.9
1980  8 27  -99.9  -99.9  -99.9
1980  8 28  -99.9  -99.9  -99.9
1980  8 29  -99.9  -99.9  -99.9
1980  8 30  -99.9  -99.9  -99.9
1980  8 31  -99.9  -99.9  -99.9
1980  9  1  -99.9  -99.9  -99.9
1980  9  2  -99.9  -99.9  -99.9
1980  9  3  -99.9  -99.9  -99.9
1980  9  4  -99.9  -99.9  -99.9
1980  9  5  -99.9  -99.9  -99.9
1980  9  6  -99.9  -99.9  -99.9
1980  9  7  -99.9  -99.9  -99.9
1980  9  8  -99.9  -99.9  -99.9
1980  9  9  -99.9  -99.9  -99.9
1980  9 10  -99.9  -99.9  -99.9
1980  9 11  -99.9  -99.9  -99.9
1980  9 12  -99.9  -99.9  -99.9
1980  9 13  -99.9  -99.9  -99.9
1980  9 14  -99.9  -99.9  -99.9
1980  9 15  -99.9  -99.9  -99.9
1980  9 16  -99.9  -99.9  -99.9
1980  9 17  -99.9  -99.9  -99.9
1980  9 18  -99.9  -99.9  -99.9
1980  9 19  -99.9  -99.9  -99.9
1980  9 20  -99.9  -99.9  -99.9
1980  9 21  -99.9  -99.9  -99.9
1980  9 22  -99.9  -99.9  -99.9
1980  9 23  -99.9  -99.9  -99.9
1980  9 24  -99.9  -99.9  -99.9
1980  9 25  -99.9  -99.9  -99.9
1980  9 26  -99.9  -99.9  -99.9
1980  9 27  -99.9  -99.9  -99.9
1980  9 28  -99.9  -99.9  -99.9
1980  9 29  -99.9  -99.9  -99.9
1980  9 30  -99.9  -99.9  -99.9
1980 10  1  -99.9  -99.9  -99.9
1980 10  2  -99.9  -99.9  -99.9
1980 10  3  -99.9  -99.9  -99.9
1980 10  4  -99.9  -99.9  -99.9
1980 10  5  -99.9  -99.9  -99.9
1980 10  6  -99.9  -99.9  -99.9
1980 10  7  -99.9  -99.9  -99.9
1980 10  8  -99.9  -99.9  -99.9
1980 10  9  -99.9  -99.9  -99.9
1980 10 10  -99.9  -99.9  -99.9
1980 10 11  -99.9  -99.9  -99.9
1980 10 12  -99.9  -99.9  -99.9
1980 10 13  -99.9  -99.9  -99.9
1980 10 14  -99.9  -99.9  -99.9
1980 10 15  -99.9  -99.9  -99.9
1980 10 16  -99.9  -99.9  -99.9
1980 10 17  -99.9  -99.9  -99.9
1980 10 18  -99.9  -99.9  -99.9
1980 10 19  -99.9  -99.9  -99.9
1980 10 20  -99.9  -99.9  -99.9
1980 10 21  -99.9  -99.9  -99.9
1980 10 22  -99.9  -99.9  -99.9
1980 10 23  -99.9  -99.9  -99.9
1980 10 24  -99.9  -99.9  -99.9
1980 10 25  -99.9  -99.9  -99.9
1980 10 26  -99.9  -99.9  -99.9
1980 10 27  -99.9  -99.9  -99.9
1980 10 28  -99.9  -99.9  -99.9
1980 10 29  -99.9  -99.9  -99.9
1980 10 30  -99.9  -99.9  -99.9
1980 10 31  -99.9  -99.9  -99.9
1980 11  1  -99.9  -99.9  -99.9
1980 11  2  -99.9  -99.9  -99.9
1980 11  3  -99.9  -99.9  -99.9
1980 11  4  -99.9  -99.9  -99.9
1980 11  5  -99.9  -99.9  -99.9
1980 11  6  -99.9  -99.9  -99.9
1980 11  7  -99.9  -99.9  -99.9
1980 11  8  -99.9  -99.9  -99.9
1980 11  9  -99.9  -99.9  -99.9
1980 11 10  -99.9  -99.9  -99.9
1980 11 11  -99.9  -99.9  -99.9
1980 11 12  -99.9  -99.9  -99.9
1980 11 13  -99.9  -99.9  -99.9
1980 11 14  -99.9  -99.9  -99.9
1980 11 15  -99.9  -99.9  -99.9
1980 11 16  -99.9  -99.9  -99.9
1980 11 17  -99.9  -99.9  -99.9
1980 11 18  -99.9  -99.9  -99.9
1980 11 19  -99.9  -99.9  -99.9
1980 11 20  -99.9  -99.9  -99.9
1980 11 21  -99.9  -99.9  -99.9
1980 11 22  -99.9  -99.9  -99.9
1980 11 23  -99.9  -99.9  -99.9
1980 11 24  -99.9  -99.9  -99.9
1980 11 25  -99.9  -99.9  -99.9
1980 11 26  -99.9  -99.9  -99.9
1980 11 27  -99.9  -99.9  -99.9
1980 11 28  -99.9  -99.9  -99.9
1980 11 29  -99.9  -99.9  -99.9
1980 11 30  -99.9  -99.9  -99.9
1980 12  1  -99.9  -99.9  -99.9
1980 12  2  -99.9  -99.9  -99.9
1980 12  3  -99.9  -99.9  -99.9
1980 12  4  -99.9  -99.9  -99.9
1980 12  5  -99.9  -99.9  -99.9
1980 12  6  -99.9  -99.9  -99.9
1980 12  7  -99.9  -99.9  -99.9
1980 12  8  -99.9  -99.9  -99.9
1980 12  9  -99.9  -99.9  -99.9
1980 12 10  -99.9  -99.9  -99.9
1980 12 11  -99.9  -99.9  -99.9
1980 12 12  -99.9  -99.9  -99.9
1980 12 13  -99.9  -99.9  -99.9
1980 12 14  -99.9  -99.9  -99.9
1980 12 15  -99.9  -99.9  -99.9
1980 12 16  -99.9  -99.9  -99.9
1980 12 17  -99.9  -99.9  -99.9
1980 12 18  -99.9  -99.9  -99.9
1980 12 19  -99.9  -99.9  -99.9
1980 12 20  -99.9  -99.9  -99.9
1980 12 21  -99.9  -99.9  -99.9
1980 12 22  -99.9  -99.9  -99.9
1980 12 23  -99.9  -99.9  -99.9
1980 12 24  -99.9  -99.9  -99.9
1980 12 25  -99.9  -99.9  -99.9
1980 12 26  -99.9  -99.9  -99.9
1980 12 27  -99.9  -99.9  -99.9
1980 12 28  -99.9  -99.9  -99.9
1980 12 29  -99.9  -99.9  -99.9
1980 12 30  -99.9  -99.9  -99.9
1980 12 31  -99.9  -99.9  -99.9
1981  1  1    0.0   20.0    3.0
1981  1  2    0.0   21.0    2.0
1981  1  3    0.0   24.0    2.0
1981  1  4    4.5   23.0    3.0
1981  1  5    0.0   25.0    2.0
1981  1  6    4.0   14.0   -2.0
1981  1  7    0.5   21.0    2.0
1981  1  8    0.0   19.0    2.0
1981  1  9    0.0   15.0    2.0
1981  1 10    0.0   17.0    2.5
1981  1 11    3.5   20.0    3.0
1981  1 12   10.5   17.0    3.0
1981  1 13    0.0   10.0    2.5
1981  1 14    1.0   12.0    2.0
1981  1 15    0.0   15.0    3.0
1981  1 16    0.0   13.0    3.0
1981  1 17    0.0   12.0    3.0
1981  1 18    6.0   12.0    1.0
1981  1 19    0.0   13.0    0.0
1981  1 20    0.0   15.0   -1.0
1981  1 21    0.0    8.0    1.0
1981  1 22    0.0   11.0   -2.0
1981  1 23    0.0   10.0   -2.0
1981  1 24    0.0   11.0   -1.0
1981  1 25    0.0   21.0    1.0
1981  1 26    3.5   10.0   -1.0
1981  1 27    0.0   12.0    2.5
1981  1 28    0.0   21.5    1.0
1981  1 29    0.0   20.0    2.0
1981  1 30    0.0   21.0    2.0
1981  1 31    0.0   20.0    5.0
1981  2  1    0.0   21.0    2.0
1981  2  2    0.0   15.0   -2.0
1981  2  3    0.0   11.0   -1.0
1981  2  4    0.0   10.0   -2.0
1981  2  5    0.0   11.0   -2.0
1981  2  6    0.0   12.0   -1.0
1981  2  7    0.0   13.0    0.0
1981  2  8    0.0   12.0    1.0
1981  2  9    0.0   12.0    2.0
1981  2 10    0.0   11.0    1.0
1981  2 11    0.0   12.0    0.0
1981  2 12    0.0   14.0    2.0
1981  2 13    0.0   16.0    2.0
1981  2 14    0.0   16.0    2.0
1981  2 15    6.5   22.0    2.0
1981  2 16    2.0   17.0    1.0
1981  2 17    0.0   19.0    2.0
1981  2 18    0.0   21.0    6.0
1981  2 19    4.0   17.0    6.0
1981  2 20    5.0   15.0    8.0
1981  2 21    0.0   16.0    7.0
1981  2 22    0.0   20.0    3.0
1981  2 23    0.0   20.0    1.0
1981  2 24    0.0   21.0    3.0
1981  2 25    0.0   20.0    8.0
1981  2 26    0.0   21.0    9.0
1981  2 27    0.0   20.0   10.0
1981  2 28    0.0   21.0    8.0
1981  3  1    0.0   21.0    7.0
1981  3  2    0.0   21.0    5.0
1981  3  3    0.0   14.0    6.0
1981  3  4    0.0   11.0    3.0
1981  3  5    0.0   20.0    0.0
1981  3  6    0.0   19.0    1.5
1981  3  7    0.0   20.0    2.0
1981  3  8    0.0   19.0    1.0
1981  3  9    0.0   21.0    0.0
1981  3 10    5.0   19.0    2.0
1981  3 11    4.6   18.0    3.0
1981  3 12    0.0   19.0    3.0
1981  3 13    0.0   18.0    3.0
1981  3 14    0.0   19.0    3.0
1981  3 15    0.0   20.0    3.0
1981  3 16    8.5   22.0    3.0
1981  3 17    0.0   18.0    3.0
1981  3 18    0.0   24.0    6.0
1981  3 19    0.0   25.0    5.5
1981  3 20    0.0   21.0    8.0
1981  3 21    0.0   23.0    3.0
1981  3 22    0.0   21.0    3.0
1981  3 23    0.0   22.0    3.0
1981  3 24    0.0   24.0    7.0
1981  3 25    0.0   23.0    8.0
1981  3 26    0.0   27.0    6.0
1981  3 27    0.0   26.0    7.0
1981  3 28    0.0   25.0    7.0
1981  3 29    0.0   25.0    6.0
1981  3 30    0.0   26.0    5.0
1981  3 31    0.0   26.0    5.0
1981  4  1    0.0   29.0    5.0
1981  4  2    0.0   29.0   10.0
1981  4  3    0.0   29.0   11.5
1981  4  4    0.0   27.0   11.0
1981  4  5    0.0   28.5   10.0
1981  4  6    0.0   20.0    9.0
1981  4  7    0.0   19.0    8.0
1981  4  8   10.0   19.0   10.0
1981  4  9    0.0   20.0   10.0
1981  4 10    0.0   25.0   10.0
1981  4 11    0.0   24.0   12.0
1981  4 12    0.0   25.0   10.0
1981  4 13    0.0   27.0   11.5
1981  4 14    0.0   28.0   11.0
1981  4 15    0.0   26.0   12.5
1981  4 16    0.0   27.0   11.0
1981  4 17    0.0   28.0   12.0
1981  4 18    0.0   26.0   11.0
1981  4 19    0.0   29.0   12.0
1981  4 20    0.0   24.0    7.0
1981  4 21   10.0   20.0   12.0
1981  4 22    2.0   15.0   10.0
1981  4 23    4.0   16.0    8.0
1981  4 24    0.0   19.0    3.5
1981  4 25    0.0   20.0    4.0
1981  4 26    0.0   20.0    5.0
1981  4 27    0.0   27.0    4.0
1981  4 28    0.0   26.0   10.5
1981  4 29    0.0   25.0   11.0
1981  4 30    0.0   26.0   10.0
1981  5  1    0.0   27.0    8.5
1981  5  2    0.0   26.0    9.0
1981  5  3    0.0   28.0    8.5
1981  5  4    0.0   29.0   10.0
1981  5  5    0.0   29.0    9.5
1981  5  6    0.0   27.0    8.0
1981  5  7    0.0   29.5   14.5
1981  5  8    0.0   28.0   11.0
1981  5  9    0.0   28.0   13.0
1981  5 10    0.0   26.0   11.0
1981  5 11    0.0   27.0    8.5
1981  5 12    0.0   29.5    9.0
1981  5 13    0.0   28.5    9.5
1981  5 14    0.0   29.0   12.5
1981  5 15    0.0   29.0   13.0
1981  5 16    0.0   29.0   12.0
1981  5 17    0.0   30.0   11.0
1981  5 18    0.0   29.0   11.0
1981  5 19    0.0   30.0   13.0
1981  5 20    0.0   30.0   11.0
1981  5 21    0.0   29.0   12.0
1981  5 22    0.0   29.0   12.0
1981  5 23    0.0   29.0   11.0
1981  5 24    0.0   29.0   10.0
1981  5 25    0.0   29.0    9.0
1981  5 26    0.0   31.0   15.0
1981  5 27    0.0   31.0   14.0
1981  5 28    0.0   31.0   14.0
1981  5 29    0.0   30.0   14.0
1981  5 30    0.0   31.0   13.0
1981  5 31    0.0   30.0   12.0
1981  6  1  -99.9  -99.9  -99.9
1981  6  2  -99.9  -99.9  -99.9
1981  6  3  -99.9  -99.9  -99.9
1981  6  4  -99.9  -99.9  -99.9
1981  6  5  -99.9  -99.9  -99.9
1981  6  6  -99.9  -99.9  -99.9
1981  6  7  -99.9  -99.9  -99.9
1981  6  8  -99.9  -99.9  -99.9
1981  6  9  -99.9  -99.9  -99.9
1981  6 10  -99.9  -99.9  -99.9
1981  6 11  -99.9  -99.9  -99.9
1981  6 12  -99.9  -99.9  -99.9
1981  6 13  -99.9  -99.9  -99.9
1981  6 14  -99.9  -99.9  -99.9
1981  6 15  -99.9  -99.9  -99.9
1981  6 16  -99.9  -99.9  -99.9
1981  6 17  -99.9  -99.9  -99.9
1981  6 18  -99.9  -99.9  -99.9
1981  6 19  -99.9  -99.9  -99.9
1981  6 20  -99.9  -99.9  -99.9
1981  6 21  -99.9  -99.9  -99.9
1981  6 22  -99.9  -99.9  -99.9
1981  6 23  -99.9  -99.9  -99.9
1981  6 24  -99.9  -99.9  -99.9
1981  6 25  -99.9  -99.9  -99.9
1981  6 26  -99.9  -99.9  -99.9
1981  6 27  -99.9  -99.9  -99.9
1981  6 28  -99.9  -99.9  -99.9
1981  6 29  -99.9  -99.9  -99.9
1981  6 30  -99.9  -99.9  -99.9
1981  7  1  -99.9  -99.9  -99.9
1981  7  2  -99.9  -99.9  -99.9
1981  7  3  -99.9  -99.9  -99.9
1981  7  4  -99.9  -99.9  -99.9
1981  7  5  -99.9  -99.9  -99.9
1981  7  6  -99.9  -99.9  -99.9
1981  7  7  -99.9  -99.9  -99.9
1981  7  8  -99.9  -99.9  -99.9
1981  7  9  -99.9  -99.9  -99.9
1981  7 10  -99.9  -99.9  -99.9
1981  7 11  -99.9  -99.9  -99.9
1981  7 12  -99.9  -99.9  -99.9
1981  7 13  -99.9  -99.9  -99.9
1981  7 14  -99.9  -99.9  -99.9
1981  7 15  -99.9  -99.9  -99.9
1981  7 16  -99.9  -99.9  -99.9
1981  7 17  -99.9  -99.9  -99.9
1981  7 18  -99.9  -99.9  -99.9
1981  7 19  -99.9  -99.9  -99.9
1981  7 20  -99.9  -99.9  -99.9
1981  7 21  -99.9  -99.9  -99.9
1981  7 22  -99.9  -99.9  -99.9
1981  7 23  -99.9  -99.9  -99.9
1981  7 24  -99.9  -99.9  -99.9
1981  7 25  -99.9  -99.9  -99.9
1981  7 26  -99.9  -99.9  -99.9
1981  7 27  -99.9  -99.9  -99.9
1981  7 28  -99.9  -99.9  -99.9
1981  7 29  -99.9  -99.9  -99.9
1981  7 30  -99.9  -99.9  -99.9
1981  7 31  -99.9  -99.9  -99.9
1981  8  1  -99.9  -99.9  -99.9
1981  8  2  -99.9  -99.9  -99.9
1981  8  3  -99.9  -99.9  -99.9
1981  8  4  -99.9  -99.9  -99.9
1981  8  5  -99.9  -99.9  -99.9
1981  8  6  -99.9  -99.9  -99.9
1981  8  7  -99.9  -99.9  -99.9
1981  8  8  -99.9  -99.9  -99.9
1981  8  9  -99.9  -99.9  -99.9
1981  8 10  -99.9  -99.9  -99.9
1981  8 11  -99.9  -99.9  -99.9
1981  8 12  -99.9  -99.9  -99.9
1981  8 13  -99.9  -99.9  -99.9
1981  8 14  -99.9  -99.9  -99.9
1981  8 15  -99.9  -99.9  -99.9
1981  8 16  -99.9  -99.9  -99.9
1981  8 17  -99.9  -99.9  -99.9
1981  8 18  -99.9  -99.9  -99.9
1981  8 19  -99.9  -99.9  -99.9
1981  8 20  -99.9  -99.9  -99.9
1981  8 21  -99.9  -99.9  -99.9
1981  8 22  -99.9  -99.9  -99.9
1981  8 23  -99.9  -99.9  -99.9
1981  8 24  -99.9  -99.9  -99.9
1981  8 25  -99.9  -99.9  -99.9
1981  8 26  -99.9  -99.9  -99.9
1981  8 27  -99.9  -99.9  -99.9
1981  8 28  -99.9  -99.9  -99.9
1981  8 29  -99.9  -99.9  -99.9
1981  8 30  -99.9  -99.9  -99.9
1981  8 31  -99.9  -99.9  -99.9
1981  9  1    0.0   30.0   12.0
1981  9  2    6.8   25.0   16.0
1981  9  3    1.0   25.0   15.0
1981  9  4   50.0   25.0   14.0
1981  9  5   50.0   25.0   14.0
1981  9  6    4.4   25.0   14.0
1981  9  7   21.8   25.0   14.0
1981  9  8    0.0   24.0   14.0
1981  9  9    0.0   25.0   14.0
1981  9 10    0.0   24.0   13.0
1981  9 11    0.0   24.0   13.0
1981  9 12    0.0   24.0   13.0
1981  9 13    0.0   25.0   13.0
1981  9 14    0.0   26.5   13.0
1981  9 15    3.0   26.0   13.0
1981  9 16    0.0   26.0   13.0
1981  9 17    0.0   27.0   12.0
1981  9 18    0.0   25.0    9.0
1981  9 19    0.0   25.0   10.0
1981  9 20    8.0   24.0   11.0
1981  9 21    0.0   19.0   13.0
1981  9 22    6.0   26.0   11.0
1981  9 23   13.5   26.0   12.0
1981  9 24    0.0   25.0   12.5
1981  9 25    0.0   26.0   12.0
1981  9 26    0.0   24.0   13.0
1981  9 27    0.0   26.0   14.0
1981  9 28    0.0   25.0   12.0
1981  9 29    0.0   24.0   12.0
1981  9 30    0.0   24.0   11.0
1981 10  1   50.0   22.0   10.0
1981 10  2    0.0   23.0   14.0
1981 10  3    0.0   24.0   13.0
1981 10  4    7.5   25.0   13.0
1981 10  5   20.0   20.0   12.0
1981 10  6    0.0   23.0   13.0
1981 10  7   22.0   19.0   13.0
1981 10  8    0.0   23.0   12.0
1981 10  9    0.0   22.0   11.0
1981 10 10    0.0   20.0   12.0
1981 10 11    0.0   23.0   13.0
1981 10 12   38.0   25.0   12.0
1981 10 13    0.0   25.0   10.0
1981 10 14    0.0   24.0   10.0
1981 10 15    0.0   22.0    9.0
1981 10 16    0.0   25.0    9.0
1981 10 17    0.0   25.0   10.0
1981 10 18   45.0   26.0    9.0
1981 10 19    0.0   26.0    8.0
1981 10 20    3.0   22.5    7.0
1981 10 21    1.0   24.0    9.5
1981 10 22    5.0   19.0   12.0
1981 10 23    0.0   21.0    9.0
1981 10 24    0.0   22.0    9.0
1981 10 25    0.0   21.0    7.0
1981 10 26    0.0   22.0    6.0
1981 10 27    0.0   24.0    6.0
1981 10 28    0.0   25.0    6.0
1981 10 29    0.0   25.0    6.0
1981 10 30    0.0   24.0   10.5
1981 10 31    0.0   24.0    9.0
1981 11  1    0.0   23.0   10.0
1981 11  2    0.0   25.0   12.0
1981 11  3    0.0   22.5   10.0
1981 11  4    0.0   22.0    6.0
1981 11  5    0.0   25.0    4.0
1981 11  6    0.0   14.0    4.0
1981 11  7    0.0   14.1    9.0
1981 11  8    0.0   14.0    8.0
1981 11  9    0.0   24.0    8.0
1981 11 10    0.0   18.0    2.0
1981 11 11    0.0   19.0    5.0
1981 11 12    0.0   22.0    6.0
1981 11 13    0.0   25.0    6.0
1981 11 14    0.0   22.5    7.0
1981 11 15    0.0   22.0    6.0
1981 11 16    0.0   26.0    5.0
1981 11 17    0.0   28.0    5.0
1981 11 18    0.0   27.0    9.5
1981 11 19    0.0   28.0   10.0
1981 11 20    0.0   27.0   10.0
1981 11 21    0.0   27.0    9.5
1981 11 22    0.0   25.0   10.0
1981 11 23    0.0   27.0    4.0
1981 11 24    0.0   26.0    2.0
1981 11 25    0.0   26.0    8.0
1981 11 26    0.0   24.0    8.0
1981 11 27    0.0   23.0    7.0
1981 11 28    0.0   22.0    7.5
1981 11 29    0.0   24.0    6.0
1981 11 30    0.0   25.5    4.0
1981 12  1    0.0   25.0    2.5
1981 12  2    0.0   26.0    2.0
1981 12  3    0.0   24.0    5.0
1981 12  4    0.0   20.0    8.0
1981 12  5    0.0   22.0    4.0
1981 12  6    0.0   23.0    4.0
1981 12  7    0.0   22.0    5.0
1981 12  8    0.0   19.0    3.0
1981 12  9    0.0   18.0    4.0
1981 12 10    0.0   22.0    3.5
1981 12 11    0.0   19.0    4.0
1981 12 12    0.0   21.0    4.0
1981 12 13    0.0   25.0    4.0
1981 12 14    0.0   23.0    4.0
1981 12 15    0.0   21.0    5.0
1981 12 16    0.0   21.0    5.0
1981 12 17    0.0   22.0    4.0
1981 12 18    0.0   14.0    3.0
1981 12 19    0.0   14.1    7.0
1981 12 20    0.0   25.0    4.0
1981 12 21    0.0   23.0    4.0
1981 12 22    0.0   20.0    6.0
1981 12 23    0.0   21.0    5.0
1981 12 24    0.0   18.0    5.0
1981 12 25    0.0   18.0    3.0
1981 12 26    0.0   19.0    4.0
1981 12 27    0.0   21.0    4.0
1981 12 28    0.0   22.0    5.0
1981 12 29    0.0   20.0    5.0
1981 12 30    0.0   19.0    5.0
1981 12 31    0.0   18.0    4.0
1982  1  1  -99.9  -99.9  -99.9
1982  1  2  -99.9  -99.9  -99.9
1982  1  3  -99.9  -99.9  -99.9
1982  1  4  -99.9  -99.9  -99.9
1982  1  5  -99.9  -99.9  -99.9
1982  1  6  -99.9  -99.9  -99.9
1982  1  7  -99.9  -99.9  -99.9
1982  1  8  -99.9  -99.9  -99.9
1982  1  9  -99.9  -99.9  -99.9
1982  1 10  -99.9  -99.9  -99.9
1982  1 11  -99.9  -99.9  -99.9
1982  1 12  -99.9  -99.9  -99.9
1982  1 13  -99.9  -99.9  -99.9
1982  1 14  -99.9  -99.9  -99.9
1982  1 15  -99.9  -99.9  -99.9
1982  1 16  -99.9  -99.9  -99.9
1982  1 17  -99.9  -99.9  -99.9
1982  1 18  -99.9  -99.9  -99.9
1982  1 19  -99.9  -99.9  -99.9
1982  1 20  -99.9  -99.9  -99.9
1982  1 21  -99.9  -99.9  -99.9
1982  1 22  -99.9  -99.9  -99.9
1982  1 23  -99.9  -99.9  -99.9
1982  1 24  -99.9  -99.9  -99.9
1982  1 25  -99.9  -99.9  -99.9
1982  1 26  -99.9  -99.9  -99.9
1982  1 27  -99.9  -99.9  -99.9
1982  1 28  -99.9  -99.9  -99.9
1982  1 29  -99.9  -99.9  -99.9
1982  1 30  -99.9  -99.9  -99.9
1982  1 31  -99.9  -99.9  -99.9
1982  2  1  -99.9  -99.9  -99.9
1982  2  2  -99.9  -99.9  -99.9
1982  2  3  -99.9  -99.9  -99.9
1982  2  4  -99.9  -99.9  -99.9
1982  2  5  -99.9  -99.9  -99.9
1982  2  6  -99.9  -99.9  -99.9
1982  2  7  -99.9  -99.9  -99.9
1982  2  8  -99.9  -99.9  -99.9
1982  2  9  -99.9  -99.9  -99.9
1982  2 10  -99.9  -99.9  -99.9
1982  2 11  -99.9  -99.9  -99.9
1982  2 12  -99.9  -99.9  -99.9
1982  2 13  -99.9  -99.9  -99.9
1982  2 14  -99.9  -99.9  -99.9
1982  2 15  -99.9  -99.9  -99.9
1982  2 16  -99.9  -99.9  -99.9
1982  2 17  -99.9  -99.9  -99.9
1982  2 18  -99.9  -99.9  -99.9
1982  2 19  -99.9  -99.9  -99.9
1982  2 20  -99.9  -99.9  -99.9
1982  2 21  -99.9  -99.9  -99.9
1982  2 22  -99.9  -99.9  -99.9
1982  2 23  -99.9  -99.9  -99.9
1982  2 24  -99.9  -99.9  -99.9
1982  2 25  -99.9  -99.9  -99.9
1982  2 26  -99.9  -99.9  -99.9
1982  2 27  -99.9  -99.9  -99.9
1982  2 28  -99.9  -99.9  -99.9
1982  3  1  -99.9  -99.9  -99.9
1982  3  2  -99.9  -99.9  -99.9
1982  3  3  -99.9  -99.9  -99.9
1982  3  4  -99.9  -99.9  -99.9
1982  3  5  -99.9  -99.9  -99.9
1982  3  6  -99.9  -99.9  -99.9
1982  3  7  -99.9  -99.9  -99.9
1982  3  8  -99.9  -99.9  -99.9
1982  3  9  -99.9  -99.9  -99.9
1982  3 10  -99.9  -99.9  -99.9
1982  3 11  -99.9  -99.9  -99.9
1982  3 12  -99.9  -99.9  -99.9
1982  3 13  -99.9  -99.9  -99.9
1982  3 14  -99.9  -99.9  -99.9
1982  3 15  -99.9  -99.9  -99.9
1982  3 16  -99.9  -99.9  -99.9
1982  3 17  -99.9  -99.9  -99.9
1982  3 18  -99.9  -99.9  -99.9
1982  3 19  -99.9  -99.9  -99.9
1982  3 20  -99.9  -99.9  -99.9
1982  3 21  -99.9  -99.9  -99.9
1982  3 22  -99.9  -99.9  -99.9
1982  3 23  -99.9  -99.9  -99.9
1982  3 24  -99.9  -99.9  -99.9
1982  3 25  -99.9  -99.9  -99.9
1982  3 26  -99.9  -99.9  -99.9
1982  3 27  -99.9  -99.9  -99.9
1982  3 28  -99.9  -99.9  -99.9
1982  3 29  -99.9  -99.9  -99.9
1982  3 30  -99.9  -99.9  -99.9
1982  3 31  -99.9  -99.9  -99.9
1982  4  1  -99.9  -99.9  -99.9
1982  4  2  -99.9  -99.9  -99.9
1982  4  3  -99.9  -99.9  -99.9
1982  4  4  -99.9  -99.9  -99.9
1982  4  5  -99.9  -99.9  -99.9
1982  4  6  -99.9  -99.9  -99.9
1982  4  7  -99.9  -99.9  -99.9
1982  4  8  -99.9  -99.9  -99.9
1982  4  9  -99.9  -99.9  -99.9
1982  4 10  -99.9  -99.9  -99.9
1982  4 11  -99.9  -99.9  -99.9
1982  4 12  -99.9  -99.9  -99.9
1982  4 13  -99.9  -99.9  -99.9
1982  4 14  -99.9  -99.9  -99.9
1982  4 15  -99.9  -99.9  -99.9
1982  4 16  -99.9  -99.9  -99.9
1982  4 17  -99.9  -99.9  -99.9
1982  4 18  -99.9  -99.9  -99.9
1982  4 19  -99.9  -99.9  -99.9
1982  4 20  -99.9  -99.9  -99.9
1982  4 21  -99.9  -99.9  -99.9
1982  4 22  -99.9  -99.9  -99.9
1982  4 23  -99.9  -99.9  -99.9
1982  4 24  -99.9  -99.9  -99.9
1982  4 25  -99.9  -99.9  -99.9
1982  4 26  -99.9  -99.9  -99.9
1982  4 27  -99.9  -99.9  -99.9
1982  4 28  -99.9  -99.9  -99.9
1982  4 29  -99.9  -99.9  -99.9
1982  4 30  -99.9  -99.9  -99.9
1982  5  1    0.0   25.0    7.0
1982  5  2    0.0   25.0    7.0
1982  5  3    0.0   28.0    8.0
1982  5  4    0.0   28.0   13.0
1982  5  5    0.0   28.0    7.0
1982  5  6    0.0   24.0    7.0
1982  5  7    0.0   29.0    9.0
1982  5  8    0.0   29.0    8.0
1982  5  9    0.0   29.0    9.0
1982  5 10    0.0   29.0    8.0
1982  5 11    0.0   27.0   15.5
1982  5 12    0.0   27.0   11.0
1982  5 13    0.0   27.0   11.0
1982  5 14    0.0   28.0   12.0
1982  5 15    0.0   29.0   11.0
1982  5 16    0.0   30.0   12.0
1982  5 17    0.0   29.5   12.0
1982  5 18    0.0   29.0   11.0
1982  5 19    0.0   28.0   11.0
1982  5 20    0.0   22.0   13.5
1982  5 21    0.0   24.0   11.0
1982  5 22    0.0   25.0   11.0
1982  5 23    0.0   29.0   11.0
1982  5 24    0.0   29.0   11.0
1982  5 25    0.0   31.0   11.0
1982  5 26    0.0   33.0   16.0
1982  5 27    0.0   32.0   12.0
1982  5 28    0.0   32.0    9.0
1982  5 29    0.0   32.0    9.0
1982  5 30    0.0   32.0   11.0
1982  5 31    0.0   34.0   12.0
1982  6  1    0.0   37.0   12.0
1982  6  2    0.0   34.0   12.0
1982  6  3    0.0   36.0   18.0
1982  6  4    0.0   35.5   18.0
1982  6  5    0.0   29.0   13.0
1982  6  6    5.0   36.0   14.0
1982  6  7    0.0   32.0   17.0
1982  6  8   18.0   33.0   16.0
1982  6  9    0.0   34.0   16.0
1982  6 10    0.0   34.0   16.0
1982  6 11    0.0   34.0   14.0
1982  6 12    0.0   33.0   16.0
1982  6 13    0.0   35.0   17.0
1982  6 14    0.0   35.0   16.0
1982  6 15    0.0   35.0   18.0
1982  6 16    0.0   34.0   20.0
1982  6 17    0.0   36.0   15.0
1982  6 18    0.0   29.0   18.0
1982  6 19    0.0   29.0   17.0
1982  6 20    0.0   34.0   14.0
1982  6 21    0.0   32.0   13.0
1982  6 22    0.0   31.5   15.0
1982  6 23    0.0   33.0   20.0
1982  6 24    0.0   34.0   20.0
1982  6 25    0.0   35.0   19.0
1982  6 26    0.0   35.0   19.0
1982  6 27    0.0   35.0   18.0
1982  6 28    0.0   34.0   16.0
1982  6 29    0.0   34.0   15.0
1982  6 30    0.0   33.0   15.0
1982  7  1  -99.9  -99.9  -99.9
1982  7  2  -99.9  -99.9  -99.9
1982  7  3  -99.9  -99.9  -99.9
1982  7  4  -99.9  -99.9  -99.9
1982  7  5  -99.9  -99.9  -99.9
1982  7  6  -99.9  -99.9  -99.9
1982  7  7  -99.9  -99.9  -99.9
1982  7  8  -99.9  -99.9  -99.9
1982  7  9  -99.9  -99.9  -99.9
1982  7 10  -99.9  -99.9  -99.9
1982  7 11  -99.9  -99.9  -99.9
1982  7 12  -99.9  -99.9  -99.9
1982  7 13  -99.9  -99.9  -99.9
1982  7 14  -99.9  -99.9  -99.9
1982  7 15  -99.9  -99.9  -99.9
1982  7 16  -99.9  -99.9  -99.9
1982  7 17  -99.9  -99.9  -99.9
1982  7 18  -99.9  -99.9  -99.9
1982  7 19  -99.9  -99.9  -99.9
1982  7 20  -99.9  -99.9  -99.9
1982  7 21  -99.9  -99.9  -99.9
1982  7 22  -99.9  -99.9  -99.9
1982  7 23  -99.9  -99.9  -99.9
1982  7 24  -99.9  -99.9  -99.9
1982  7 25  -99.9  -99.9  -99.9
1982  7 26  -99.9  -99.9  -99.9
1982  7 27  -99.9  -99.9  -99.9
1982  7 28  -99.9  -99.9  -99.9
1982  7 29  -99.9  -99.9  -99.9
1982  7 30  -99.9  -99.9  -99.9
1982  7 31  -99.9  -99.9  -99.9
1982  8  1    0.0   28.0   14.0
1982  8  2    0.0   28.0   15.0
1982  8  3    0.0   28.0   15.0
1982  8  4    0.0   29.0   15.0
1982  8  5    0.0   30.0   14.0
1982  8  6    0.0   29.0   14.0
1982  8  7    0.0   27.0   14.0
1982  8  8    0.0   27.0   14.0
1982  8  9    0.0   26.0   14.0
1982  8 10    9.5   24.0   13.0
1982  8 11   33.2   23.0   13.0
1982  8 12   17.0   27.0   14.0
1982  8 13    0.0   28.0   14.0
1982  8 14    0.0   29.0   13.0
1982  8 15    1.5   30.0   14.0
1982  8 16    0.0   29.0   14.0
1982  8 17    1.0   29.0   15.5
1982  8 18    0.0   29.0   16.0
1982  8 19    0.0   29.0   15.0
1982  8 20    0.0   28.0   14.0
1982  8 21    0.0   28.0   14.0
1982  8 22    0.0   29.0   13.0
1982  8 23   17.5   29.0   13.0
1982  8 24    0.0   28.0   13.0
1982  8 25    0.0   29.0   13.0
1982  8 26    5.3   29.0   13.0
1982  8 27    0.0   29.0   13.0
1982  8 28    0.0   28.0   12.0
1982  8 29    0.0   29.0   11.0
1982  8 30    0.0   28.0   13.0
1982  8 31    0.0   29.0   14.0
1982  9  1    0.0   29.0   14.0
1982  9  2    0.0   30.0   14.0
1982  9  3    0.0   29.0   13.0
1982  9  4    0.0   29.0   14.0
1982  9  5    0.0   28.0   13.0
1982  9  6   33.0   28.0   13.0
1982  9  7    0.0   26.0   14.0
1982  9  8    0.0   27.0   13.0
1982  9  9    0.0   26.0   15.0
1982  9 10    0.0   25.0   16.0
1982  9 11    0.0   24.0   17.0
1982  9 12   12.6   24.0   15.0
1982  9 13    0.0   24.0   12.0
1982  9 14    0.0   26.0   12.0
1982  9 15    0.0   28.0   13.0
1982  9 16    0.0   29.0   13.0
1982  9 17    0.0   29.0   12.0
1982  9 18    0.0   29.0   13.0
1982  9 19    0.0   28.0   12.0
1982  9 20    0.0   27.0   12.0
1982  9 21    0.0   24.0   12.0
1982  9 22    0.0   25.0   11.0
1982  9 23    0.0   27.0   11.0
1982  9 24    0.0   28.0   11.0
1982  9 25    0.0   28.0   11.0
1982  9 26    0.0   29.0   11.0
1982  9 27    3.5   31.0   11.0
1982  9 28    3.5   26.0   12.0
1982  9 29    0.0   25.0   15.0
1982  9 30    0.0   29.0   14.0
1982 10  1    0.0   28.0   15.0
1982 10  2    0.0   27.0   14.0
1982 10  3    0.0   28.0   13.0
1982 10  4    0.0   28.0   12.0
1982 10  5    0.0   29.0   10.0
1982 10  6    0.0   29.0   14.0
1982 10  7    0.0   30.0   15.0
1982 10  8    0.0   30.0   15.0
1982 10  9    0.0   29.0   15.0
1982 10 10    0.0   30.0   14.0
1982 10 11    0.0   27.0   15.0
1982 10 12    0.0   27.0    6.0
1982 10 13    0.0   27.0    6.0
1982 10 14    0.0   28.0    7.0
1982 10 15    0.0   28.0    7.0
1982 10 16    0.0   29.0    8.0
1982 10 17    0.0   29.0    8.0
1982 10 18    0.0   29.0    7.0
1982 10 19    0.0   28.0   15.0
1982 10 20    0.0   28.0   15.0
1982 10 21    0.0   25.5   10.0
1982 10 22    0.0   25.0    9.0
1982 10 23    0.0   25.0    8.0
1982 10 24    0.0   25.0    7.0
1982 10 25    0.0   26.0    7.0
1982 10 26    0.0   28.0    9.0
1982 10 27    0.0   29.0   11.0
1982 10 28    0.0   24.0    8.0
1982 10 29    0.0   24.0    7.0
1982 10 30    0.0   23.0    7.0
1982 10 31    0.0   24.0    6.0
1982 11  1    0.0   19.0    6.0
1982 11  2    0.0   20.0    6.0
1982 11  3    0.0    9.0    5.0
1982 11  4    0.0   17.0   -3.0
1982 11  5    0.0   27.0    1.0
1982 11  6    0.0   28.0    5.0
1982 11  7    0.0   28.0    5.0
1982 11  8    0.0   21.0    5.0
1982 11  9    0.0   26.0    9.0
1982 11 10    0.0   26.0    9.0
1982 11 11    0.0   26.0   11.0
1982 11 12    0.0   27.0    2.0
1982 11 13    0.0   26.0    5.0
1982 11 14    0.0   26.0    8.0
1982 11 15    0.0   26.0   11.0
1982 11 16    0.0   26.0    2.0
1982 11 17    0.0   20.0    8.0
1982 11 18   45.0   15.0    8.0
1982 11 19    0.0   20.0    4.0
1982 11 20    0.0   22.0    4.0
1982 11 21    0.0   24.0    4.0
1982 11 22    0.0   24.0    4.0
1982 11 23    0.0   23.0    7.0
1982 11 24    0.0    9.0    4.0
1982 11 25    0.0    9.0    1.0
1982 11 26    0.0   18.0    1.0
1982 11 27    0.0   17.0    0.0
1982 11 28    0.0   17.0   -1.0
1982 11 29    0.0   15.0    1.0
1982 11 30    0.0   11.0    3.0
1982 12  1    0.0   10.0    4.0
1982 12  2    5.0    9.0    3.0
1982 12  3    0.0    8.0    2.0
1982 12  4    0.0   18.0    3.0
1982 12  5    0.0   20.0    4.0
1982 12  6    0.0   21.0    1.0
1982 12  7    0.0   21.0   -4.0
1982 12  8   15.0   11.0    4.0
1982 12  9    0.0   13.0    6.0
1982 12 10    0.0   17.0    6.0
1982 12 11    0.0   19.0    5.0
1982 12 12    0.0   21.0    5.0
1982 12 13    0.0   18.0    4.0
1982 12 14    0.0   18.0    2.0
1982 12 15    0.0   17.0    3.0
1982 12 16    0.0   18.0    0.0
1982 12 17    0.0   19.0    1.0
1982 12 18    0.0   15.0    2.0
1982 12 19    0.0   13.0    3.0
1982 12 20    0.0   11.0    3.0
1982 12 21    0.0   12.0    4.0
1982 12 22    0.0   11.0    3.0
1982 12 23    0.0   14.0    2.0
1982 12 24    0.0   15.0    2.0
1982 12 25    0.0   15.0   -2.0
1982 12 26    0.0   14.0   -4.0
1982 12 27    0.0    9.0    0.0
1982 12 28    0.0   11.0    2.0
1982 12 29    0.0   11.0    0.0
1982 12 30    0.0   12.0    1.0
1982 12 31    0.0   11.0    1.0
1983  1  1    0.0   11.0    3.0
1983  1  2    0.0   11.0    3.0
1983  1  3    0.0   12.0    2.0
1983  1  4    0.0   12.0    2.0
1983  1  5    0.0   17.0    2.0
1983  1  6    0.0   16.0    1.0
1983  1  7    0.0   18.0    0.0
1983  1  8    0.0   20.0    0.0
1983  1  9    0.0   22.0    0.0
1983  1 10    0.0   15.0    2.0
1983  1 11    0.0   15.0    3.0
1983  1 12    0.0   15.0    4.0
1983  1 13   10.0   16.0    3.0
1983  1 14    0.0   16.0    4.0
1983  1 15    0.0   15.0    3.0
1983  1 16    0.0   10.0    3.0
1983  1 17    0.0   10.0    3.0
1983  1 18   10.0   15.0    3.0
1983  1 19    0.0   15.0    5.0
1983  1 20    4.5    8.0    3.0
1983  1 21    0.0    8.0   -2.0
1983  1 22    0.0    8.0   -3.0
1983  1 23    0.0   12.0    1.0
1983  1 24    0.0   16.0   -4.0
1983  1 25    0.0   21.0   -4.5
1983  1 26    0.0   22.0    2.0
1983  1 27    0.0   20.0    3.0
1983  1 28    0.0   18.0    3.0
1983  1 29    0.0   20.0    3.0
1983  1 30    5.0   19.0    4.0
1983  1 31    0.0   18.0    3.0
1983  2  1  -99.9  -99.9  -99.9
1983  2  2  -99.9  -99.9  -99.9
1983  2  3  -99.9  -99.9  -99.9
1983  2  4  -99.9  -99.9  -99.9
1983  2  5  -99.9  -99.9  -99.9
1983  2  6  -99.9  -99.9  -99.9
1983  2  7  -99.9  -99.9  -99.9
1983  2  8  -99.9  -99.9  -99.9
1983  2  9  -99.9  -99.9  -99.9
1983  2 10  -99.9  -99.9  -99.9
1983  2 11  -99.9  -99.9  -99.9
1983  2 12  -99.9  -99.9  -99.9
1983  2 13  -99.9  -99.9  -99.9
1983  2 14  -99.9  -99.9  -99.9
1983  2 15  -99.9  -99.9  -99.9
1983  2 16  -99.9  -99.9  -99.9
1983  2 17  -99.9  -99.9  -99.9
1983  2 18  -99.9  -99.9  -99.9
1983  2 19  -99.9  -99.9  -99.9
1983  2 20  -99.9  -99.9  -99.9
1983  2 21  -99.9  -99.9  -99.9
1983  2 22  -99.9  -99.9  -99.9
1983  2 23  -99.9  -99.9  -99.9
1983  2 24  -99.9  -99.9  -99.9
1983  2 25  -99.9  -99.9  -99.9
1983  2 26  -99.9  -99.9  -99.9
1983  2 27  -99.9  -99.9  -99.9
1983  2 28  -99.9  -99.9  -99.9
1983  3  1  -99.9  -99.9  -99.9
1983  3  2  -99.9  -99.9  -99.9
1983  3  3  -99.9  -99.9  -99.9
1983  3  4  -99.9  -99.9  -99.9
1983  3  5  -99.9  -99.9  -99.9
1983  3  6  -99.9  -99.9  -99.9
1983  3  7  -99.9  -99.9  -99.9
1983  3  8  -99.9  -99.9  -99.9
1983  3  9  -99.9  -99.9  -99.9
1983  3 10  -99.9  -99.9  -99.9
1983  3 11  -99.9  -99.9  -99.9
1983  3 12  -99.9  -99.9  -99.9
1983  3 13  -99.9  -99.9  -99.9
1983  3 14  -99.9  -99.9  -99.9
1983  3 15  -99.9  -99.9  -99.9
1983  3 16  -99.9  -99.9  -99.9
1983  3 17  -99.9  -99.9  -99.9
1983  3 18  -99.9  -99.9  -99.9
1983  3 19  -99.9  -99.9  -99.9
1983  3 20  -99.9  -99.9  -99.9
1983  3 21  -99.9  -99.9  -99.9
1983  3 22  -99.9  -99.9  -99.9
1983  3 23  -99.9  -99.9  -99.9
1983  3 24  -99.9  -99.9  -99.9
1983  3 25  -99.9  -99.9  -99.9
1983  3 26  -99.9  -99.9  -99.9
1983  3 27  -99.9  -99.9  -99.9
1983  3 28  -99.9  -99.9  -99.9
1983  3 29  -99.9  -99.9  -99.9
1983  3 30  -99.9  -99.9  -99.9
1983  3 31  -99.9  -99.9  -99.9
1983  4  1  -99.9  -99.9  -99.9
1983  4  2  -99.9  -99.9  -99.9
1983  4  3  -99.9  -99.9  -99.9
1983  4  4  -99.9  -99.9  -99.9
1983  4  5  -99.9  -99.9  -99.9
1983  4  6  -99.9  -99.9  -99.9
1983  4  7  -99.9  -99.9  -99.9
1983  4  8  -99.9  -99.9  -99.9
1983  4  9  -99.9  -99.9  -99.9
1983  4 10  -99.9  -99.9  -99.9
1983  4 11  -99.9  -99.9  -99.9
1983  4 12  -99.9  -99.9  -99.9
1983  4 13  -99.9  -99.9  -99.9
1983  4 14  -99.9  -99.9  -99.9
1983  4 15  -99.9  -99.9  -99.9
1983  4 16  -99.9  -99.9  -99.9
1983  4 17  -99.9  -99.9  -99.9
1983  4 18  -99.9  -99.9  -99.9
1983  4 19  -99.9  -99.9  -99.9
1983  4 20  -99.9  -99.9  -99.9
1983  4 21  -99.9  -99.9  -99.9
1983  4 22  -99.9  -99.9  -99.9
1983  4 23  -99.9  -99.9  -99.9
1983  4 24  -99.9  -99.9  -99.9
1983  4 25  -99.9  -99.9  -99.9
1983  4 26  -99.9  -99.9  -99.9
1983  4 27  -99.9  -99.9  -99.9
1983  4 28  -99.9  -99.9  -99.9
1983  4 29  -99.9  -99.9  -99.9
1983  4 30  -99.9  -99.9  -99.9
1983  5  1  -99.9  -99.9  -99.9
1983  5  2  -99.9  -99.9  -99.9
1983  5  3  -99.9  -99.9  -99.9
1983  5  4  -99.9  -99.9  -99.9
1983  5  5  -99.9  -99.9  -99.9
1983  5  6  -99.9  -99.9  -99.9
1983  5  7  -99.9  -99.9  -99.9
1983  5  8  -99.9  -99.9  -99.9
1983  5  9  -99.9  -99.9  -99.9
1983  5 10  -99.9  -99.9  -99.9
1983  5 11  -99.9  -99.9  -99.9
1983  5 12  -99.9  -99.9  -99.9
1983  5 13  -99.9  -99.9  -99.9
1983  5 14  -99.9  -99.9  -99.9
1983  5 15  -99.9  -99.9  -99.9
1983  5 16  -99.9  -99.9  -99.9
1983  5 17  -99.9  -99.9  -99.9
1983  5 18  -99.9  -99.9  -99.9
1983  5 19  -99.9  -99.9  -99.9
1983  5 20  -99.9  -99.9  -99.9
1983  5 21  -99.9  -99.9  -99.9
1983  5 22  -99.9  -99.9  -99.9
1983  5 23  -99.9  -99.9  -99.9
1983  5 24  -99.9  -99.9  -99.9
1983  5 25  -99.9  -99.9  -99.9
1983  5 26  -99.9  -99.9  -99.9
1983  5 27  -99.9  -99.9  -99.9
1983  5 28  -99.9  -99.9  -99.9
1983  5 29  -99.9  -99.9  -99.9
1983  5 30  -99.9  -99.9  -99.9
1983  5 31  -99.9  -99.9  -99.9
1983  6  1  -99.9  -99.9  -99.9
1983  6  2  -99.9  -99.9  -99.9
1983  6  3  -99.9  -99.9  -99.9
1983  6  4  -99.9  -99.9  -99.9
1983  6  5  -99.9  -99.9  -99.9
1983  6  6  -99.9  -99.9  -99.9
1983  6  7  -99.9  -99.9  -99.9
1983  6  8  -99.9  -99.9  -99.9
1983  6  9  -99.9  -99.9  -99.9
1983  6 10  -99.9  -99.9  -99.9
1983  6 11  -99.9  -99.9  -99.9
1983  6 12  -99.9  -99.9  -99.9
1983  6 13  -99.9  -99.9  -99.9
1983  6 14  -99.9  -99.9  -99.9
1983  6 15  -99.9  -99.9  -99.9
1983  6 16  -99.9  -99.9  -99.9
1983  6 17  -99.9  -99.9  -99.9
1983  6 18  -99.9  -99.9  -99.9
1983  6 19  -99.9  -99.9  -99.9
1983  6 20  -99.9  -99.9  -99.9
1983  6 21  -99.9  -99.9  -99.9
1983  6 22  -99.9  -99.9  -99.9
1983  6 23  -99.9  -99.9  -99.9
1983  6 24  -99.9  -99.9  -99.9
1983  6 25  -99.9  -99.9  -99.9
1983  6 26  -99.9  -99.9  -99.9
1983  6 27  -99.9  -99.9  -99.9
1983  6 28  -99.9  -99.9  -99.9
1983  6 29  -99.9  -99.9  -99.9
1983  6 30  -99.9  -99.9  -99.9
1983  7  1  -99.9  -99.9  -99.9
1983  7  2  -99.9  -99.9  -99.9
1983  7  3  -99.9  -99.9  -99.9
1983  7  4  -99.9  -99.9  -99.9
1983  7  5  -99.9  -99.9  -99.9
1983  7  6  -99.9  -99.9  -99.9
1983  7  7  -99.9  -99.9  -99.9
1983  7  8  -99.9  -99.9  -99.9
1983  7  9  -99.9  -99.9  -99.9
1983  7 10  -99.9  -99.9  -99.9
1983  7 11  -99.9  -99.9  -99.9
1983  7 12  -99.9  -99.9  -99.9
1983  7 13  -99.9  -99.9  -99.9
1983  7 14  -99.9  -99.9  -99.9
1983  7 15  -99.9  -99.9  -99.9
1983  7 16  -99.9  -99.9  -99.9
1983  7 17  -99.9  -99.9  -99.9
1983  7 18  -99.9  -99.9  -99.9
1983  7 19  -99.9  -99.9  -99.9
1983  7 20  -99.9  -99.9  -99.9
1983  7 21  -99.9  -99.9  -99.9
1983  7 22  -99.9  -99.9  -99.9
1983  7 23  -99.9  -99.9  -99.9
1983  7 24  -99.9  -99.9  -99.9
1983  7 25  -99.9  -99.9  -99.9
1983  7 26  -99.9  -99.9  -99.9
1983  7 27  -99.9  -99.9  -99.9
1983  7 28  -99.9  -99.9  -99.9
1983  7 29  -99.9  -99.9  -99.9
1983  7 30  -99.9  -99.9  -99.9
1983  7 31  -99.9  -99.9  -99.9
1983  8  1  -99.9  -99.9  -99.9
1983  8  2  -99.9  -99.9  -99.9
1983  8  3  -99.9  -99.9  -99.9
1983  8  4  -99.9  -99.9  -99.9
1983  8  5  -99.9  -99.9  -99.9
1983  8  6  -99.9  -99.9  -99.9
1983  8  7  -99.9  -99.9  -99.9
1983  8  8  -99.9  -99.9  -99.9
1983  8  9  -99.9  -99.9  -99.9
1983  8 10  -99.9  -99.9  -99.9
1983  8 11  -99.9  -99.9  -99.9
1983  8 12  -99.9  -99.9  -99.9
1983  8 13  -99.9  -99.9  -99.9
1983  8 14  -99.9  -99.9  -99.9
1983  8 15  -99.9  -99.9  -99.9
1983  8 16  -99.9  -99.9  -99.9
1983  8 17  -99.9  -99.9  -99.9
1983  8 18  -99.9  -99.9  -99.9
1983  8 19  -99.9  -99.9  -99.9
1983  8 20  -99.9  -99.9  -99.9
1983  8 21  -99.9  -99.9  -99.9
1983  8 22  -99.9  -99.9  -99.9
1983  8 23  -99.9  -99.9  -99.9
1983  8 24  -99.9  -99.9  -99.9
1983  8 25  -99.9  -99.9  -99.9
1983  8 26  -99.9  -99.9  -99.9
1983  8 27  -99.9  -99.9  -99.9
1983  8 28  -99.9  -99.9  -99.9
1983  8 29  -99.9  -99.9  -99.9
1983  8 30  -99.9  -99.9  -99.9
1983  8 31  -99.9  -99.9  -99.9
1983  9  1  -99.9  -99.9  -99.9
1983  9  2  -99.9  -99.9  -99.9
1983  9  3  -99.9  -99.9  -99.9
1983  9  4  -99.9  -99.9  -99.9
1983  9  5  -99.9  -99.9  -99.9
1983  9  6  -99.9  -99.9  -99.9
1983  9  7  -99.9  -99.9  -99.9
1983  9  8  -99.9  -99.9  -99.9
1983  9  9  -99.9  -99.9  -99.9
1983  9 10  -99.9  -99.9  -99.9
1983  9 11  -99.9  -99.9  -99.9
1983  9 12  -99.9  -99.9  -99.9
1983  9 13  -99.9  -99.9  -99.9
1983  9 14  -99.9  -99.9  -99.9
1983  9 15  -99.9  -99.9  -99.9
1983  9 16  -99.9  -99.9  -99.9
1983  9 17  -99.9  -99.9  -99.9
1983  9 18  -99.9  -99.9  -99.9
1983  9 19  -99.9  -99.9  -99.9
1983  9 20  -99.9  -99.9  -99.9
1983  9 21  -99.9  -99.9  -99.9
1983  9 22  -99.9  -99.9  -99.9
1983  9 23  -99.9  -99.9  -99.9
1983  9 24  -99.9  -99.9  -99.9
1983  9 25  -99.9  -99.9  -99.9
1983  9 26  -99.9  -99.9  -99.9
1983  9 27  -99.9  -99.9  -99.9
1983  9 28  -99.9  -99.9  -99.9
1983  9 29  -99.9  -99.9  -99.9
1983  9 30  -99.9  -99.9  -99.9
1983 10  1  -99.9  -99.9  -99.9
1983 10  2  -99.9  -99.9  -99.9
1983 10  3  -99.9  -99.9  -99.9
1983 10  4  -99.9  -99.9  -99.9
1983 10  5  -99.9  -99.9  -99.9
1983 10  6  -99.9  -99.9  -99.9
1983 10  7  -99.9  -99.9  -99.9
1983 10  8  -99.9  -99.9  -99.9
1983 10  9  -99.9  -99.9  -99.9
1983 10 10  -99.9  -99.9  -99.9
1983 10 11  -99.9  -99.9  -99.9
1983 10 12  -99.9  -99.9  -99.9
1983 10 13  -99.9  -99.9  -99.9
1983 10 14  -99.9  -99.9  -99.9
1983 10 15  -99.9  -99.9  -99.9
1983 10 16  -99.9  -99.9  -99.9
1983 10 17  -99.9  -99.9  -99.9
1983 10 18  -99.9  -99.9  -99.9
1983 10 19  -99.9  -99.9  -99.9
1983 10 20  -99.9  -99.9  -99.9
1983 10 21  -99.9  -99.9  -99.9
1983 10 22  -99.9  -99.9  -99.9
1983 10 23  -99.9  -99.9  -99.9
1983 10 24  -99.9  -99.9  -99.9
1983 10 25  -99.9  -99.9  -99.9
1983 10 26  -99.9  -99.9  -99.9
1983 10 27  -99.9  -99.9  -99.9
1983 10 28  -99.9  -99.9  -99.9
1983 10 29  -99.9  -99.9  -99.9
1983 10 30  -99.9  -99.9  -99.9
1983 10 31  -99.9  -99.9  -99.9
1983 11  1  -99.9  -99.9  -99.9
1983 11  2  -99.9  -99.9  -99.9
1983 11  3  -99.9  -99.9  -99.9
1983 11  4  -99.9  -99.9  -99.9
1983 11  5  -99.9  -99.9  -99.9
1983 11  6  -99.9  -99.9  -99.9
1983 11  7  -99.9  -99.9  -99.9
1983 11  8  -99.9  -99.9  -99.9
1983 11  9  -99.9  -99.9  -99.9
1983 11 10  -99.9  -99.9  -99.9
1983 11 11  -99.9  -99.9  -99.9
1983 11 12  -99.9  -99.9  -99.9
1983 11 13  -99.9  -99.9  -99.9
1983 11 14  -99.9  -99.9  -99.9
1983 11 15  -99.9  -99.9  -99.9
1983 11 16  -99.9  -99.9  -99.9
1983 11 17  -99.9  -99.9  -99.9
1983 11 18  -99.9  -99.9  -99.9
1983 11 19  -99.9  -99.9  -99.9
1983 11 20  -99.9  -99.9  -99.9
1983 11 21  -99.9  -99.9  -99.9
1983 11 22  -99.9  -99.9  -99.9
1983 11 23  -99.9  -99.9  -99.9
1983 11 24  -99.9  -99.9  -99.9
1983 11 25  -99.9  -99.9  -99.9
1983 11 26  -99.9  -99.9  -99.9
1983 11 27  -99.9  -99.9  -99.9
1983 11 28  -99.9  -99.9  -99.9
1983 11 29  -99.9  -99.9  -99.9
1983 11 30  -99.9  -99.9  -99.9
1983 12  1  -99.9  -99.9  -99.9
1983 12  2  -99.9  -99.9  -99.9
1983 12  3  -99.9  -99.9  -99.9
1983 12  4  -99.9  -99.9  -99.9
1983 12  5  -99.9  -99.9  -99.9
1983 12  6  -99.9  -99.9  -99.9
1983 12  7  -99.9  -99.9  -99.9
1983 12  8  -99.9  -99.9  -99.9
1983 12  9  -99.9  -99.9  -99.9
1983 12 10  -99.9  -99.9  -99.9
1983 12 11  -99.9  -99.9  -99.9
1983 12 12  -99.9  -99.9  -99.9
1983 12 13  -99.9  -99.9  -99.9
1983 12 14  -99.9  -99.9  -99.9
1983 12 15  -99.9  -99.9  -99.9
1983 12 16  -99.9  -99.9  -99.9
1983 12 17  -99.9  -99.9  -99.9
1983 12 18  -99.9  -99.9  -99.9
1983 12 19  -99.9  -99.9  -99.9
1983 12 20  -99.9  -99.9  -99.9
1983 12 21  -99.9  -99.9  -99.9
1983 12 22  -99.9  -99.9  -99.9
1983 12 23  -99.9  -99.9  -99.9
1983 12 24  -99.9  -99.9  -99.9
1983 12 25  -99.9  -99.9  -99.9
1983 12 26  -99.9  -99.9  -99.9
1983 12 27  -99.9  -99.9  -99.9
1983 12 28  -99.9  -99.9  -99.9
1983 12 29  -99.9  -99.9  -99.9
1983 12 30  -99.9  -99.9  -99.9
1983 12 31  -99.9  -99.9  -99.9
