1975 5 10 6 5
1975 7 11 16 4
1975 10 11 6 4
1976 1 25 -3 4
1977 7 8 14.4 4
1977 9 18 12 4
1977 9 30 16 6
1978 1 28 5 5
1978 3 5 7 4
1978 6 18 18 4
1978 7 12 18 5
1978 8 10 15 4
1978 8 14 17.5 4
1978 12 29 4 4
1979 6 10 16 4
1979 8 8 16 4
1980 2 23 6 4
1980 5 25 10 4
1980 6 5 20 4
1980 6 21 17 4
1980 9 12 17 4
1980 11 11 5 5
1981 6 12 17 4
1981 7 19 20 4
1982 6 11 18 4
1982 7 11 17 4
1982 7 18 17 4
1982 8 17 17 4
1982 9 19 16 5
1983 4 20 7 4
1983 6 12 20 4
1983 7 17 18 4
1983 8 25 17 4
1984 3 24 5 4
1985 6 4 13 4
1985 6 17 15 4
1986 9 16 15 4
1986 9 20 17 4
1987 7 25 16 5
1988 8 14 17 4
