1975 11 17 -1 4
1976 1 23 -2 4
1976 8 5 15 4
1977 8 16 17 4
1977 8 24 16 4
1978 6 19 18 4
1978 7 29 16 6
1978 8 10 15 5
1978 11 26 6 6
1979 4 22 11 5
1979 5 12 12 6
1979 7 21 17 4
1979 8 16 16 4
1979 8 20 15 4
1979 9 13 14 10
1979 11 30 -1 5
1980 8 31 16 6
1980 11 13 5 4
1981 6 22 17 7
1981 7 2 17 4
1981 9 2 17 4
1981 9 7 17 4
1981 9 15 16 5
1981 12 12 2 5
1982 3 17 9 4
1982 7 12 17 4
1982 7 17 16 4
1982 8 21 17 5
1982 11 2 6 5
1983 8 24 16 8
1984 5 5 10 4
1984 6 18 17 7
1984 7 1 17 4
1984 7 28 16 6
1984 8 27 16 4
1986 6 5 15 6
1986 7 9 16 4
1986 7 18 16 4
1986 8 27 16 4
1987 4 7 7 4
1987 5 7 12 5
1987 7 23 17 4
1987 8 2 16 4
1987 11 23 2 4
1988 8 27 17 6
1988 9 19 14 5
