pc up
1957 5 5 35 24.5 12 12.5
1976 5 18 25 26 10 16
1952 6 27 51 32.8 11.1 21.7
1938 7 23 51.5 27 17 10
1945 7 2 56 32 8 24
1985 7 26 45 23 17 6
1937 8 20 57.5 36 20.8 15.2
1942 8 15 61.5 30.7 20.3 10.4
1947 8 14 55 34.2 20 14.2
1954 8 25 57 31.1 18.3 12.8
1973 8 29 46.5 29.5 18.5 11
1941 10 10 52.4 19.7 15.6 4.1
1946 10 6 44.1 25 15 10
1983 11 26 35 18 0 18
tx up
tx low
1942 4 8 0 12.9 2.5 10.4
1947 4 13 0 11.1 5.8 5.3
1949 4 4 0 14.4 5 9.4
1959 4 13 0 12 5 7
1959 4 14 0 12 6 6
1980 4 13 0 13.5 0 13.5
1982 4 22 5 14.5 9 5.5
1983 4 7 1 10 2 8
1983 4 8 0 14 3 11
1957 5 6 2.5 18.5 10.5 8
1961 6 16 27.2 20 17 3
1979 6 10 18 21.5 17 4.5
1959 7 18 0.5 20 18 2
1970 9 27 28 12 4 8
1979 9 15 40 15.1 14 1.1
1979 9 16 6.5 16 11 5
1981 9 23 1.1 10 9 1
1948 10 17 2.5 12.2 11.7 0.5
1957 10 26 0 11 3 8
1957 10 27 0 13 5 8
1958 10 29 2.5 10 1 9
1958 10 30 1.5 13 3 10
1958 10 31 0 13 3 10
1976 10 28 4.5 12 4 8
1981 10 23 0 10.1 9 1.1
tn up
tn low
1945 6 9 0 42.5 4 38.5
1945 6 28 0 45 5 40
1945 7 1 6.5 39 6 33
1945 7 2 56 32 8 24
1945 7 4 0 31 9.5 21.5
1945 7 5 0 38.5 8 30.5
1945 7 6 4.5 35 8.5 26.5
1945 7 7 8 33 8 25
1945 7 9 0 39 9 30
1945 7 10 2.7 39 8.5 30.5
1945 7 11 0 33 7 26
1964 7 30 0 30 10 20
1973 7 24 0 34 10 24
1977 7 14 0 34 9 25
tr up
1945 5 28 0 46.5 9.5 37
1945 5 29 0 44.5 8 36.5
1945 5 30 NA 45 8.5 36.5
1945 6 7 0 44 8 36
1945 6 8 0 44 8.5 35.5
1945 6 9 0 42.5 4 38.5
1945 6 10 0 42 9 33
1945 6 11 0 42 10 32
1945 6 14 0 46 9.5 36.5
1945 6 15 0 46.5 9 37.5
1945 6 16 0 45 8 37
1945 6 17 0 46 7 39
1945 6 18 1.5 43.5 8 35.5
1945 6 21 0 43 10 33
1945 6 22 0 42 8.5 33.5
1945 6 23 0 41 9 32
1945 6 24 0 44.5 9.5 35
1945 6 25 0 45 8 37
1945 6 26 0 45 6.5 38.5
1945 6 27 0 46.5 6.5 40
1945 6 28 0 45 5 40
1945 6 29 0 45 9 36
1945 6 30 0 42 10 32
1945 7 1 6.5 39 6 33
1945 7 5 0 38.5 8 30.5
1945 7 9 0 39 9 30
1945 7 10 2.7 39 8.5 30.5
tr low
