1941 7 11 14.3 4
1942 8 1 20.1 4
1943 9 2 20.1 4
1944 11 29 0.2 4
1945 10 4 13 4
1946 4 16 14 5
1946 4 23 12 4
1946 9 1 18 4
1946 9 5 19 4
1946 9 16 19 4
1946 12 28 2.2 4
1949 2 8 1.7 4
1949 9 5 20 4
1949 11 19 2.2 6
1950 1 4 5.6 4
1950 5 31 20.6 5
1950 7 12 21.1 4
1950 10 12 14.4 4
1950 12 24 0 5
1952 12 16 -0.6 4
1955 2 10 -3.3 5
1955 2 24 -1.1 5
1955 7 17 21.7 4
1955 10 25 8.3 5
1956 1 14 -0.5 4
1956 4 2 10 4
1957 12 14 -1 4
1957 12 24 -2 4
1958 1 12 0 4
1958 2 23 9 4
1958 9 13 17 4
1959 3 2 0 4
1959 8 7 19 4
1959 9 5 17 4
1962 9 22 15 4
1963 3 14 3 6
1963 3 23 3 5
1963 7 24 20 4
1963 9 3 17 4
1963 10 10 9 4
1963 10 31 9 4
1963 11 11 2 4
1964 2 10 -1 4
1964 7 21 13 5
1964 7 29 11 7
1964 10 11 7 4
1964 12 31 3 5
1965 5 17 12 4
1965 11 21 6 4
1966 6 28 17 4
1970 9 11 14 5
1972 4 5 4 4
1972 8 9 13 4
1972 8 22 14 4
1973 2 20 1 4
1974 7 10 18 4
1974 9 23 13 10
1974 10 27 7 4
1974 11 6 3 5
1975 1 3 -3 4
1975 6 22 18 4
1975 7 19 15 8
1975 8 17 15 4
1975 8 21 14 4
1975 9 12 15 4
1975 9 27 4 5
1976 3 24 5 4
1976 7 5 15 5
1976 7 15 15 8
1976 8 14 13 4
1976 9 8 13 4
1976 9 21 12 5
1976 11 6 0 4
1976 11 23 0 4
1977 6 12 13 6
1977 8 10 17 4
1977 8 18 15 4
1977 9 11 15 4
1978 7 6 21 4
1979 3 20 8 5
1979 9 8 17 5
1979 9 21 12 5
1979 9 30 11 4
1979 10 4 12 4
1979 10 9 12 4
1980 9 10 18 4
1981 6 25 21 5
1981 7 2 19 5
1981 7 19 20 5
1981 7 23 21 4
1981 8 22 19 5
1981 9 8 16 5
1981 9 22 12 4
1981 10 8 16 5
1981 10 22 12 4
1982 3 23 9 4
1982 8 3 20 7
1982 8 28 18 4
1982 10 16 9 5
1982 10 27 10 5
1983 1 19 6 5
1983 6 18 16 4
1983 8 8 20 7
1984 3 14 5 4
1984 8 30 17 4
1984 11 7 6 4
1984 11 15 5 4
1985 7 2 15 5
1985 9 21 16 4
1985 10 16 12 6
1986 4 2 10 4
1986 5 8 15 4
1986 6 14 19 7
1986 7 28 19 4
1986 9 7 17 4
1987 1 28 0 4
