1938 10 9 13.4 4
1941 6 19 11.8 4
1942 5 12 11.8 5
1943 4 2 9.5 4
1946 7 31 21 4
1946 8 17 21 4
1946 12 30 1.4 4
1948 2 25 7.8 4
1950 1 4 5.6 5
1950 2 25 4.4 4
1951 5 11 15.6 4
1955 2 6 -3.3 4
1955 2 24 -1.1 5
1955 5 17 12.8 4
1956 5 21 20 4
1956 7 28 21.5 4
1959 6 3 19 4
1959 9 3 17 4
1960 9 3 16 5
1961 6 4 17 4
1963 5 23 19 6
1963 7 15 20 4
1963 10 9 9 5
1963 10 22 12 4
1964 11 18 9 6
1965 7 2 17 5
1965 10 4 5 12
1965 10 11 9 6
1965 10 17 6 5
1967 11 18 5 4
1973 8 18 17 4
1973 11 7 10 4
1973 11 14 8 4
1974 11 20 4 4
1975 5 24 11 5
1975 7 9 14 4
1976 2 15 1 4
1976 3 24 5 4
1976 10 17 4 4
1977 5 19 11 4
1978 7 19 21 7
1979 10 14 13 4
1981 6 13 22 5
1981 7 24 22 4
1981 8 17 18 4
1981 8 25 15 4
1981 12 16 -2 4
1982 10 8 16 4
1983 5 12 12 6
1983 12 21 3 5
1984 9 7 16 5
1985 11 12 11 4
1986 6 8 19 4
1986 7 30 19 4
1988 2 17 6 4
