1980 2 24 2 5
1980 6 20 18 5
1980 7 18 18 4
1982 5 18 14 4
1982 6 18 19 4
1982 8 3 20 4
1982 8 17 17 4
1983 5 7 12 4
1983 7 11 15 4
1985 2 16 -2 4
1985 8 10 19 5
1985 9 4 17 4
1986 4 26 17 4
1989 10 25 10 4
1991 2 16 4 4
1991 6 30 19 4
1992 4 12 8 4
1993 5 7 11 4
1993 8 17 18.5 10
1993 9 30 8 4
1993 10 17 10 5
1994 8 28 17.5 4
1999 8 16 14.5 4
2000 7 27 18.5 4
2002 9 9 16 5
2007 3 11 10 5
2007 3 20 7 4
2007 4 29 11 4
2007 5 30 14 4
2007 8 15 16 4
2009 5 10 1 4
2009 6 5 16 4
2009 6 17 19 5
2009 6 25 19 5
2011 3 18 6 4
2011 10 24 5.5 4
