1979 8 29 14.5 4
1979 9 29 7.5 4
1980 1 29 -1 4
1980 2 26 2 4
1980 11 9 3 5
1980 12 19 -1 4
1981 2 7 0 4
1981 10 17 12 4
1981 11 18 1 4
1981 11 24 -1 4
1982 11 1 5 4
1982 12 23 0 4
1983 4 25 7 5
1983 11 14 5 4
1984 1 16 -1 4
1984 1 31 0 4
1984 6 18 18 4
1984 7 10 17 9
1984 11 22 -2 4
1984 12 8 -2 4
1985 2 9 -3 4
1985 8 19 19 5
1986 1 21 -2 4
1986 3 11 8 4
1986 10 10 12 4
1986 11 20 9 4
1988 1 8 2 4
1988 1 27 -5 5
1991 1 17 -1 4
1991 8 5 19 4
1991 9 7 17 4
1992 1 17 -1 4
1993 7 4 20 4
1993 9 1 17.5 4
1996 1 17 -2 4
1996 7 6 18 5
1996 7 13 19.5 4
1998 8 5 20.5 5
2006 9 23 15 4
2007 6 17 16 4
2007 7 26 17 4
2007 8 2 18 7
2007 10 4 17 4
2009 7 2 19 5
2009 8 4 18 5
2009 8 27 17 5
2009 9 30 14 5
2010 10 3 11 4
