pc up
1997 3 12 24.5 NA NA NA
1997 5 10 42 NA NA NA
2005 5 26 37 38 17.5 20.5
1986 6 3 40.8 34 16 18
1999 6 19 47.8 NA NA NA
2002 6 11 50.5 NA NA NA
2004 6 22 46 31.5 21.5 10
2007 6 11 57.5 32 17 15
2002 7 31 53 NA NA NA
2010 7 25 67 31 17.5 13.5
2013 7 18 96 26 16 10
1980 9 27 87 31 18 13
2013 9 19 73.5 20 17 3
2003 10 8 47 25.5 19 6.5
2009 11 29 35 22 3.5 18.5
tx up
tx low
2011 2 3 0 -1 -14 13
1980 4 13 0 12 1 11
1982 4 22 0.3 14 11 3
1983 4 7 0 12 4 8
1983 4 8 0 15 -2 17
2004 4 12 0 9.5 6.5 3
2004 4 27 25.5 17.5 13.5 4
1987 5 7 0 20.5 12 8.5
1981 6 28 1.5 22 16 6
2012 6 9 0 19.5 19 0.5
2009 7 15 0 20 18 2
2009 7 27 12.5 20 18 2
1982 8 10 1 21 17 4
1979 9 15 22.5 17.5 16 1.5
1991 9 20 20 16 11 5
1991 9 21 8 14 12 2
1980 10 19 19.7 14.1 12 2.1
1980 10 29 0 12 4 8
1993 10 31 0.1 10 -2.5 12.5
2000 10 8 12.5 8 7.5 0.5
2000 10 9 10 7 4 3
2003 10 26 1.5 15 9 6
1980 11 17 0 3 0 3
tn up
tn low
2004 5 30 0 37 -21 58
2005 6 20 0 38.5 -18 56.5
2009 6 2 0 37 2 35
2009 6 3 0 37 1 36
1988 7 10 1 31 2.5 28.5
2004 7 15 2 35 -16 51
1988 8 10 0 32.5 10 22.5
2013 8 21 0 33 10 23
2009 9 1 10 27 2 25
2009 9 4 0 29 2 27
2009 9 7 0 33 2 31
2009 9 8 4 32 2 30
2004 10 8 0 29 -15 44
tr up
2004 5 30 0 37 -21 58
2009 5 7 0 41 1 40
2009 5 8 0 41 2 39
2009 5 10 0 41 1 40
2005 6 20 0 38.5 -18 56.5
2004 7 15 2 35 -16 51
2004 10 8 0 29 -15 44
tr low
2012 6 9 0 19.5 19 0.5
