1955 7 24 18 4
1955 10 30 10 5
1957 9 7 16 5
1958 6 13 18 4
1958 8 18 15 4
1959 8 23 13 4
1960 8 25 14 4
1960 9 13 10 4
1961 6 6 19 6
1961 7 22 15 4
1961 9 29 14 4
1962 4 17 13 4
1963 2 26 5 5
1963 4 20 11 4
1963 6 29 18 4
1963 10 9 10 4
1965 8 24 12 5
1966 6 5 19 4
1966 7 26 17 5
1966 9 4 15 4
1966 9 23 17 5
1967 7 18 15 4
1967 7 24 16 4
1967 9 11 15 4
1967 11 13 6 5
1968 8 26 15 4
1969 9 26 15 4
1970 8 13 17 4
1970 11 30 12 5
1971 6 7 16 5
1971 6 17 16 4
1971 7 11 17 6
1971 7 30 14 5
1971 12 4 5 4
1972 4 20 15 4
1972 4 27 11 5
1972 7 21 15 5
1972 9 24 12 4
1973 4 28 10 6
1973 10 30 10 4
1974 3 30 12 4
1974 5 15 16 4
1975 10 12 11 4
1976 3 2 10 5
1977 5 27 17 4
1977 8 20 17 4
1977 12 20 2 4
1978 1 4 -1 4
1978 5 24 11 4
1978 8 5 11 4
1979 5 29 18 4
1979 10 4 13 8
1979 10 27 12 4
1980 10 6 12 6
1980 10 10 10 4
1983 5 29 16 4
1983 7 13 16 4
1983 8 3 17 4
1986 7 24 15 5
