1955 7 6 18 4
1955 10 5 15 4
1956 6 19 18 4
1957 6 29 20 5
1957 8 26 16 4
1957 9 11 16 7
1958 9 13 15 4
1958 10 11 11 4
1959 9 23 15 5
1960 6 14 16 4
1960 6 19 20 4
1960 9 28 9 4
1961 9 2 14 4
1962 4 14 10 4
1963 5 3 12 4
1963 5 14 17 5
1963 8 22 16 7
1964 5 28 16 4
1965 6 5 16 5
1965 7 9 18 6
1965 10 30 7 4
1965 11 10 11 4
1966 3 31 7 4
1966 9 11 14 7
1967 1 11 -7 4
1967 9 14 15 4
1967 12 29 5 4
1968 2 14 5 4
1968 7 30 14 4
1968 10 28 9 5
1969 8 4 17 4
1969 8 24 17 4
1969 12 22 6 4
1970 8 27 15 4
1970 9 12 16 4
1970 9 20 14 5
1970 10 4 11 4
1970 12 15 5 5
1971 8 12 14 6
1971 11 4 10 4
1972 7 21 15 4
1972 9 28 14 4
1972 10 7 14 4
1972 10 19 13 4
1973 8 27 16 4
1973 10 24 10 5
1974 5 28 17 4
1974 7 10 14 4
1974 10 9 12 6
1974 10 30 10 5
1974 11 14 5 4
1975 4 7 10 4
1975 7 21 15 4
1976 3 4 10 5
1976 12 21 2 4
1978 1 18 5 4
1978 6 4 15 4
1978 7 18 15 5
1978 9 9 10 4
1979 3 24 5 4
1979 10 8 13 5
1980 3 9 10 4
1980 5 10 14 4
1980 5 23 16 4
1980 6 3 20 4
1980 10 6 12 4
1980 10 13 10 4
1981 8 11 14 4
1981 8 17 14 5
1981 8 30 14 4
1982 7 9 16 5
1982 8 7 14 4
1984 10 30 4 4
1985 12 20 -2 4
1986 9 28 11 4
