pc up
1983 3 3 40 10 5 5
1966 5 2 62 20 9 11
1966 6 26 82 25 15 10
1984 6 20 80 27 14 13
1968 7 2 64 25 15 10
1972 11 22 50 20 3 17
tx up
1957 9 10 0 42 16 26
tx low
1968 3 21 2 3 -3 6
1959 4 12 1.5 12 5 7
1959 4 13 0 9 3 6
1980 4 13 0 10 0 10
1972 5 28 12 15 13 2
1970 9 27 10 6 3 3
1970 9 28 2 10 4 6
1955 11 8 0 1 -1 2
1957 11 23 0 0 -10 10
tn up
1979 7 23 0 32 24 8
1979 7 25 0 35 24 11
1979 7 30 0 36 24 12
1979 7 31 21 32 24 8
1964 8 30 0 31 23 8
1979 8 7 7 33 23 10
1979 8 8 0 34 23 11
1979 8 9 0 33 24 9
1979 8 11 0 30 25 5
1979 8 24 0 31 23 8
1979 8 30 27 34 23 11
1979 8 31 0 33 23 10
tn low
1958 3 2 0 9 -12 21
1958 3 3 0 12 -12 24
1983 8 10 3 26 7 19
1970 9 27 10 6 3 3
1970 9 28 2 10 4 6
1970 9 29 2 14 5 9
1975 9 23 0 19 6 13
1967 10 31 0 17 -2 19
1973 10 31 0 22 -2 24
tr up
1955 6 17 0 39 12 27
1957 6 16 0 38 11 27
tr low
1965 6 18 10 20 16 4
1967 6 17 2 22 19 3
