pc up
1972 5 30 31 29 16 13
1968 7 14 51 34 17 17
1976 7 23 45 30 17 13
1977 7 21 50 30.5 19.5 11
1990 7 24 46 33 19 14
1991 7 28 46.4 24.5 17 7.5
1999 7 11 49.4 28.5 20 8.5
1967 8 1 81 36 21 15
1968 8 31 58 21 17 4
1989 8 21 67 33 19.5 13.5
1971 10 6 55 25 15 10
tx up
tx low
1968 3 4 6 9 4 5
1968 3 21 0 8 4 4
1977 3 4 0 9.5 0.5 9
1973 4 4 0 16 5 11
1980 4 13 0 14 0.5 13.5
1983 4 7 0 13.5 3 10.5
1996 4 6 0 15 3 12
1997 4 26 0.6 16.5 5.5 11
1971 5 12 16 20 13 7
1971 5 13 1.5 20 11 9
1973 5 7 0 20 11 9
1976 5 14 0 20 9.5 10.5
1976 5 15 0 20 11 9
1976 5 19 0 18.5 13 5.5
1979 6 10 7 22.1 21 1.1
1970 9 27 36 13 5 8
1991 9 20 8.8 15 10 5
1980 11 16 5.5 3.5 3 0.5
1983 11 30 0 2 -1 3
tn up
tn low
1968 7 26 0 27 12 15
1970 7 5 0 35 11 24
1990 7 27 0 30 9.5 20.5
1966 8 7 0 34 11 23
1967 8 19 0 30 11 19
1970 9 27 36 13 5 8
1970 9 28 0 16 5 11
1970 10 29 0 24 -4 28
tr up
tr low
1968 3 10 0 10 8 2
1979 6 10 7 22.1 21 1.1
1981 7 9 11.5 23 19.5 3.5
