1965 11 2 6 5
1965 11 7 11 4
1965 11 26 9 4
1967 12 24 -1 4
1969 8 2 16 5
1969 10 19 12 5
1970 1 30 2 5
1970 3 1 4 4
1970 5 12 19 4
1970 5 19 19 5
1970 7 29 19 4
1970 12 8 3 4
1970 12 24 0 5
1971 8 2 19 4
1971 8 10 18 5
1971 9 30 17 5
1971 11 13 10 4
1972 6 18 21 4
1972 7 17 19 5
1972 7 31 19 4
1972 8 11 18 4
1972 9 8 19 4
1974 9 20 17 6
1975 8 21 18 4
1977 8 27 19 4
1980 9 19 15.5 4
1981 7 18 20 6
1982 9 7 18 4
1983 7 15 20 4
1983 7 23 20 5
1984 2 6 3.5 4
1984 6 17 19 4
1984 7 31 17 4
1985 7 20 18 5
1985 8 18 19 6
1985 12 31 1 4
1986 7 29 20 4
1986 12 29 0 5
1989 8 10 20 4
1991 8 20 19.5 4
1991 10 2 13 4
1992 1 2 2 4
1992 7 17 18 5
1992 9 19 17 4
1993 7 9 21 4
1994 7 4 22 4
1995 11 22 4 4
1996 1 31 4.5 4
1996 6 5 20 6
1997 9 17 18.5 4
1998 6 28 22 4
1998 7 5 22.5 4
1998 8 11 19 5
1999 8 30 18 4
1999 9 11 18.5 5
