1986 7 9 23 7
1996 5 12 20 5
1996 6 22 23 4
1996 9 27 17 4
1997 7 16 23 4
1997 10 11 15 4
1998 7 18 25 5
1998 9 20 21 5
1998 10 5 17 4
1998 11 30 10 4
1999 3 1 12 4
1999 9 8 22 4
1999 9 14 20 4
1999 10 11 11 4
2000 10 17 12 4
2000 10 27 10 4
2001 1 5 -2 5
2002 1 28 -2 4
2003 1 5 -2 6
2004 5 24 20 4
2005 3 29 6 4
2005 7 21 24 4
2006 1 19 -3 4
2006 2 5 6 4
2006 5 19 17 4
2006 8 27 23 4
2006 12 19 -3 4
2007 1 10 0 5
2007 2 9 5 4
2007 7 26 22 4
2008 1 26 2 4
2009 9 28 7 4
2010 1 22 6 4
2010 2 5 6 4
2010 7 9 22 5
2010 9 11 21 4
2011 4 25 18 4
2011 5 6 9 4
2011 6 8 23 5
2011 7 3 25 5
2011 7 11 25 4
2011 7 23 25 4
2011 9 14 22 4
2012 4 24 18 5
2012 5 13 12 4
2013 7 19 20 4
2013 8 5 26 4
2013 8 28 23 4
2013 12 19 2 4
