1945 5 25 11.7 4
1952 12 14 -0.2 4
1959 4 7 11 4
1962 10 5 16 4
1971 8 20 15 7
1971 8 30 15 4
1972 2 23 4 4
1975 3 18 3 4
1975 9 18 15 4
1976 8 1 16 4
1976 8 6 16 4
1976 8 17 16 4
1979 6 30 18 4
1979 10 3 10.5 4
1980 6 1 18 4
1980 7 15 19 4
1980 7 28 19 4
1980 12 30 1 4
1981 2 15 1 4
1981 6 30 17 4
1981 12 12 2 4
1982 3 31 10 4
1983 1 19 4 4
1983 3 10 4 4
1983 5 15 13 4
1983 6 22 17 6
1983 12 15 5 4
1984 7 9 20 5
1985 1 20 -1 4
1985 8 27 22 5
1985 9 17 20 5
1985 11 20 -1 4
1987 7 7 22 4
1987 8 30 19 5
1987 9 7 19.5 4
1987 10 9 13 4
1987 11 1 14 9
1988 8 11 20 6
1988 10 11 13 6
1988 10 23 13.5 5
1989 1 9 7 4
1989 5 15 18 4
1989 8 26 20 4
1990 7 22 22 4
1991 12 12 7 4
1992 5 8 16 4
1992 9 20 19 6
1993 4 5 11 4
1993 5 22 18 4
1993 8 4 24 4
1993 9 23 19 5
1993 10 15 16 7
1994 6 24 22 4
1994 7 19 21 6
1995 1 12 5 4
1995 1 21 4 4
1995 2 21 9 4
1995 3 3 8 4
1995 8 19 20 4
1995 9 17 19 4
1995 9 29 18 4
1995 11 12 5 4
1995 11 21 4 4
1996 5 22 19 4
1996 9 25 17 4
1996 12 27 0 4
1998 8 17 18 4
1998 10 1 19 5
2000 4 5 7 4
2000 6 3 18 4
2000 8 26 18 5
2001 1 27 4 4
2001 5 26 16 4
2001 7 6 18 4
2001 7 31 19 4
2001 11 18 9 4
2002 9 10 18 4
2003 2 28 6 4
2003 9 22 17 6
2003 10 4 14 4
2004 7 27 18 4
2004 10 28 15 6
2005 3 5 5 4
2005 4 20 14 5
2005 7 20 20 4
2005 11 10 8 4
2005 11 20 4 4
2006 5 14 16 4
2006 5 21 16 4
2006 7 13 20 4
2006 8 11 19 4
2006 8 23 19 4
2006 9 13 18 4
2006 10 9 15 4
2007 5 15 15 8
2007 6 10 19 6
2007 7 22 20 5
2007 7 26 19 4
2007 8 16 18 4
2007 9 1 19 5
2007 9 13 18 4
2007 9 19 18 5
2007 9 24 18 4
2007 10 13 16 4
2008 5 14 17 4
2008 7 17 19 5
2008 7 22 19 4
2008 8 2 18 4
2008 8 14 19 4
2009 4 5 13 4
2009 5 17 18 4
2009 5 31 16 4
2009 6 29 20 4
2009 8 18 20 4
2010 6 26 23 5
2010 8 6 19 6
2010 9 5 19 4
2010 9 9 17 4
2010 9 26 19 6
2011 2 24 11 5
2011 7 26 19 4
2011 9 3 20 7
2012 1 4 -1 4
2012 1 29 4 4
2012 2 12 6 4
2012 6 22 20 4
2012 7 9 18 4
2012 8 30 20 4
2012 12 4 -1 4
2012 12 29 4 4
