1950 9 23 16.9 4
1950 10 31 8.8 5
1952 12 12 -0.2 4
1961 7 19 17.3 4
1961 9 10 15 4
1962 8 21 19 5
1971 7 9 17 4
1976 5 12 15.5 4
1977 9 18 15 4
1977 9 30 19 6
1978 8 24 17 4
1979 8 17 15.5 4
1979 8 26 16 4
1979 9 27 8.5 4
1980 6 27 22 4
1980 11 5 4 4
1981 10 20 10 4
1981 10 25 5.5 5
1982 2 7 1 4
1982 4 9 12 4
1982 6 24 22 5
1982 7 18 18.5 4
1982 7 24 18.5 4
1983 7 2 21 4
1983 9 27 17 5
1986 9 26 19 4
1991 5 7 15 4
1991 10 19 12 5
1993 9 20 19 4
1995 8 10 22 4
1995 9 20 20 4
1996 8 3 24 4
1996 9 15 18 4
1996 10 12 9 4
1997 5 28 21 4
1998 6 3 23 4
1998 7 10 24 4
1998 9 9 18 6
2000 6 18 19 4
2000 8 14 20 4
2000 8 28 16 4
2003 7 13 20.5 4
2003 9 14 18 4
2003 10 5 17 5
2003 10 21 12 4
2005 6 27 21 4
2005 7 5 22 4
2005 7 13 20 4
2006 8 22 19 5
2006 8 28 18 5
2007 8 14 18 6
2008 6 14 20 4
2008 8 24 18 4
2008 11 20 3 4
2009 3 22 12 4
2009 5 28 16 4
2010 5 31 15 4
2010 8 14 21 5
2010 10 11 12 5
2010 10 25 9 4
2010 11 17 3.5 4
2011 3 23 12 4
2011 5 31 20 4
2011 7 20 23 5
2011 8 2 21 5
2011 8 27 21 4
2011 9 15 17 4
