pc up
1958 1 4 20 19 5.1 13.9
1992 1 10 27.8 11 7 4
1973 2 20 19 9 3 6
2010 2 3 19 21 4 17
1983 3 3 22 15 7 8
1957 5 5 29.6 25.1 14 11.1
1964 5 19 41.5 27.5 13.5 14
1987 5 18 33 28 17 11
2005 5 26 32 35 18 17
2007 5 16 27 32 12 20
2000 6 23 45 33 17 16
1947 7 24 55 33.1 20.8 12.3
1968 7 2 52.5 27 18 9
1973 7 15 51 29 18 11
1976 7 2 52 28 16.5 11.5
1986 7 14 57 25.5 20 5.5
1992 7 22 52.8 35 19 16
2002 7 12 56 28 20 8
1973 8 29 62.5 27.5 16 11.5
2008 8 16 81 33 19 14
1974 9 20 70 24 15.5 8.5
2004 11 14 57 14 7 7
2004 11 15 44 15 9 6
tx up
1945 5 13 0 48.9 15.9 33
tx low
2011 2 5 0 -5 -14 9
1959 4 12 0.2 9 8 1
1959 4 13 0 11 5 6
1959 4 14 0 11.9 6.5 5.4
1983 4 7 1 9 3 6
1987 4 6 9.5 11 10 1
1961 6 16 17.5 20 16 4
1979 6 10 26.5 20.1 19.5 0.600000000000001
1991 6 12 5 20.5 15 5.5
1970 9 26 24 12.1 10.5 1.6
1970 9 27 14.5 7 5 2
1958 10 30 2 7.8 3.2 4.6
2000 10 9 12 8 3 5
2000 10 10 43 9 3 6
tn up
1945 8 16 0 36.8 28.6 8.2
1946 8 4 0 33.3 28.9 4.4
tn low
tr up
1945 5 3 0 45.3 10.6 34.7
1945 5 4 0 45.6 9.7 35.9
tr low
1979 6 10 26.5 20.1 19.5 0.600000000000001
1987 7 18 39.6 24 22.5 1.5
1990 7 27 16.5 20.5 20 0.5
1991 7 1 0.1 22.5 21.5 1
1991 7 28 20 20 19 1
2007 8 31 0 19 19 0
