pc up
1999 6 19 52 NA NA NA
2002 6 11 53.5 36 19 17
2007 6 11 67.2 33 17 16
2010 7 31 60 24 20 4
2013 7 18 70 25 21 4
1973 8 1 86 26 16 10
2008 9 1 101 30 16 14
1977 10 2 37 28 18 10
2003 10 8 38 26 15.5 10.5
1972 11 22 34.3 16 3 13
1965 12 1 39.1 17 3 14
tx up
tx low
1951 2 14 0 0 -3.3 3.3
1956 2 2 0 2 -2 4
1956 2 3 0 -1 -9 8
2011 2 3 0 2 -9 11
2011 2 5 0 -5 -7 2
1959 4 12 5.1 11 6 5
1959 4 13 0 12 4 8
2008 5 16 19 14 13 1
1950 6 1 0.1 21 17 4
2006 6 27 0 21 18 3
2007 8 31 0 17 19 -2
1958 10 28 7.6 11 7 4
1958 10 29 2.8 8 3 5
2000 10 9 9 8 3 5
2000 10 10 0 9 2 7
tn up
1952 9 18 0 41.1 27.8 13.3
tn low
2004 4 9 0 28 -14 42
2004 5 1 0 24 -13 37
2000 6 9 0 31 1 30
2003 6 3 0 30 -24 54
2010 6 12 0 37 2.5 34.5
2002 8 1 0 31 -18 49
2003 8 28 0 32.5 -19 51.5
2006 9 9 10.5 27 -17 44
2010 9 23 5 29 5 24
2005 10 12 2 31 -12 43
tr up
2004 3 27 0 32 -14 46
2004 4 9 0 28 -14 42
2004 5 1 0 24 -13 37
2003 6 3 0 30 -24 54
2010 6 12 0 37 2.5 34.5
2002 8 1 0 31 -18 49
2003 8 28 0 32.5 -19 51.5
2006 9 9 10.5 27 -17 44
2005 10 12 2 31 -12 43
tr low
