1949 8 14 17 5
1949 9 13 18 5
1949 10 24 11 4
1949 11 18 1 4
1950 1 16 2 4
1950 1 30 4 5
1950 2 13 4 4
1950 3 6 8 4
1950 3 22 7 4
1950 7 7 20 4
1950 10 11 13 4
1950 10 18 9 5
1950 12 26 -1.1 4
1951 1 2 -1.1 4
1951 1 17 -6.7 4
1951 1 25 0 4
1951 12 26 -1.1 5
1952 6 10 17.8 4
1952 7 7 22.2 5
1952 7 14 20 4
1952 8 13 25.6 4
1952 10 22 18.9 4
1952 11 5 22.2 4
1952 12 15 -1.1 4
1953 3 31 13 4
1953 4 20 12 4
1953 5 18 13 4
1953 6 29 22 4
1953 9 13 12 4
1953 10 13 8 4
1953 12 21 1 4
1954 2 6 7 4
1954 4 19 11 4
1954 6 11 21 4
1954 7 7 19 4
1954 8 1 18 4
1954 8 9 18 5
1954 8 20 18 7
1954 10 7 17 5
1954 10 11 14 4
1954 11 22 -1 4
1954 12 5 6 4
1955 2 4 3 4
1955 2 23 2 4
1955 7 13 19 4
1955 9 20 16 5
1955 10 17 8 6
1955 12 14 -2 4
1955 12 20 -1 5
1955 12 28 0 4
1956 1 3 1 6
1956 1 26 2 5
1956 7 26 18 5
1956 8 16 18 5
1956 9 3 17 4
1956 9 18 13 4
1956 9 25 13 4
1956 10 2 11 5
1956 11 5 1 4
1956 11 23 2 7
1956 12 3 -2 4
1956 12 11 2 4
1956 12 18 0 4
1956 12 26 -6 5
1957 2 11 7 4
1957 5 13 11 5
1957 6 5 12 4
1957 6 12 20 4
1957 7 7 21 4
1957 7 26 17 4
1957 8 17 17 4
1957 8 23 17 4
1957 9 3 16 4
1957 9 17 14 4
1957 10 2 7 5
1957 10 28 8 4
1957 12 16 0 4
1957 12 23 -1 4
1958 1 8 -2 5
1958 1 15 -1 7
1958 1 27 -4 4
1958 2 10 3 4
1958 2 24 4 4
1958 3 9 1 4
1958 3 16 3 4
1958 4 28 12 4
1958 5 20 11 5
1958 5 30 16 4
1958 6 23 19 4
1958 7 1 17 6
1958 8 18 17 4
1958 9 1 16 4
1958 9 19 16 7
1958 12 3 2 6
1958 12 14 -4 4
1959 3 22 2 4
1959 3 29 2 4
1959 4 20 9 4
1959 4 28 13 4
1959 5 4 13 5
1959 6 17 16 5
1959 6 23 17 6
1959 7 14 16 4
1959 8 25 14 4
1959 8 31 16 4
1959 10 15 14 6
1959 10 20 8 4
1959 11 9 4 4
1959 12 23 1 5
1959 12 28 -2 4
1960 1 4 4 4
1960 1 13 1 5
1960 2 8 -2 4
1960 2 23 0 4
1960 3 21 2 4
1960 4 11 14 4
1960 4 18 10 4
1960 5 12 15 4
1960 6 20 22 4
1960 7 12 20 4
1960 7 17 19 4
1960 7 25 20 4
1960 8 11 20 6
1960 8 29 20 6
1960 9 22 15 7
1960 10 3 14 4
1960 12 5 4 5
1960 12 13 1 4
1960 12 20 1 4
1960 12 27 1 4
1961 1 16 -2 5
1961 2 27 3 5
1961 3 6 6 4
1961 3 13 5 4
1961 4 3 5 4
1961 4 24 20 4
1961 5 2 15 4
1961 5 8 15 4
1961 6 23 18 4
1961 7 10 17 4
1961 7 28 19 8
1961 8 8 18 6
1961 10 2 19 4
1961 10 9 12 4
1961 10 30 14 4
1961 11 13 7 4
1961 11 21 7 4
1962 1 6 2 4
1962 1 20 5 5
1962 2 6 2 4
1962 2 20 5 5
1962 3 6 2 4
1962 3 13 5 4
1962 4 23 14 4
1962 5 15 20 6
1962 7 24 21 4
1962 8 20 18 5
1962 9 4 19 4
1962 9 16 20 10
1962 9 24 18 4
1962 10 1 16 4
1962 10 12 18 4
1962 11 6 8 5
1962 11 19 9 4
1962 11 26 5 4
1962 12 12 1 5
1962 12 27 2 6
1962 12 31 0 4
1963 1 7 7 4
1963 1 15 -6 4
1963 2 1 8 4
1963 2 11 4 10
1963 2 26 4 4
1963 4 9 9 4
1963 4 15 15 5
1963 5 14 21 5
1963 6 5 20 6
1963 7 3 20 7
1963 7 23 20 4
1963 7 30 18 4
1963 8 7 18 5
1963 8 13 18 4
1963 9 3 18 4
1963 9 10 17 7
1963 9 18 16 5
1963 9 23 16 4
1963 9 30 13 4
1963 10 14 12 4
1963 12 3 2 4
1963 12 24 -5 4
1964 1 8 -2 5
1964 1 14 -7 5
1964 2 18 0 4
1964 2 24 -2 6
1964 3 4 2 5
1964 3 9 3 4
1964 3 30 7 5
1964 4 13 10 4
1964 4 20 12 4
1964 5 4 10 4
1964 5 20 15 5
1964 5 25 19 4
1964 6 9 19 5
1964 6 24 19 5
1964 6 29 19 4
1964 7 6 20 5
1964 7 14 21 5
1964 7 26 18 4
1964 9 1 19 4
1964 9 28 17 5
1964 11 3 8 8
1964 11 23 2 4
1964 12 10 3 6
1964 12 22 3 4
1964 12 28 4 4
1965 1 4 3 6
1965 1 27 0 5
1965 2 8 5 4
1965 3 15 6 4
1965 3 29 10 4
1965 4 19 8 5
1965 5 11 12 5
1965 5 31 17 4
1965 6 22 18 5
1965 7 13 21 4
1965 8 10 19 5
1965 8 31 19 4
1965 9 15 17 5
1965 9 22 16 5
1965 10 13 11 5
1965 11 9 9 5
1966 1 25 -2 4
1966 2 7 1 5
1966 2 14 -2 5
1966 2 21 1 7
1966 3 7 0 4
1966 3 22 11 4
1966 3 30 9 5
1966 4 11 9 6
1966 4 19 13 5
1966 5 16 16 4
1966 6 15 19 5
1966 7 5 19 4
1966 7 25 20 4
1966 8 15 18 4
1966 9 19 17 4
1966 11 7 3 4
1966 11 21 4 4
1966 11 30 0 5
1966 12 5 2 4
1966 12 14 -5 5
1966 12 20 -5 4
1966 12 26 -2 4
1967 1 10 -4 4
1967 1 16 -3 4
1967 1 30 0 4
1967 3 22 9 5
1967 4 10 17 4
1967 4 25 14 4
1967 5 2 7 4
1967 10 20 4 4
1968 6 21 16 4
1968 12 13 3 4
1969 8 31 18 5
1969 10 20 12 4
1969 12 16 -1 5
1970 1 12 -1 4
1970 1 21 0 5
1970 1 28 5 4
1970 2 17 0 4
1970 5 4 5 4
1970 7 8 17 6
1970 8 3 19 4
1970 8 17 18 4
1970 9 21 17 5
1970 10 12 6 4
1970 11 3 2 4
1970 11 10 4 4
1970 11 23 2 4
1970 12 28 1 5
1971 1 4 -2 4
1971 1 18 2 5
1971 2 1 2 4
1971 2 8 -3 4
1971 3 30 12 4
1971 5 11 17 4
1971 7 12 19 5
1971 7 27 17 4
1971 8 11 16 7
1971 9 18 15 5
1971 12 7 -3 5
1971 12 27 4 4
1972 1 12 -2 5
1972 1 24 1 4
1972 2 7 -2 4
1972 2 29 5 4
1972 4 29 16 4
1972 6 6 16 4
1972 6 14 17 5
1972 6 19 19 5
1972 6 27 20 5
1972 7 3 17 4
1972 7 10 18 4
1972 8 14 17 5
1972 8 21 17 5
1972 9 18 16 4
1972 10 3 14 4
1972 10 9 13 4
1972 11 21 2 4
1972 12 12 5 4
1973 1 2 -1 4
1973 1 23 -2 4
1973 2 26 3 4
1973 4 3 4 4
1973 7 5 19 7
1973 7 30 17 4
1973 8 7 17 4
1973 8 14 17 4
1973 9 3 17 4
1973 9 17 14 4
1973 10 2 12 6
1973 10 16 9 4
1973 11 5 8 4
1973 11 26 0 4
1973 12 4 -3 5
1974 4 1 8 4
1974 4 23 10 4
1974 5 13 13 4
1974 7 1 15 4
1974 7 19 16 5
1974 8 20 20 4
1974 9 11 13 4
1974 9 23 15 10
1974 12 3 -2 4
1974 12 30 4 4
1975 1 3 0 4
1975 1 22 -3 5
1975 2 19 3 6
1975 3 19 4 5
1975 3 24 8 4
1975 3 31 3 5
1975 7 7 18 6
1975 7 18 16 4
1975 9 17 16 4
1975 9 26 7 4
1975 10 20 5 4
1975 12 16 4 5
1976 1 6 -5 4
1976 1 12 -6 4
1976 1 26 1 4
1976 3 9 5 4
1976 4 5 6 4
1976 4 12 11 4
1976 4 19 4 5
1976 5 11 10 5
1976 7 8 16 6
1976 8 26 16 8
1976 8 31 16 4
1976 9 21 16 4
1976 11 4 3 6
1977 1 3 0 4
1977 3 22 4 5
1977 4 11 6 5
1977 4 18 9 4
1977 4 30 13 4
1977 5 4 15 4
1977 5 9 12 5
1977 5 13 16 4
1977 5 17 14 4
1977 5 27 16 4
1977 6 22 18 8
1977 6 27 18 4
1977 7 25 16 5
1977 9 12 16 6
1977 9 20 16 6
1977 9 26 16 5
1977 10 2 18 5
1977 12 13 2 4
1977 12 27 5 4
1978 1 7 2 4
1978 8 3 17 4
1978 8 29 17 4
1978 9 3 15 5
1979 3 23 7 4
1979 9 19 10 4
1979 12 5 -2 4
1980 1 22 4 4
1980 2 18 6 4
1980 2 22 5 4
1980 7 16 21 4
1980 10 13 11 7
1980 10 28 9 4
1980 11 22 1 4
1981 4 13 13 4
1981 5 20 12 4
1981 7 27 22 4
1981 9 7 20 4
1981 9 15 18 6
1983 10 23 13 5
1984 4 9 9 4
1984 4 29 14 4
1984 6 20 18 4
1984 7 4 20 5
1984 7 29 18 4
1984 8 18 17 4
1984 9 2 20 4
1984 11 11 10 4
1984 12 3 3 4
1984 12 15 7 4
1985 8 21 20 4
1985 9 19 19 4
1985 10 23 9 4
1985 12 13 3 4
1986 1 1 2 5
1986 1 5 1 4
1987 2 11 2 5
1987 3 28 6 4
1987 9 7 17 5
1987 10 31 13 4
1987 12 12 4 4
1988 10 13 14 6
1988 12 20 3 5
1989 7 1 22 4
1989 7 20 24 6
1989 8 28 19 7
1989 9 15 19 5
1989 10 8 12 4
1991 2 1 1 4
1991 6 30 23 4
1991 7 9 22 5
1991 8 8 19 4
1991 8 23 20 4
1991 9 4 19 4
1991 10 17 11 4
1992 1 21 2 4
1992 3 2 4 6
1992 3 23 8 4
1992 7 11 24 4
1992 7 16 20 4
1992 7 30 21 4
1992 9 5 20 8
1992 9 21 19 7
1992 10 8 9 7
1992 10 27 15 4
1992 11 10 5 6
1993 2 4 7 7
1993 3 22 12 4
1993 4 17 12 4
1993 8 30 20 5
1993 11 25 6 4
1995 1 31 2 4
1996 12 28 1 4
1997 2 1 1 5
1997 3 17 9 4
1997 3 24 9 4
1997 7 31 18 4
1997 9 7 18 5
1997 10 19 3 4
2000 1 11 1 4
2000 10 21 12 6
2002 7 13 18 4
2002 10 24 11 4
2003 4 29 16 4
2003 7 8 18 5
2004 8 6 19 4
2004 8 10 18 4
2004 9 29 13 4
2004 11 22 5 4
2005 3 13 5 4
2005 7 28 19 5
2005 8 6 18 4
2006 5 19 14 4
2007 7 12 19 5
2007 7 28 18 4
2008 9 7 17 4
2008 9 20 11 4
2009 6 12 20 4
2009 8 3 18 4
2009 9 1 16 4
2009 9 6 17 4
2009 9 21 16 5
2010 4 16 14 4
2010 6 26 25 4
2011 1 1 3 4
2011 8 4 22 5
2012 8 30 19 4
2012 11 1 13 4
2012 11 5 11 4
2013 7 31 23 4
2013 8 26 20 4
