1949 12 2 4 4
1950 2 22 8 5
1950 7 21 17 4
1950 8 15 19 5
1950 9 17 16 4
1951 1 25 0 4
1951 4 18 10 5
1951 4 25 14.4 5
1951 5 14 13.3 7
1951 6 15 20 4
1951 7 1 20.5 4
1951 8 6 18.9 4
1952 3 16 7.8 4
1952 3 23 -3.3 5
1952 8 17 25.6 4
1952 9 30 23.3 4
1953 1 19 -2 4
1953 4 11 11 6
1953 5 31 21 4
1953 7 29 19 4
1953 8 31 19 5
1953 9 5 16 4
1953 10 10 8 4
1953 10 24 12 4
1953 11 1 10 4
1954 3 28 6 4
1954 4 18 11 4
1954 6 13 21 5
1954 6 28 19 7
1954 9 9 16 5
1954 10 18 8 4
1954 10 24 12 4
1954 11 8 6 4
1954 12 3 6 4
1955 2 6 -1 4
1955 4 23 17 4
1955 5 17 17 5
1955 7 24 19 4
1955 7 30 18 4
1955 8 27 16 5
1955 9 19 16 4
1955 9 24 18 4
1955 10 4 16 4
1955 10 22 5 4
1955 10 31 6 7
1955 12 18 -1 4
1956 1 7 -1 6
1956 3 20 8 5
1956 4 30 11 4
1956 5 21 19 5
1956 7 26 18 11
1956 10 6 9 7
1956 10 10 9 4
1956 10 15 12 5
1956 12 2 -2 4
1957 1 20 -3 4
1957 3 16 6 4
1957 4 1 8 4
1957 5 12 11 4
1957 5 26 14 4
1957 9 2 16 4
1957 9 8 14 4
1957 9 16 14 4
1957 11 16 3 4
1958 2 23 4 4
1958 5 13 16 4
1958 6 14 20 5
1958 6 30 17 5
1958 7 14 22 4
1958 7 26 17 6
1958 8 2 18 4
1958 8 9 17 6
1958 8 31 16 4
1958 11 2 4 4
1958 12 1 2 5
1959 2 25 4 4
1959 3 31 9 8
1959 4 21 14 6
1959 5 3 13 5
1959 5 17 16 4
1959 5 24 14 4
1959 6 1 14 5
1959 6 14 16 4
1959 6 28 17 4
1959 7 26 14 4
1959 8 10 20 5
1959 9 28 19 4
1959 10 8 11 4
1959 10 12 14 4
1959 10 19 8 4
1959 11 16 8 4
1959 11 22 7 4
1959 12 27 -2 4
1960 1 3 4 4
1960 2 7 -2 5
1960 3 2 8 4
1960 3 13 10 4
1960 3 21 2 4
1960 3 28 12 4
1960 4 18 10 4
1960 5 12 15 4
1960 6 5 22 6
1960 6 12 22 5
1960 6 27 20 4
1960 9 5 17 11
1960 9 18 15 4
1960 10 3 14 5
1960 10 10 12 6
1960 10 23 15 4
1960 11 6 9 4
1960 11 14 9 4
1960 11 21 10 4
1960 12 4 4 4
1960 12 12 1 4
1961 2 14 5 5
1961 2 19 5 4
1961 2 26 3 4
1961 4 2 5 4
1961 4 17 7 4
1961 5 1 15 4
1961 6 5 23 4
1961 6 11 20 6
1961 7 30 20 5
1961 9 20 20 4
1961 9 24 19 4
1961 11 20 7 5
1961 11 27 3 4
1962 1 5 2 4
1962 2 5 2 4
1962 3 5 2 5
1962 4 22 14 5
1962 5 8 22 5
1962 7 5 19 4
1962 7 9 20 4
1962 8 13 17 5
1962 8 18 18 5
1962 9 30 16 4
1962 10 15 15 5
1962 10 20 13 4
1962 11 21 1 4
1962 12 9 1 4
1962 12 16 3 4
1963 1 12 -6 4
1963 2 2 4 4
1963 2 24 4 4
1963 4 14 15 6
1963 4 27 13 4
1963 5 13 21 6
1963 5 19 16 5
1963 5 26 18 4
1963 6 3 20 6
1963 7 24 22 7
1963 7 28 18 4
1963 8 11 18 4
1963 9 1 18 8
1963 9 15 16 6
1963 9 28 13 4
1963 10 5 7 5
1963 10 12 12 4
1963 11 2 17 5
1963 11 11 4 5
1963 12 1 2 4
1963 12 8 3 4
1964 2 2 7 4
1964 3 7 3 4
1964 3 28 7 5
1964 4 4 8 5
1964 4 25 13 7
1964 5 2 10 5
1964 5 9 14 5
1964 5 17 15 5
1964 5 30 15 5
1964 6 28 19 4
1964 7 19 20 5
1964 8 22 18 4
1964 10 11 7 4
1964 11 1 8 4
1964 11 21 2 4
1964 11 28 3 4
1964 12 20 3 4
1964 12 26 4 4
1965 1 2 3 4
1965 2 6 5 4
1965 3 20 3 4
1965 4 17 8 5
1965 5 9 12 4
1965 5 29 17 4
1965 7 10 21 4
1965 7 18 20 4
1965 8 9 19 5
1965 8 29 19 4
1965 10 9 11 5
1965 10 16 11 5
1965 11 7 9 4
1965 12 11 6 5
1966 1 29 -3 4
1966 3 16 12 7
1966 3 20 11 4
1966 4 9 9 5
1966 4 16 13 4
1966 5 23 15 5
1966 6 5 22 4
1966 6 20 19 6
1966 6 25 18 4
1966 7 3 19 5
1966 7 16 13 4
1966 9 12 17 4
1966 10 9 14 4
1966 10 29 3 4
1966 11 6 3 5
1966 11 15 9 6
1966 12 11 -5 4
1966 12 24 -2 4
1967 1 1 -3 4
1967 1 29 0 4
1967 4 30 7 5
1967 8 10 19 4
1967 9 10 14 4
1969 4 2 14 4
1969 9 25 15 4
1969 12 21 0 4
1970 5 2 5 4
1970 5 10 13 4
1970 5 31 18 4
1970 6 15 22 4
1970 6 20 16 4
1970 6 27 17 4
1970 7 12 20 4
1970 7 31 19 4
1970 8 6 21 5
1970 8 15 18 4
1970 11 1 2 4
1970 11 29 4 5
1970 12 26 1 5
1971 1 2 -2 4
1971 3 21 3 5
1971 4 25 3 4
1971 5 3 13 5
1971 5 9 17 4
1971 6 6 20 5
1971 6 19 17 4
1971 7 12 19 6
1971 8 7 16 5
1971 8 15 17 4
1971 9 16 15 4
1971 9 27 14 4
1971 10 31 9 4
1971 11 7 8 4
1971 11 28 1 4
1971 12 4 -3 5
1971 12 18 4 4
1971 12 25 4 4
1972 2 14 4 5
1972 2 20 1 4
1972 4 9 11 4
1972 4 15 10 5
1972 4 19 16 4
1972 5 24 19 4
1972 6 17 19 4
1972 7 1 17 10
1972 8 14 17 5
1972 9 16 16 5
1972 9 24 13 4
1972 10 1 14 5
1972 10 14 12 4
1972 10 21 7 4
1972 11 19 2 4
1973 2 25 3 4
1973 4 1 4 4
1973 4 14 8 5
1973 6 11 16 5
1973 6 16 21 5
1973 8 21 18 7
1973 10 7 13 4
1973 10 14 9 4
1973 11 3 8 4
1973 11 12 7 4
1973 11 25 0 4
1973 12 2 -3 4
1974 1 6 0 5
1974 1 19 3 5
1974 2 2 1 4
1974 5 4 11 4
1974 5 11 13 4
1974 7 6 18 4
1974 7 27 20 4
1974 8 18 20 6
1974 9 21 15 4
1974 10 12 13 4
1974 10 21 7 6
1974 10 26 8 4
1974 12 1 -2 4
1975 2 2 6 4
1975 2 22 -5 4
1975 3 9 7 5
1975 3 22 8 4
1975 3 29 3 5
1975 4 19 6 4
1975 5 25 15 4
1975 6 18 21 4
1975 7 8 19 6
1975 8 24 17 4
1975 10 9 9 4
1975 12 13 4 4
1976 4 17 4 5
1976 5 1 8 4
1976 5 10 10 5
1976 6 5 15 4
1976 6 13 19 4
1976 6 20 19 5
1976 8 7 16 5
1976 8 28 16 5
1976 9 12 14 4
1977 1 1 0 6
1977 3 20 4 4
1977 4 9 6 5
1977 4 28 13 8
1977 5 2 15 4
1977 5 7 12 5
1977 6 15 18 4
1977 6 19 18 4
1977 6 29 20 4
1977 7 3 18 4
1977 7 23 16 5
1977 8 1 18 5
1977 8 13 19 5
1977 8 21 19 4
1977 9 4 16 4
1977 9 10 16 4
1977 9 19 16 7
1977 9 30 18 5
1977 11 12 2 4
1977 12 12 2 7
1978 3 26 10 4
1978 5 26 14 5
1978 7 9 20 6
1978 8 6 16 4
1979 4 27 17 4
1979 6 4 16 4
1980 1 21 4 4
1980 3 16 7 5
1981 5 23 13 4
1981 6 13 22 4
1981 11 29 9 4
1982 3 22 11 4
1982 6 9 21 4
1983 5 29 16 4
1983 6 4 20 5
1983 8 4 22 4
1984 5 13 20 4
1984 12 28 14 4
1986 3 24 14 4
1986 4 25 11 5
1986 6 8 18 4
1986 6 30 20 5
1987 1 31 4 4
1987 5 28 20 6
1987 6 23 25 5
1987 9 10 18 4
1988 3 13 8 4
1988 4 25 11 4
1988 12 7 4 4
1989 5 15 20 4
1989 10 21 8 4
1991 1 31 1 4
1991 4 23 20 4
1991 6 2 23 4
1991 9 30 14 5
1991 10 25 11 5
1991 12 31 4 4
1992 6 15 19 4
1993 5 31 20 4
1993 7 13 22 4
1993 7 29 22 4
1997 6 21 21 4
1997 6 29 20 4
1997 8 24 20 4
2000 4 26 14 4
2000 6 26 20 5
2000 7 10 14 4
2000 7 15 15 4
2001 1 19 1 4
2002 8 29 18 4
2002 10 3 17 6
2003 10 6 16 4
2004 5 23 20 4
2005 6 27 19 5
2006 2 19 10 4
2007 10 10 18 5
2008 5 10 18 5
2008 6 14 21 4
2009 8 28 18 4
2010 8 12 23 7
2011 6 15 21 4
2012 5 1 18 6
