1965 8 30 16.5 4
1966 9 9 14 4
1966 9 17 14 6
1967 8 12 19 4
1968 8 27 15.5 4
1968 9 24 12.5 4
1968 10 15 3.5 4
1970 6 10 3 5
1970 7 12 12 4
1971 4 28 11 4
1971 8 29 10 4
1972 10 13 9 4
1974 8 18 14 4
1974 12 15 1 4
1975 7 2 7 10
1975 7 11 8 5
1975 7 25 5.5 4
1975 8 8 6 13
1975 8 20 6.5 11
1975 8 25 5.5 4
1975 9 12 7.5 18
1975 9 22 7.5 7
1975 10 16 4 4
1976 5 31 5 5
1977 5 11 8 6
1977 5 25 8 4
1977 6 30 14 5
1977 7 9 14 4
1977 8 11 16 4
1977 8 29 15 4
1978 3 23 5 4
1978 5 7 8 4
1978 12 29 -2 4
1979 4 23 9 4
1979 5 13 8 4
1979 8 25 13 4
1979 10 1 7 4
1982 8 3 17 4
1982 8 28 16 4
1983 6 12 12 4
1983 6 28 9 4
1984 6 22 15 4
1984 9 24 9 4
1984 12 22 0 4
