1965 9 30 16 4
1967 7 7 16 5
1967 7 25 16 4
1967 7 31 16 4
1967 8 5 17 4
1968 7 9 16 4
1968 8 19 15 4
1968 12 30 -3 4
1970 1 27 1 7
1970 2 8 1 4
1970 3 7 1 5
1970 8 10 13 5
1971 2 4 4 4
1971 3 28 6 5
1972 9 14 15 4
1972 11 4 1 4
1973 3 8 1 4
1973 4 5 1 4
1973 5 23 1 4
1973 9 26 12 4
1974 4 29 10 4
1974 6 16 6 5
1974 7 2 7 7
1974 7 13 6 4
1974 7 28 6 5
1974 8 7 16 5
1974 8 14 14 7
1974 8 23 14 6
1974 9 25 11 7
1974 10 7 9 9
1974 10 13 8 6
1974 10 26 2 11
1974 11 11 1 4
1974 11 18 0 5
1974 12 5 0 4
1975 1 13 0 4
1975 3 7 1 8
1975 3 12 0 5
1975 3 21 0 4
1975 4 10 1 6
1975 4 18 0 5
1975 5 8 1 5
1975 6 11 7 5
1975 6 17 6 4
1975 7 7 7.5 4
1975 7 13 8 6
1975 7 17 8.5 4
1975 7 24 5 7
1975 8 8 6 13
1975 9 17 7.5 7
1975 10 9 4 6
1975 10 20 4 6
1975 10 26 4 5
1975 11 12 1 6
1976 3 15 1 8
1976 3 26 0 4
1976 4 5 4 4
1976 4 29 4 7
1976 5 19 5 4
1976 5 31 5 4
1977 2 10 -1 4
1977 4 30 8 7
1977 5 12 8 5
1977 6 1 8 9
1977 6 5 7 4
1977 6 30 14 4
1977 7 9 14 8
1977 7 21 16 4
1977 8 6 16 5
1977 9 3 15 7
1977 12 19 -2 4
1979 1 17 0 5
1979 1 27 2 4
1979 4 22 8 4
1979 8 7 16 4
1979 10 3 7 5
1979 10 14 7 4
1980 1 1 -5 4
1980 5 30 10 4
1980 9 9 15 4
1980 9 15 15 4
1981 2 7 -1 5
1981 5 10 10 5
1981 7 18 17 5
1981 9 17 14 4
1981 12 23 -1 4
1982 7 24 16 4
1983 4 29 6 4
1983 7 10 14 4
1983 8 13 16 4
1983 9 14 13 4
1983 12 18 -2 4
1984 5 23 11 4
1984 6 28 16 4
1984 7 23 14 5
1984 8 1 13 4
1984 9 21 8 4
