1920 7 6 18 4
1920 8 26 16 4
1969 7 14 19 4
1969 7 18 18 4
1969 8 24 18 4
1969 9 15 16 4
1971 1 31 1 8
1971 8 22 15 4
1971 10 2 15 6
1971 12 19 3 5
1971 12 30 1 4
1972 1 12 -3 4
1972 1 17 -2 5
1972 1 26 0 4
1972 2 25 2 5
1972 3 14 6 7
1972 7 18 17 4
1972 8 12 15 5
1972 10 2 14 4
1973 8 5 18 5
1973 8 18 15 4
1973 10 14 6 4
1974 2 4 -2 4
1974 4 22 9 4
1974 5 30 16 4
1974 6 22 20 4
1974 7 11 18 4
1974 12 9 -2 4
1975 5 25 10 4
1975 8 17 18 4
1975 12 21 4 4
1976 5 15 9 4
1976 5 25 12 4
1976 7 27 17 4
1976 8 3 18 5
1977 1 18 -1 5
1977 7 7 16 4
1977 9 9 16 4
1977 10 1 16 4
1977 10 23 9 4
1977 12 19 1 4
1978 3 15 2 5
1978 5 19 12 4
1978 8 31 15 5
1978 9 19 15 7
1978 11 9 4 4
1978 11 23 6 4
1978 12 31 1 4
1979 4 30 9 4
1979 5 11 8 4
1979 8 7 15 4
1979 8 13 17 4
1979 8 18 16 5
1979 10 3 7 5
1979 10 12 8 4
1979 12 18 1 4
1980 3 14 6 6
1980 5 3 6 4
1980 6 1 16 4
1980 7 19 18 4
1980 9 12 16 4
1980 9 30 15 4
1980 10 13 9 5
1981 2 21 4 4
1981 3 28 4 4
1981 7 17 16 4
1981 8 29 15 4
1981 9 15 14 4
1982 3 22 6 5
1982 7 4 16 4
1982 7 17 16 4
1982 9 27 9 4
1983 4 15 1 4
1983 5 9 6 4
1983 8 2 16 4
1984 2 6 2 4
1984 2 18 3 4
1984 8 14 12 4
1984 12 30 1 4
1985 11 20 1 6
1986 6 15 14 6
1987 4 13 4 4
2000 7 14 17 5
2000 8 5 16 4
2000 8 22 15 4
2000 8 26 14 4
2000 9 6 15 4
2000 9 15 13 6
2000 10 24 12 5
2002 7 18 17 5
2002 8 9 17 7
2002 8 18 17 5
2002 9 14 14 9
2002 10 4 14 5
2002 10 14 10 5
2003 3 21 3 5
2003 7 12 18 5
2003 7 21 18 5
2003 8 5 18 6
2003 8 22 17 4
2003 9 16 16 4
2003 9 22 16 5
2003 9 26 17 4
2004 7 6 18 4
2004 8 26 16 4
2005 6 3 14 4
2005 8 17 18 4
2005 8 25 17 5
2005 8 30 18 5
2005 9 27 12 5
2005 10 5 16 4
2005 10 19 14 4
2005 12 2 2 5
2006 7 11 19 4
2006 7 30 18 4
2006 8 16 17 4
2006 9 14 17 4
2006 9 28 14 4
2006 10 5 13 4
2006 10 13 14 6
2006 11 24 1 5
2007 8 29 19 4
2007 9 16 18 4
2007 11 9 7 4
2008 7 2 18 4
2008 8 6 18 4
2008 9 11 18 7
2008 11 3 6 4
2009 7 2 18 4
2009 8 6 18 4
2009 9 11 18 7
2009 11 3 6 4
2010 7 2 18 4
2010 8 6 18 4
2010 9 11 18 7
2010 11 3 6 4
