pc up
1984 1 29 38 18 -1 19
1920 4 26 36 28 13 15
2004 4 26 36 31 13 18
1972 6 11 56 35 16 19
1984 6 18 99 27 16 11
1972 7 18 61 35 17 18
1976 7 10 60 29 18 11
1976 7 21 70 28 17 11
2000 7 2 68 32 18 14
tx up
tx low
1985 1 2 0 2 -2 4
1985 1 13 1 0 -2 2
1985 1 14 2 2 -2 4
2007 1 16 0 2 2 0
2007 1 23 0 2 0 2
1978 4 11 0 14 5 9
1980 4 13 0 13 1 12
1982 4 22 0 14 9 5
1987 4 7 0 15 6 9
1973 5 15 1 17 14 3
2008 5 17 0 14 10 4
2009 5 17 0 14 10 4
2010 5 17 0 14 10 4
1973 6 22 13 24 17 7
1973 6 23 15 24 13 11
2006 6 28 8 20 16 4
2008 9 17 1.5 15 11 4
2008 9 18 0 15 12 3
2009 9 17 1.5 15 11 4
2009 9 18 0 15 12 3
2010 9 17 1.5 15 11 4
2010 9 18 0 15 12 3
1980 10 29 0 11 4 7
2003 10 27 0 13 2 11
tn up
2007 12 1 0 29 16 13
2007 12 2 0 29 16 13
2007 12 3 1 31 17 14
2007 12 4 0 32 16 16
2007 12 5 0 31 16 15
2007 12 6 0 32 16 16
2007 12 8 0 30 16 14
tn low
tr up
tr low
1973 5 15 1 17 14 3
