1920 6 1 14 6
1920 6 19 17 4
1969 9 6 18 4
1969 11 1 NA 4
1969 11 14 NA 4
1970 6 23 15 6
1971 10 31 8 4
1972 2 10 -2 4
1972 3 13 6 4
1972 6 16 18 4
1973 8 13 16 4
1973 11 10 2 4
1973 11 25 -4 4
1974 7 1 16 4
1974 8 20 17 4
1975 7 28 17 4
1975 8 16 18 4
1976 4 3 3 4
1976 6 8 15 4
1976 7 13 16 4
1976 8 31 15 4
1976 9 29 14 6
1977 6 6 17 4
1977 6 24 16 4
1977 7 18 18 4
1978 10 19 6 4
1979 3 19 4 5
1979 6 20 16 4
1979 7 10 17 4
1979 8 23 16 4
1979 8 29 13 5
1979 10 9 8 4
1980 7 2 17 4
1980 12 3 -1 4
1982 6 19 16 8
1982 6 27 19 5
1982 10 19 9 4
1983 1 28 1 4
1983 2 17 -1 4
1983 3 9 0 4
1983 11 28 -2 4
1984 11 18 NA 4
1986 10 5 11 4
2000 9 17 15 10
2002 7 8 17 4
2002 8 8 17 4
2003 5 26 17 4
2003 6 11 20 4
2003 8 17 17 4
2003 11 8 15 4
2003 12 8 15 4
2004 6 2 14 6
2004 6 20 16 4
2005 6 26 14 4
2005 10 1 12 4
2006 5 8 15 4
2007 4 11 9 4
2007 5 5 9 4
2007 6 8 16 5
2007 8 11 17 4
2008 2 23 3 4
2008 8 9 18 4
2009 1 6 4 4
2009 1 16 1 4
2009 2 23 3 4
2009 8 9 18 4
2010 2 23 3 4
2010 8 9 18 4
2010 12 7 -3 4
2010 12 17 4 4
