1961 3 6 8 4
1961 8 1 14 4
1961 9 1 12 4
1962 7 6 15 4
1963 6 30 17 4
1963 10 8 4 4
1965 5 27 9 4
1965 7 6 18 4
1965 10 10 12 4
1965 10 28 1 4
1966 1 8 -7 4
1966 3 8 1 5
1966 7 17 17 4
1966 7 26 18 5
1966 7 30 16 4
1966 8 7 18 4
1966 8 22 17 5
1966 8 31 14 5
1966 11 9 7 4
1966 11 16 5 4
1966 11 21 2 4
1967 3 18 3 5
1967 6 13 16 6
1967 6 23 15 4
1967 7 10 16 6
1967 10 5 8 4
1968 5 26 13 5
1968 5 30 17 4
1968 10 9 6 5
1968 12 22 -5 4
1969 8 19 20 4
1969 9 7 16 4
1969 10 5 14 6
1970 5 9 10 4
1970 7 18 18 4
1970 8 2 18 4
1970 9 1 16 4
1971 1 28 -2 4
1971 6 7 16 4
1971 6 30 19 4
1972 8 11 14 4
1974 5 4 10 4
1976 3 1 8 4
1977 5 2 10 4
1977 10 30 12 4
1980 6 25 20 4
1981 4 14 6 5
1981 5 14 13 4
1982 10 7 13 4
