1961 3 29 5 6
1962 3 30 1 4
1962 7 21 15 4
1962 11 5 3 4
1963 2 8 1 5
1963 6 30 17 4
1963 8 25 15 4
1964 10 1 11 4
1965 8 3 16 5
1965 8 30 15 4
1965 9 28 12 4
1966 6 19 17 4
1966 7 31 16 4
1967 7 5 15 4
1967 7 10 16 5
1967 8 7 17 4
1967 8 14 16 6
1967 9 4 13 5
1968 5 27 13 6
1968 7 2 19 6
1968 7 16 18 4
1968 8 31 16 4
1969 7 15 19 5
1969 7 20 20 5
1969 8 26 19 6
1969 9 2 18 5
1969 9 7 16 4
1970 7 30 18 4
1970 8 12 19 4
1970 9 22 15 4
1971 7 15 19 6
1971 8 15 16 4
1972 2 29 3 4
1975 7 23 17 4
1975 9 7 16 4
1976 8 4 17 4
1977 7 5 17 4
1977 8 27 17 4
1977 10 8 15 5
1980 5 22 14 4
1980 9 15 15 4
1981 6 30 17 4
1981 9 7 17 4
1983 6 13 16 4
