pc up
1992 1 10 40 8 5 3
1968 3 3 21 17 5 12
1957 5 5 48 22 10.5 11.5
1961 5 17 33.5 35 13 22
1966 5 3 43 24 4 20
1925 6 26 56 27 6 21
1961 6 16 91.5 23 15 8
1966 6 25 55 27 14 13
1987 6 8 60.3 26.9 14.1 12.8
1996 6 26 53.2 30 17.6 12.4
1905 7 18 68.5 NA NA NA
1968 7 14 88 29 19 10
1926 8 23 68 22.2 4.6 17.6
1943 8 16 62 34 15.3 18.7
1950 8 1 277 30 16 14
1950 8 16 65 34 17 17
1950 8 17 126 31 18 13
1950 8 18 63 26 17 9
1950 8 26 105 32 19 13
1954 8 29 67 25 15 10
1960 8 7 63.5 20 16 4
1965 8 22 71 28 13 15
1967 8 30 59 20 10 10
1950 9 5 303 29 14 15
1950 9 22 108 30 16 14
1968 9 6 113 22 13 9
1925 10 9 56 26 6 20
1941 10 9 73.5 28 15.5 12.5
1945 10 1 104 21 14 7
2000 10 7 50.5 30 10 20
1907 11 1 38.3 NA NA NA
1930 12 8 23.1 27.3 9.3 18
1940 12 10 27 22 7.5 14.5
1941 12 7 22.5 11 6 5
1969 12 27 24 23 5 18
tx up
1927 6 18 1 49.6 8.6 41
tx low
1962 1 11 0 -3 -14 11
1947 4 14 17 6.8 -0.1 6.9
1959 4 12 0 7 3 4
1959 4 13 4.5 9 5 4
1960 4 2 0 9 9 0
1978 4 11 2.9 7 4 3
1997 4 26 2.4 9 3.5 5.5
1970 9 26 29 12 10 2
1970 9 27 8 9 6 3
1970 9 28 2 12 5 7
1991 9 20 8 13 9 4
2000 10 9 5.1 7 3 4
tn up
tn low
1998 2 13 0 18.4 -17 35.4
1998 2 20 0 25 -22 47
1995 3 30 0 27 -16 43
1928 6 3 0 33.2 2.3 30.9
1928 6 7 0 37.4 1.4 36
1925 7 1 3 22 4 18
1925 7 2 3 24 4 20
1925 7 3 4 28 6 22
1925 7 13 0 25 5 20
1925 7 14 0 26 7 19
1925 7 16 38 30 7 23
1925 7 25 0 30 6 24
1925 7 31 19 NA 7 NA
1926 7 15 4 24.5 4.6 19.9
1926 7 16 0 27.6 4.7 22.9
1926 7 18 0 32.2 6.8 25.4
1926 7 25 6 30 6.8 23.2
1926 7 29 14 34.8 6.8 28
1927 7 4 1 32.6 4.7 27.9
1927 7 5 0 33.6 5.6 28
1927 7 18 0 28.5 6.6 21.9
1927 7 25 3 29.6 5.6 24
1975 7 15 0 27 7 20
1975 7 16 0 29 7 22
1975 7 21 14 26 7 19
1975 7 23 6 29 7 22
1975 7 26 2 26 7 19
1975 7 27 1 26 7 19
1975 7 28 0 28 7 21
1925 8 2 18 24 4 20
1925 8 7 0 28 4 24
1926 8 2 2 28.4 4.6 23.8
1926 8 3 0 26.6 4.2 22.4
1926 8 5 0 32.7 4.5 28.2
1926 8 10 0 28.4 4.8 23.6
1926 8 12 1 26.6 4.6 22
1926 8 14 34 26.6 4.6 22
1926 8 15 0 24.4 4.6 19.8
1926 8 16 9 24.4 4.7 19.7
1926 8 17 2 25.8 3.6 22.2
1926 8 23 68 22.2 4.6 17.6
1926 8 24 34 24.6 4.6 20
1926 8 26 0 27.8 4.6 23.2
tr up
1998 2 20 0 25 -22 47
1995 3 30 0 27 -16 43
1927 6 4 0 46.7 9.6 37.1
1927 6 8 0 44.6 9.9 34.7
1927 6 17 0 47.7 7.8 39.9
1927 6 18 1 49.6 8.6 41
1927 6 20 0 46.7 9.6 37.1
1927 6 21 0 48.5 8.6 39.9
1928 6 7 0 37.4 1.4 36
tr low
