1922 9 16 17 4
1923 3 24 5 4
1923 4 9 12 4
1923 7 19 19 4
1923 7 29 18 4
1923 8 20 16 4
1923 8 24 17 4
1924 4 9 12 4
1924 6 20 20 4
1924 7 14 18 4
1925 12 20 -2 4
1940 7 30 16 4
1943 5 1 11 4
1943 8 15 15 5
1943 10 4 12.5 4
1943 12 9 8 4
1944 12 13 -2 4
1945 11 25 7 4
1946 5 28 12 4
1946 6 16 15 4
1946 7 21 13 4
1948 4 20 15 4
1951 4 18 14 4
1953 5 23 20 5
1953 8 18 16 4
1953 9 9 11 5
1953 10 16 10 5
1953 10 22 14 4
1953 12 28 2 4
1955 8 1 15.5 4
1956 6 10 21.5 4
1957 9 7 18.5 4
1957 11 11 5 4
1958 4 1 11 4
1958 12 21 3 4
1959 6 11 20 4
1959 7 14 16 5
1959 8 2 16 5
1959 12 4 10 4
1959 12 21 4 4
1960 7 1 20 4
1960 10 16 7.5 4
1960 11 7 10 5
1960 11 24 4.5 4
1960 11 30 2 4
1961 5 29 16 4
1961 6 10 18 4
1961 6 26 18 4
1961 9 30 15 4
1962 2 26 2 4
1962 3 29 11 4
1962 7 1 15 4
1962 7 31 17 4
1962 8 11 18 4
1963 3 2 1.5 4
1963 3 26 10 4
1963 7 24 19 4
1963 8 28 15 4
1963 9 13 15 4
1963 9 20 16 4
1963 11 13 4 6
1963 11 21 3 4
1963 12 1 7 4
1964 7 3 20 5
1964 8 4 16 4
1964 8 9 16 4
1964 9 4 16 7
1964 10 9 9 4
1964 11 11 5 4
1964 12 5 0 5
1964 12 21 0 5
1965 1 1 4 4
1965 4 10 3 4
1965 4 23 8 4
1965 5 1 5 5
1965 6 24 16 4
1965 7 1 18 5
1965 7 6 18 4
1965 10 9 7.5 7
1965 11 2 5 4
1965 12 12 1 4
1966 1 31 2 4
1966 3 21 5 4
1966 3 31 4 4
1966 4 4 5 4
1966 6 2 15.5 4
1966 7 1 10 4
1966 7 31 15 4
1966 8 31 12 6
1966 9 15 12 5
1966 9 23 11 4
1966 9 28 12 4
1966 10 3 11 5
1966 10 22 9 4
1966 11 10 5 6
1966 11 15 8 5
1966 11 25 8 6
1966 12 17 -4 5
1967 1 11 -5 4
1967 1 23 5 4
1967 1 29 6 4
1967 4 26 13 4
1967 6 2 15 6
1967 9 1 10 4
1967 10 26 12 4
1967 11 22 9 4
1968 6 25 20 5
1968 8 2 14 4
1968 8 10 16 5
1968 8 22 17 5
1968 10 27 9 5
1968 11 7 6 4
1968 11 20 4 4
1969 5 28 16 5
1969 8 15 15 4
1969 8 30 16 4
1970 6 6 12 4
1970 6 19 19 4
1971 3 25 12 4
1971 3 29 12 4
1971 4 13 10 6
1971 8 21 13 5
1971 11 3 10 4
1972 6 12 15 4
1972 6 25 19 4
1972 7 11 16 4
1972 10 16 11 6
1974 5 1 7 6
1974 10 27 7 6
1975 2 28 3 4
1975 5 8 10 4
1975 5 12 8 4
1975 8 15 8 4
1975 12 9 4 4
1976 9 30 16 4
1977 6 4 14 4
1978 8 23 17 4
1979 2 24 6 4
1979 3 22 7.4 4
1979 6 6 15 5
1979 7 9 17 4
1989 8 20 18 4
1990 4 10 10 5
1990 8 26 16 4
1990 9 9 15 4
1991 4 10 8 4
1991 10 22 7 4
1993 5 8 14 4
1993 7 6 16 4
1993 8 2 18 5
1993 8 15 16 6
1998 9 11 13.2 5
