1922 10 21 10 5
1923 4 11 12 4
1923 4 17 10 4
1923 6 19 20 4
1923 6 29 22 5
1923 7 6 20 4
1923 7 19 19 4
1923 7 30 18 5
1923 8 4 20 5
1923 8 16 16 5
1923 8 25 17 4
1923 11 8 7 5
1924 1 21 1 4
1924 1 31 2 4
1924 6 23 20 5
1924 7 23 16 4
1926 3 29 2 5
1926 5 4 4 5
1926 5 10 4 4
1940 5 25 10 4
1940 7 3 16 4
1940 7 21 16 4
1940 8 19 17 4
1941 1 8 0 4
1942 2 7 5.7 4
1942 5 22 16 4
1942 8 3 17 4
1942 12 24 -1.5 4
1946 6 15 14 5
1946 8 13 13 4
1946 11 28 5 4
1947 1 24 9 4
1947 7 18 17 5
1948 10 23 10 4
1949 9 10 16 4
1949 9 16 15 4
1949 9 20 14 4
1953 5 31 16 4
1953 6 17 20 5
1954 7 20 17 4
1954 8 10 16 5
1954 10 22 9 4
1955 7 29 15 4
1955 9 1 15.5 4
1956 11 10 6 4
1957 12 11 -0.1 5
1958 11 25 9 4
1959 7 18 16 7
1959 7 25 16 5
1959 8 7 16 8
1959 8 12 17 5
1959 9 29 15 4
1960 1 12 7 4
1960 2 4 5 4
1960 4 25 12 4
1960 4 29 11 4
1960 7 9 15 4
1960 9 20 13 4
1960 10 4 12 4
1960 10 25 12 4
1960 12 25 -0.2 4
1961 6 24 14 5
1962 6 25 18 5
1962 7 27 16 4
1962 9 2 16 4
1962 9 16 16 4
1963 3 28 10 5
1963 9 2 16 5
1963 9 7 15 5
1963 9 28 13 4
1963 10 3 12 5
1963 11 13 4 4
1964 3 23 6 4
1964 5 30 18 4
1964 6 4 12 4
1964 7 11 17 6
1964 7 19 17 4
1964 8 30 17 4
1964 9 5 16 4
1964 9 17 16 5
1964 11 12 5 4
1965 4 25 8 4
1965 5 12 10 4
1965 7 12 17 4
1965 7 20 16 4
1965 9 11 12 4
1965 9 19 13 4
1965 10 8 8 5
1965 10 14 9 4
1965 11 24 5 4
1966 3 10 2 4
1966 4 6 5 6
1966 5 16 10 4
1966 6 7 15 5
1966 8 8 15 4
1966 9 30 12 4
1967 9 12 12 5
1967 11 12 6 4
1968 1 24 -2 4
1968 5 14 13 7
1968 9 29 10 4
1969 7 25 17 4
1969 9 11 16 4
1969 12 18 0 5
1970 2 24 5 5
1970 8 3 16 5
1970 9 24 14 4
1971 6 8 15 4
1971 6 18 14 4
1971 6 26 14 5
1971 7 22 17 4
1971 8 29 13 10
1971 10 15 10 4
1971 11 14 5 4
1972 3 6 6 4
1972 5 10 10 4
1972 7 8 15 4
1972 8 12 14 5
1972 9 10 15 4
1972 10 3 13 4
1972 10 16 11 4
1972 11 6 3 4
1973 9 14 15 6
1974 6 23 14 5
1974 7 16 13 4
1974 7 25 13 5
1974 8 28 13 6
1975 5 13 8 5
1975 5 29 9 5
1975 6 29 15 4
1975 8 16 8 4
1975 9 9 13 4
1976 2 13 9 4
1976 7 21 18 4
1977 5 21 18 4
1977 7 5 17 5
1977 7 24 16 4
1977 7 28 17 4
1978 7 8 17 6
1978 8 3 16 5
1979 6 14 12 4
1989 7 2 22 4
1990 6 9 20 4
1990 7 18 17 4
1990 8 9 17 6
1990 9 14 15 8
1990 9 19 15 4
1990 11 25 12 5
1991 1 3 4 4
1991 2 11 6 4
1991 3 14 9 4
1991 7 13 17 4
1991 8 26 16 5
1992 3 12 1 4
1992 6 1 13 4
1992 7 1 19 4
1992 8 12 15 4
1992 9 4 15 4
1992 10 13 10 4
1992 11 24 4 4
1998 4 28 8 4
2000 9 20 14 4
