1972  1  1    0.0  -99.9  -99.9
1972  1  2    0.0  -99.9  -99.9
1972  1  3    0.0  -99.9  -99.9
1972  1  4    0.0  -99.9  -99.9
1972  1  5    0.0  -99.9  -99.9
1972  1  6    0.0  -99.9  -99.9
1972  1  7    0.0  -99.9  -99.9
1972  1  8    0.0  -99.9  -99.9
1972  1  9    0.0  -99.9  -99.9
1972  1 10    0.0  -99.9  -99.9
1972  1 11    0.0  -99.9  -99.9
1972  1 12    0.0  -99.9  -99.9
1972  1 13    0.0  -99.9  -99.9
1972  1 14    0.0  -99.9  -99.9
1972  1 15    0.0  -99.9  -99.9
1972  1 16    0.0  -99.9  -99.9
1972  1 17    0.0  -99.9  -99.9
1972  1 18    0.0  -99.9  -99.9
1972  1 19    0.0  -99.9  -99.9
1972  1 20    0.0  -99.9  -99.9
1972  1 21    0.0  -99.9  -99.9
1972  1 22    0.0  -99.9  -99.9
1972  1 23    0.0  -99.9  -99.9
1972  1 24    0.0  -99.9  -99.9
1972  1 25    0.0  -99.9  -99.9
1972  1 26    0.0  -99.9  -99.9
1972  1 27    0.0  -99.9  -99.9
1972  1 28    2.5  -99.9  -99.9
1972  1 29    0.0  -99.9  -99.9
1972  1 30    0.0  -99.9  -99.9
1972  1 31    0.0  -99.9  -99.9
1972  2  1    0.0  -99.9  -99.9
1972  2  2    0.0  -99.9  -99.9
1972  2  3    0.0  -99.9  -99.9
1972  2  4    0.0  -99.9  -99.9
1972  2  5    0.0  -99.9  -99.9
1972  2  6    0.0  -99.9  -99.9
1972  2  7    0.0  -99.9  -99.9
1972  2  8    0.0  -99.9  -99.9
1972  2  9    0.0  -99.9  -99.9
1972  2 10    0.0  -99.9  -99.9
1972  2 11    0.0  -99.9  -99.9
1972  2 12    0.0  -99.9  -99.9
1972  2 13    0.0  -99.9  -99.9
1972  2 14    0.0  -99.9  -99.9
1972  2 15    0.0  -99.9  -99.9
1972  2 16    0.0  -99.9  -99.9
1972  2 17    0.0  -99.9  -99.9
1972  2 18    0.0  -99.9  -99.9
1972  2 19    0.0  -99.9  -99.9
1972  2 20    0.0  -99.9  -99.9
1972  2 21    0.0  -99.9  -99.9
1972  2 22    0.0  -99.9  -99.9
1972  2 23    0.0  -99.9  -99.9
1972  2 24    0.0  -99.9  -99.9
1972  2 25    0.0  -99.9  -99.9
1972  2 26    0.0  -99.9  -99.9
1972  2 27    0.0  -99.9  -99.9
1972  2 28    0.0  -99.9  -99.9
1972  2 29    0.0  -99.9  -99.9
1972  3  1    0.0  -99.9  -99.9
1972  3  2    0.0  -99.9  -99.9
1972  3  3    0.0  -99.9  -99.9
1972  3  4    0.0  -99.9  -99.9
1972  3  5    0.0  -99.9  -99.9
1972  3  6    0.0  -99.9  -99.9
1972  3  7    0.0  -99.9  -99.9
1972  3  8    0.0  -99.9  -99.9
1972  3  9    0.0  -99.9  -99.9
1972  3 10    0.0  -99.9  -99.9
1972  3 11    0.0  -99.9  -99.9
1972  3 12    0.0  -99.9  -99.9
1972  3 13    0.0  -99.9  -99.9
1972  3 14    0.0  -99.9  -99.9
1972  3 15    0.0  -99.9  -99.9
1972  3 16    0.0  -99.9  -99.9
1972  3 17    0.0  -99.9  -99.9
1972  3 18    0.0  -99.9  -99.9
1972  3 19    0.0  -99.9  -99.9
1972  3 20    0.0  -99.9  -99.9
1972  3 21    0.0  -99.9  -99.9
1972  3 22    0.0  -99.9  -99.9
1972  3 23    0.0  -99.9  -99.9
1972  3 24    0.0  -99.9  -99.9
1972  3 25    0.0  -99.9  -99.9
1972  3 26    0.0  -99.9  -99.9
1972  3 27    0.0  -99.9  -99.9
1972  3 28    0.0  -99.9  -99.9
1972  3 29    0.0  -99.9  -99.9
1972  3 30    0.0  -99.9  -99.9
1972  3 31    0.0  -99.9  -99.9
1972  4  1    0.0  -99.9  -99.9
1972  4  2    0.0  -99.9  -99.9
1972  4  3    0.0  -99.9  -99.9
1972  4  4    0.0  -99.9  -99.9
1972  4  5    0.0  -99.9  -99.9
1972  4  6    0.0  -99.9  -99.9
1972  4  7    0.0  -99.9  -99.9
1972  4  8    0.0  -99.9  -99.9
1972  4  9    0.0  -99.9  -99.9
1972  4 10    0.0  -99.9  -99.9
1972  4 11    0.0  -99.9  -99.9
1972  4 12    0.0  -99.9  -99.9
1972  4 13    0.0  -99.9  -99.9
1972  4 14    0.0  -99.9  -99.9
1972  4 15    0.0  -99.9  -99.9
1972  4 16    0.0  -99.9  -99.9
1972  4 17    0.0  -99.9  -99.9
1972  4 18    0.0  -99.9  -99.9
1972  4 19    0.0  -99.9  -99.9
1972  4 20    0.0  -99.9  -99.9
1972  4 21    0.0  -99.9  -99.9
1972  4 22    0.0  -99.9  -99.9
1972  4 23    0.0  -99.9  -99.9
1972  4 24    0.0  -99.9  -99.9
1972  4 25    0.0  -99.9  -99.9
1972  4 26    0.0  -99.9  -99.9
1972  4 27    0.0  -99.9  -99.9
1972  4 28    0.0  -99.9  -99.9
1972  4 29    0.0  -99.9  -99.9
1972  4 30    0.0  -99.9  -99.9
1972  5  1    0.0  -99.9  -99.9
1972  5  2    0.0  -99.9  -99.9
1972  5  3    0.0  -99.9  -99.9
1972  5  4    0.0  -99.9  -99.9
1972  5  5    0.0  -99.9  -99.9
1972  5  6    0.0  -99.9  -99.9
1972  5  7    0.0  -99.9  -99.9
1972  5  8    0.0  -99.9  -99.9
1972  5  9    0.0  -99.9  -99.9
1972  5 10    0.0  -99.9  -99.9
1972  5 11    0.0  -99.9  -99.9
1972  5 12    0.0  -99.9  -99.9
1972  5 13    0.0  -99.9  -99.9
1972  5 14    0.0  -99.9  -99.9
1972  5 15    0.0  -99.9  -99.9
1972  5 16    0.0  -99.9  -99.9
1972  5 17    0.0  -99.9  -99.9
1972  5 18    0.0  -99.9  -99.9
1972  5 19    0.0  -99.9  -99.9
1972  5 20    0.0  -99.9  -99.9
1972  5 21    0.0  -99.9  -99.9
1972  5 22    0.0  -99.9  -99.9
1972  5 23    0.0  -99.9  -99.9
1972  5 24    0.0  -99.9  -99.9
1972  5 25    0.0  -99.9  -99.9
1972  5 26    0.0  -99.9  -99.9
1972  5 27    8.0  -99.9  -99.9
1972  5 28    0.0  -99.9  -99.9
1972  5 29    0.0  -99.9  -99.9
1972  5 30    3.2  -99.9  -99.9
1972  5 31    0.0  -99.9  -99.9
1972  6  1    0.0  -99.9  -99.9
1972  6  2    0.0  -99.9  -99.9
1972  6  3    0.0  -99.9  -99.9
1972  6  4    0.0  -99.9  -99.9
1972  6  5    9.0  -99.9  -99.9
1972  6  6    0.0  -99.9  -99.9
1972  6  7    0.0  -99.9  -99.9
1972  6  8    5.5  -99.9  -99.9
1972  6  9    0.0  -99.9  -99.9
1972  6 10    0.0  -99.9  -99.9
1972  6 11    0.0  -99.9  -99.9
1972  6 12    0.0  -99.9  -99.9
1972  6 13    0.0  -99.9  -99.9
1972  6 14    4.5  -99.9  -99.9
1972  6 15    0.0  -99.9  -99.9
1972  6 16    0.0  -99.9  -99.9
1972  6 17    0.0  -99.9  -99.9
1972  6 18    0.0  -99.9  -99.9
1972  6 19    0.0  -99.9  -99.9
1972  6 20    0.0  -99.9  -99.9
1972  6 21    0.0  -99.9  -99.9
1972  6 22    0.0  -99.9  -99.9
1972  6 23    0.0  -99.9  -99.9
1972  6 24    0.0  -99.9  -99.9
1972  6 25    0.0  -99.9  -99.9
1972  6 26    2.5  -99.9  -99.9
1972  6 27    0.0  -99.9  -99.9
1972  6 28    0.0  -99.9  -99.9
1972  6 29    0.0  -99.9  -99.9
1972  6 30    0.0  -99.9  -99.9
1972  7  1    0.0  -99.9  -99.9
1972  7  2    0.0  -99.9  -99.9
1972  7  3    0.0  -99.9  -99.9
1972  7  4    0.0  -99.9  -99.9
1972  7  5    0.0  -99.9  -99.9
1972  7  6    0.0  -99.9  -99.9
1972  7  7    0.0  -99.9  -99.9
1972  7  8    0.0  -99.9  -99.9
1972  7  9    0.0  -99.9  -99.9
1972  7 10    0.0  -99.9  -99.9
1972  7 11    5.5  -99.9  -99.9
1972  7 12    0.0  -99.9  -99.9
1972  7 13    0.0  -99.9  -99.9
1972  7 14   10.0  -99.9  -99.9
1972  7 15    0.0  -99.9  -99.9
1972  7 16    0.0  -99.9  -99.9
1972  7 17    6.0  -99.9  -99.9
1972  7 18    0.0  -99.9  -99.9
1972  7 19    0.0  -99.9  -99.9
1972  7 20   10.0  -99.9  -99.9
1972  7 21    0.0  -99.9  -99.9
1972  7 22    0.0  -99.9  -99.9
1972  7 23    0.0  -99.9  -99.9
1972  7 24    0.0  -99.9  -99.9
1972  7 25    0.0  -99.9  -99.9
1972  7 26    4.0  -99.9  -99.9
1972  7 27    0.0  -99.9  -99.9
1972  7 28    0.0  -99.9  -99.9
1972  7 29    8.0  -99.9  -99.9
1972  7 30    0.0  -99.9  -99.9
1972  7 31    0.0  -99.9  -99.9
1972  8  1    0.0  -99.9  -99.9
1972  8  2    0.0  -99.9  -99.9
1972  8  3    0.0  -99.9  -99.9
1972  8  4    8.0  -99.9  -99.9
1972  8  5    0.0  -99.9  -99.9
1972  8  6    0.0  -99.9  -99.9
1972  8  7    5.0  -99.9  -99.9
1972  8  8    0.0  -99.9  -99.9
1972  8  9    0.0  -99.9  -99.9
1972  8 10    0.0  -99.9  -99.9
1972  8 11    0.0  -99.9  -99.9
1972  8 12    0.0  -99.9  -99.9
1972  8 13    0.0  -99.9  -99.9
1972  8 14    0.0  -99.9  -99.9
1972  8 15    0.0  -99.9  -99.9
1972  8 16    6.0  -99.9  -99.9
1972  8 17    0.0  -99.9  -99.9
1972  8 18    0.0  -99.9  -99.9
1972  8 19    0.0  -99.9  -99.9
1972  8 20    0.0  -99.9  -99.9
1972  8 21    0.0  -99.9  -99.9
1972  8 22    5.0  -99.9  -99.9
1972  8 23    0.0  -99.9  -99.9
1972  8 24    0.0  -99.9  -99.9
1972  8 25    0.0  -99.9  -99.9
1972  8 26    0.0  -99.9  -99.9
1972  8 27    0.0  -99.9  -99.9
1972  8 28    0.0  -99.9  -99.9
1972  8 29    0.0  -99.9  -99.9
1972  8 30    0.0  -99.9  -99.9
1972  8 31    0.0  -99.9  -99.9
1972  9  1    0.0  -99.9  -99.9
1972  9  2    0.0  -99.9  -99.9
1972  9  3   22.0  -99.9  -99.9
1972  9  4    0.0  -99.9  -99.9
1972  9  5    0.0  -99.9  -99.9
1972  9  6    0.0  -99.9  -99.9
1972  9  7    0.0  -99.9  -99.9
1972  9  8    0.0  -99.9  -99.9
1972  9  9   18.5  -99.9  -99.9
1972  9 10    0.0  -99.9  -99.9
1972  9 11    0.0  -99.9  -99.9
1972  9 12    0.0  -99.9  -99.9
1972  9 13    0.0  -99.9  -99.9
1972  9 14    0.0  -99.9  -99.9
1972  9 15    0.0  -99.9  -99.9
1972  9 16    0.0  -99.9  -99.9
1972  9 17    0.0  -99.9  -99.9
1972  9 18    0.0  -99.9  -99.9
1972  9 19    0.0  -99.9  -99.9
1972  9 20    0.0  -99.9  -99.9
1972  9 21    0.0  -99.9  -99.9
1972  9 22    0.0  -99.9  -99.9
1972  9 23    0.0  -99.9  -99.9
1972  9 24    0.0  -99.9  -99.9
1972  9 25    0.0  -99.9  -99.9
1972  9 26    0.0  -99.9  -99.9
1972  9 27    0.0  -99.9  -99.9
1972  9 28    0.0  -99.9  -99.9
1972  9 29    0.0  -99.9  -99.9
1972  9 30    0.0  -99.9  -99.9
1972 10  1    0.0  -99.9  -99.9
1972 10  2    0.0  -99.9  -99.9
1972 10  3    0.0  -99.9  -99.9
1972 10  4    0.0  -99.9  -99.9
1972 10  5    0.0  -99.9  -99.9
1972 10  6    0.0  -99.9  -99.9
1972 10  7    0.0  -99.9  -99.9
1972 10  8    0.0  -99.9  -99.9
1972 10  9    0.0  -99.9  -99.9
1972 10 10    0.0  -99.9  -99.9
1972 10 11    0.0  -99.9  -99.9
1972 10 12    0.0  -99.9  -99.9
1972 10 13    0.0  -99.9  -99.9
1972 10 14    0.0  -99.9  -99.9
1972 10 15    0.0  -99.9  -99.9
1972 10 16    0.0  -99.9  -99.9
1972 10 17    0.0  -99.9  -99.9
1972 10 18    0.0  -99.9  -99.9
1972 10 19    0.0  -99.9  -99.9
1972 10 20    0.0  -99.9  -99.9
1972 10 21    0.0  -99.9  -99.9
1972 10 22    0.0  -99.9  -99.9
1972 10 23    0.0  -99.9  -99.9
1972 10 24    0.0  -99.9  -99.9
1972 10 25    0.0  -99.9  -99.9
1972 10 26    0.0  -99.9  -99.9
1972 10 27    0.0  -99.9  -99.9
1972 10 28    0.0  -99.9  -99.9
1972 10 29    0.0  -99.9  -99.9
1972 10 30    0.0  -99.9  -99.9
1972 10 31    0.0  -99.9  -99.9
1972 11  1    0.0  -99.9  -99.9
1972 11  2    0.0  -99.9  -99.9
1972 11  3    0.0  -99.9  -99.9
1972 11  4    0.0  -99.9  -99.9
1972 11  5    0.0  -99.9  -99.9
1972 11  6    0.0  -99.9  -99.9
1972 11  7    0.0  -99.9  -99.9
1972 11  8    0.0  -99.9  -99.9
1972 11  9    0.0  -99.9  -99.9
1972 11 10    0.0  -99.9  -99.9
1972 11 11    0.0  -99.9  -99.9
1972 11 12    0.0  -99.9  -99.9
1972 11 13    0.0  -99.9  -99.9
1972 11 14    0.0  -99.9  -99.9
1972 11 15    0.0  -99.9  -99.9
1972 11 16    0.0  -99.9  -99.9
1972 11 17    0.0  -99.9  -99.9
1972 11 18    0.0  -99.9  -99.9
1972 11 19    0.0  -99.9  -99.9
1972 11 20    0.0  -99.9  -99.9
1972 11 21    0.0  -99.9  -99.9
1972 11 22    0.0  -99.9  -99.9
1972 11 23    0.0  -99.9  -99.9
1972 11 24    0.0  -99.9  -99.9
1972 11 25    0.0  -99.9  -99.9
1972 11 26    0.0  -99.9  -99.9
1972 11 27    0.0  -99.9  -99.9
1972 11 28    0.0  -99.9  -99.9
1972 11 29    0.0  -99.9  -99.9
1972 11 30    0.0  -99.9  -99.9
1972 12  1    0.0  -99.9  -99.9
1972 12  2    0.0  -99.9  -99.9
1972 12  3    0.0  -99.9  -99.9
1972 12  4    0.0  -99.9  -99.9
1972 12  5    0.0  -99.9  -99.9
1972 12  6    0.0  -99.9  -99.9
1972 12  7    0.0  -99.9  -99.9
1972 12  8    0.0  -99.9  -99.9
1972 12  9    0.0  -99.9  -99.9
1972 12 10    0.0  -99.9  -99.9
1972 12 11    0.0  -99.9  -99.9
1972 12 12    0.0  -99.9  -99.9
1972 12 13    0.0  -99.9  -99.9
1972 12 14    0.0  -99.9  -99.9
1972 12 15    0.0  -99.9  -99.9
1972 12 16    0.0  -99.9  -99.9
1972 12 17    0.0  -99.9  -99.9
1972 12 18    0.0  -99.9  -99.9
1972 12 19    0.0  -99.9  -99.9
1972 12 20    0.0  -99.9  -99.9
1972 12 21    0.0  -99.9  -99.9
1972 12 22    0.0  -99.9  -99.9
1972 12 23    0.0  -99.9  -99.9
1972 12 24    0.0  -99.9  -99.9
1972 12 25    0.0  -99.9  -99.9
1972 12 26    0.0  -99.9  -99.9
1972 12 27    0.0  -99.9  -99.9
1972 12 28    0.0  -99.9  -99.9
1972 12 29    0.0  -99.9  -99.9
1972 12 30    0.0  -99.9  -99.9
1972 12 31    0.0  -99.9  -99.9
1973  1  1    0.0  -99.9  -99.9
1973  1  2    0.0  -99.9  -99.9
1973  1  3    0.0  -99.9  -99.9
1973  1  4    0.0  -99.9  -99.9
1973  1  5    0.0  -99.9  -99.9
1973  1  6    0.0  -99.9  -99.9
1973  1  7    4.0  -99.9  -99.9
1973  1  8    0.0  -99.9  -99.9
1973  1  9    0.0  -99.9  -99.9
1973  1 10    0.0  -99.9  -99.9
1973  1 11    0.0  -99.9  -99.9
1973  1 12    0.0  -99.9  -99.9
1973  1 13    0.0  -99.9  -99.9
1973  1 14    0.0  -99.9  -99.9
1973  1 15    0.0  -99.9  -99.9
1973  1 16    0.0  -99.9  -99.9
1973  1 17    0.0  -99.9  -99.9
1973  1 18    0.0  -99.9  -99.9
1973  1 19    0.0  -99.9  -99.9
1973  1 20    0.0  -99.9  -99.9
1973  1 21    0.0  -99.9  -99.9
1973  1 22    0.0  -99.9  -99.9
1973  1 23    0.0  -99.9  -99.9
1973  1 24    0.0  -99.9  -99.9
1973  1 25    0.0  -99.9  -99.9
1973  1 26    0.0  -99.9  -99.9
1973  1 27    0.0  -99.9  -99.9
1973  1 28    0.0  -99.9  -99.9
1973  1 29    0.0  -99.9  -99.9
1973  1 30    0.0  -99.9  -99.9
1973  1 31    0.0  -99.9  -99.9
1973  2  1    0.0  -99.9  -99.9
1973  2  2    0.0  -99.9  -99.9
1973  2  3    0.0  -99.9  -99.9
1973  2  4    0.0  -99.9  -99.9
1973  2  5    0.0  -99.9  -99.9
1973  2  6    0.0  -99.9  -99.9
1973  2  7    0.0  -99.9  -99.9
1973  2  8    0.0  -99.9  -99.9
1973  2  9    0.0  -99.9  -99.9
1973  2 10    0.0  -99.9  -99.9
1973  2 11    0.0  -99.9  -99.9
1973  2 12    0.0  -99.9  -99.9
1973  2 13    0.0  -99.9  -99.9
1973  2 14    0.0  -99.9  -99.9
1973  2 15    0.0  -99.9  -99.9
1973  2 16    0.0  -99.9  -99.9
1973  2 17    0.0  -99.9  -99.9
1973  2 18    0.0  -99.9  -99.9
1973  2 19    0.0  -99.9  -99.9
1973  2 20    0.0  -99.9  -99.9
1973  2 21   19.0  -99.9  -99.9
1973  2 22    0.0  -99.9  -99.9
1973  2 23    0.0  -99.9  -99.9
1973  2 24    0.0  -99.9  -99.9
1973  2 25    0.0  -99.9  -99.9
1973  2 26    0.0  -99.9  -99.9
1973  2 27    0.0  -99.9  -99.9
1973  2 28    0.0  -99.9  -99.9
1973  3  1    0.0  -99.9  -99.9
1973  3  2    0.0  -99.9  -99.9
1973  3  3    0.0  -99.9  -99.9
1973  3  4    0.0  -99.9  -99.9
1973  3  5    0.0  -99.9  -99.9
1973  3  6    0.0  -99.9  -99.9
1973  3  7    0.0  -99.9  -99.9
1973  3  8    0.0  -99.9  -99.9
1973  3  9    0.0  -99.9  -99.9
1973  3 10    0.0  -99.9  -99.9
1973  3 11    0.0  -99.9  -99.9
1973  3 12    0.0  -99.9  -99.9
1973  3 13    0.0  -99.9  -99.9
1973  3 14    0.0  -99.9  -99.9
1973  3 15    0.0  -99.9  -99.9
1973  3 16    0.0  -99.9  -99.9
1973  3 17    0.0  -99.9  -99.9
1973  3 18    0.0  -99.9  -99.9
1973  3 19    0.0  -99.9  -99.9
1973  3 20    0.0  -99.9  -99.9
1973  3 21    0.0  -99.9  -99.9
1973  3 22    0.0  -99.9  -99.9
1973  3 23    0.0  -99.9  -99.9
1973  3 24    0.0  -99.9  -99.9
1973  3 25    0.0  -99.9  -99.9
1973  3 26    0.0  -99.9  -99.9
1973  3 27    0.0  -99.9  -99.9
1973  3 28    0.0  -99.9  -99.9
1973  3 29    0.0  -99.9  -99.9
1973  3 30    0.0  -99.9  -99.9
1973  3 31    0.0  -99.9  -99.9
1973  4  1    0.0  -99.9  -99.9
1973  4  2    0.0  -99.9  -99.9
1973  4  3    0.0  -99.9  -99.9
1973  4  4    0.0  -99.9  -99.9
1973  4  5    0.0  -99.9  -99.9
1973  4  6    0.0  -99.9  -99.9
1973  4  7    0.0  -99.9  -99.9
1973  4  8    0.0  -99.9  -99.9
1973  4  9    0.0  -99.9  -99.9
1973  4 10    0.0  -99.9  -99.9
1973  4 11    0.0  -99.9  -99.9
1973  4 12    0.0  -99.9  -99.9
1973  4 13    0.0  -99.9  -99.9
1973  4 14    0.0  -99.9  -99.9
1973  4 15    0.0  -99.9  -99.9
1973  4 16    0.0  -99.9  -99.9
1973  4 17    0.0  -99.9  -99.9
1973  4 18    0.0  -99.9  -99.9
1973  4 19    0.0  -99.9  -99.9
1973  4 20    0.0  -99.9  -99.9
1973  4 21    0.0  -99.9  -99.9
1973  4 22    0.0  -99.9  -99.9
1973  4 23    0.0  -99.9  -99.9
1973  4 24    0.0  -99.9  -99.9
1973  4 25    0.0  -99.9  -99.9
1973  4 26    0.0  -99.9  -99.9
1973  4 27    0.0  -99.9  -99.9
1973  4 28    0.0  -99.9  -99.9
1973  4 29    0.0  -99.9  -99.9
1973  4 30    0.0  -99.9  -99.9
1973  5  1    0.0  -99.9  -99.9
1973  5  2    0.0  -99.9  -99.9
1973  5  3    0.0  -99.9  -99.9
1973  5  4    0.0  -99.9  -99.9
1973  5  5    0.0  -99.9  -99.9
1973  5  6    0.0  -99.9  -99.9
1973  5  7    0.0  -99.9  -99.9
1973  5  8    0.0  -99.9  -99.9
1973  5  9    0.0  -99.9  -99.9
1973  5 10    0.0  -99.9  -99.9
1973  5 11    0.0  -99.9  -99.9
1973  5 12    0.0  -99.9  -99.9
1973  5 13    0.0  -99.9  -99.9
1973  5 14    0.0  -99.9  -99.9
1973  5 15    0.0  -99.9  -99.9
1973  5 16    9.5  -99.9  -99.9
1973  5 17    0.0  -99.9  -99.9
1973  5 18    0.0  -99.9  -99.9
1973  5 19    0.0  -99.9  -99.9
1973  5 20    0.0  -99.9  -99.9
1973  5 21    0.0  -99.9  -99.9
1973  5 22    0.0  -99.9  -99.9
1973  5 23    0.0  -99.9  -99.9
1973  5 24    0.0  -99.9  -99.9
1973  5 25    0.0  -99.9  -99.9
1973  5 26    0.0  -99.9  -99.9
1973  5 27    0.0  -99.9  -99.9
1973  5 28    0.0  -99.9  -99.9
1973  5 29    0.0  -99.9  -99.9
1973  5 30    0.0  -99.9  -99.9
1973  5 31    0.0  -99.9  -99.9
1973  6  1    0.0  -99.9  -99.9
1973  6  2    0.0  -99.9  -99.9
1973  6  3    0.0  -99.9  -99.9
1973  6  4    0.0  -99.9  -99.9
1973  6  5    0.0  -99.9  -99.9
1973  6  6    0.0  -99.9  -99.9
1973  6  7    0.0  -99.9  -99.9
1973  6  8    0.0  -99.9  -99.9
1973  6  9    0.0  -99.9  -99.9
1973  6 10    0.0  -99.9  -99.9
1973  6 11    0.0  -99.9  -99.9
1973  6 12    0.0  -99.9  -99.9
1973  6 13    0.0  -99.9  -99.9
1973  6 14    0.0  -99.9  -99.9
1973  6 15   10.0  -99.9  -99.9
1973  6 16    0.0  -99.9  -99.9
1973  6 17    0.0  -99.9  -99.9
1973  6 18    0.0  -99.9  -99.9
1973  6 19    0.0  -99.9  -99.9
1973  6 20    0.0  -99.9  -99.9
1973  6 21    0.0  -99.9  -99.9
1973  6 22    0.0  -99.9  -99.9
1973  6 23    0.0  -99.9  -99.9
1973  6 24    0.0  -99.9  -99.9
1973  6 25    0.0  -99.9  -99.9
1973  6 26    0.0  -99.9  -99.9
1973  6 27    0.0  -99.9  -99.9
1973  6 28    0.0  -99.9  -99.9
1973  6 29    0.0  -99.9  -99.9
1973  6 30    0.0  -99.9  -99.9
1973  7  1    0.0  -99.9  -99.9
1973  7  2    0.0  -99.9  -99.9
1973  7  3    0.0  -99.9  -99.9
1973  7  4    0.0  -99.9  -99.9
1973  7  5    0.0  -99.9  -99.9
1973  7  6    0.0  -99.9  -99.9
1973  7  7    0.0  -99.9  -99.9
1973  7  8    0.0  -99.9  -99.9
1973  7  9    0.0  -99.9  -99.9
1973  7 10    0.0  -99.9  -99.9
1973  7 11    0.0  -99.9  -99.9
1973  7 12   20.0  -99.9  -99.9
1973  7 13    0.0  -99.9  -99.9
1973  7 14    0.0  -99.9  -99.9
1973  7 15   18.0  -99.9  -99.9
1973  7 16    0.0  -99.9  -99.9
1973  7 17    0.0  -99.9  -99.9
1973  7 18   30.0  -99.9  -99.9
1973  7 19    0.0  -99.9  -99.9
1973  7 20    0.0  -99.9  -99.9
1973  7 21    0.0  -99.9  -99.9
1973  7 22    0.0  -99.9  -99.9
1973  7 23    0.0  -99.9  -99.9
1973  7 24   15.0  -99.9  -99.9
1973  7 25    0.0  -99.9  -99.9
1973  7 26    0.0  -99.9  -99.9
1973  7 27   26.0  -99.9  -99.9
1973  7 28    0.0  -99.9  -99.9
1973  7 29    0.0  -99.9  -99.9
1973  7 30   29.0  -99.9  -99.9
1973  7 31    0.0  -99.9  -99.9
1973  8  1    0.0  -99.9  -99.9
1973  8  2   16.0  -99.9  -99.9
1973  8  3    0.0  -99.9  -99.9
1973  8  4    0.0  -99.9  -99.9
1973  8  5   28.4  -99.9  -99.9
1973  8  6    0.0  -99.9  -99.9
1973  8  7    0.0  -99.9  -99.9
1973  8  8   18.0  -99.9  -99.9
1973  8  9    0.0  -99.9  -99.9
1973  8 10    0.0  -99.9  -99.9
1973  8 11   40.0  -99.9  -99.9
1973  8 12    0.0  -99.9  -99.9
1973  8 13    0.0  -99.9  -99.9
1973  8 14    0.0  -99.9  -99.9
1973  8 15    0.0  -99.9  -99.9
1973  8 16    0.0  -99.9  -99.9
1973  8 17    0.0  -99.9  -99.9
1973  8 18    0.0  -99.9  -99.9
1973  8 19    0.0  -99.9  -99.9
1973  8 20    0.0  -99.9  -99.9
1973  8 21    0.0  -99.9  -99.9
1973  8 22    0.0  -99.9  -99.9
1973  8 23    0.0  -99.9  -99.9
1973  8 24    0.0  -99.9  -99.9
1973  8 25    0.0  -99.9  -99.9
1973  8 26   45.5  -99.9  -99.9
1973  8 27    0.0  -99.9  -99.9
1973  8 28    0.0  -99.9  -99.9
1973  8 29   16.0  -99.9  -99.9
1973  8 30    0.0  -99.9  -99.9
1973  8 31    0.0  -99.9  -99.9
1973  9  1    0.0  -99.9  -99.9
1973  9  2    0.0  -99.9  -99.9
1973  9  3    0.0  -99.9  -99.9
1973  9  4    0.0  -99.9  -99.9
1973  9  5    0.0  -99.9  -99.9
1973  9  6    0.0  -99.9  -99.9
1973  9  7    0.0  -99.9  -99.9
1973  9  8    0.0  -99.9  -99.9
1973  9  9    0.0  -99.9  -99.9
1973  9 10    0.0  -99.9  -99.9
1973  9 11    0.0  -99.9  -99.9
1973  9 12    0.0  -99.9  -99.9
1973  9 13    0.0  -99.9  -99.9
1973  9 14    0.0  -99.9  -99.9
1973  9 15    0.0  -99.9  -99.9
1973  9 16    5.0  -99.9  -99.9
1973  9 17    0.0  -99.9  -99.9
1973  9 18    0.0  -99.9  -99.9
1973  9 19    0.0  -99.9  -99.9
1973  9 20    0.0  -99.9  -99.9
1973  9 21    0.0  -99.9  -99.9
1973  9 22    0.0  -99.9  -99.9
1973  9 23    0.0  -99.9  -99.9
1973  9 24    0.0  -99.9  -99.9
1973  9 25    0.0  -99.9  -99.9
1973  9 26    0.0  -99.9  -99.9
1973  9 27    0.0  -99.9  -99.9
1973  9 28    0.0  -99.9  -99.9
1973  9 29    0.0  -99.9  -99.9
1973  9 30    0.0  -99.9  -99.9
1973 10  1    0.0  -99.9  -99.9
1973 10  2    0.0  -99.9  -99.9
1973 10  3    0.0  -99.9  -99.9
1973 10  4    0.0  -99.9  -99.9
1973 10  5    0.0  -99.9  -99.9
1973 10  6    0.0  -99.9  -99.9
1973 10  7    0.0  -99.9  -99.9
1973 10  8    0.0  -99.9  -99.9
1973 10  9    0.0  -99.9  -99.9
1973 10 10    0.0  -99.9  -99.9
1973 10 11    0.0  -99.9  -99.9
1973 10 12    0.0  -99.9  -99.9
1973 10 13    0.0  -99.9  -99.9
1973 10 14    0.0  -99.9  -99.9
1973 10 15    0.0  -99.9  -99.9
1973 10 16    5.0  -99.9  -99.9
1973 10 17    0.0  -99.9  -99.9
1973 10 18    0.0  -99.9  -99.9
1973 10 19    0.0  -99.9  -99.9
1973 10 20    0.0  -99.9  -99.9
1973 10 21    0.0  -99.9  -99.9
1973 10 22    0.0  -99.9  -99.9
1973 10 23    0.0  -99.9  -99.9
1973 10 24    0.0  -99.9  -99.9
1973 10 25    0.0  -99.9  -99.9
1973 10 26    2.5  -99.9  -99.9
1973 10 27    0.0  -99.9  -99.9
1973 10 28    0.0  -99.9  -99.9
1973 10 29    0.0  -99.9  -99.9
1973 10 30    0.0  -99.9  -99.9
1973 10 31    0.0  -99.9  -99.9
1973 11  1    0.0  -99.9  -99.9
1973 11  2    0.0  -99.9  -99.9
1973 11  3    0.0  -99.9  -99.9
1973 11  4    0.0  -99.9  -99.9
1973 11  5    0.0  -99.9  -99.9
1973 11  6    0.0  -99.9  -99.9
1973 11  7    0.0  -99.9  -99.9
1973 11  8    0.0  -99.9  -99.9
1973 11  9    0.0  -99.9  -99.9
1973 11 10    0.0  -99.9  -99.9
1973 11 11    0.0  -99.9  -99.9
1973 11 12    0.0  -99.9  -99.9
1973 11 13    0.0  -99.9  -99.9
1973 11 14    0.0  -99.9  -99.9
1973 11 15    0.0  -99.9  -99.9
1973 11 16    0.0  -99.9  -99.9
1973 11 17    0.0  -99.9  -99.9
1973 11 18    0.0  -99.9  -99.9
1973 11 19    0.0  -99.9  -99.9
1973 11 20    0.0  -99.9  -99.9
1973 11 21    0.0  -99.9  -99.9
1973 11 22    0.0  -99.9  -99.9
1973 11 23    0.0  -99.9  -99.9
1973 11 24    0.0  -99.9  -99.9
1973 11 25    0.0  -99.9  -99.9
1973 11 26    0.0  -99.9  -99.9
1973 11 27    0.0  -99.9  -99.9
1973 11 28    0.0  -99.9  -99.9
1973 11 29    0.0  -99.9  -99.9
1973 11 30    0.0  -99.9  -99.9
1973 12  1    0.0  -99.9  -99.9
1973 12  2    0.0  -99.9  -99.9
1973 12  3    0.0  -99.9  -99.9
1973 12  4    0.0  -99.9  -99.9
1973 12  5    0.0  -99.9  -99.9
1973 12  6    0.0  -99.9  -99.9
1973 12  7    0.0  -99.9  -99.9
1973 12  8    0.0  -99.9  -99.9
1973 12  9    0.0  -99.9  -99.9
1973 12 10    0.0  -99.9  -99.9
1973 12 11    0.0  -99.9  -99.9
1973 12 12    0.0  -99.9  -99.9
1973 12 13    0.0  -99.9  -99.9
1973 12 14    0.0  -99.9  -99.9
1973 12 15    0.0  -99.9  -99.9
1973 12 16    0.0  -99.9  -99.9
1973 12 17    0.0  -99.9  -99.9
1973 12 18    0.0  -99.9  -99.9
1973 12 19    0.0  -99.9  -99.9
1973 12 20    0.0  -99.9  -99.9
1973 12 21    0.0  -99.9  -99.9
1973 12 22    0.0  -99.9  -99.9
1973 12 23    0.0  -99.9  -99.9
1973 12 24    0.0  -99.9  -99.9
1973 12 25    0.0  -99.9  -99.9
1973 12 26    0.0  -99.9  -99.9
1973 12 27    0.0  -99.9  -99.9
1973 12 28    0.0  -99.9  -99.9
1973 12 29    0.0  -99.9  -99.9
1973 12 30    0.0  -99.9  -99.9
1973 12 31    0.0  -99.9  -99.9
1974  1  1    0.0  -99.9  -99.9
1974  1  2    0.0  -99.9  -99.9
1974  1  3    0.0  -99.9  -99.9
1974  1  4    0.0  -99.9  -99.9
1974  1  5    0.0  -99.9  -99.9
1974  1  6    0.0  -99.9  -99.9
1974  1  7    0.0  -99.9  -99.9
1974  1  8    0.0  -99.9  -99.9
1974  1  9    0.0  -99.9  -99.9
1974  1 10    0.0  -99.9  -99.9
1974  1 11    0.0  -99.9  -99.9
1974  1 12    0.0  -99.9  -99.9
1974  1 13    0.0  -99.9  -99.9
1974  1 14    0.0  -99.9  -99.9
1974  1 15    0.0  -99.9  -99.9
1974  1 16    0.0  -99.9  -99.9
1974  1 17    0.0  -99.9  -99.9
1974  1 18    0.0  -99.9  -99.9
1974  1 19    0.0  -99.9  -99.9
1974  1 20    0.0  -99.9  -99.9
1974  1 21    0.0  -99.9  -99.9
1974  1 22    0.0  -99.9  -99.9
1974  1 23    0.0  -99.9  -99.9
1974  1 24    0.0  -99.9  -99.9
1974  1 25    0.0  -99.9  -99.9
1974  1 26    0.0  -99.9  -99.9
1974  1 27    0.0  -99.9  -99.9
1974  1 28    0.0  -99.9  -99.9
1974  1 29    0.0  -99.9  -99.9
1974  1 30    0.0  -99.9  -99.9
1974  1 31    0.0  -99.9  -99.9
1974  2  1    0.0  -99.9  -99.9
1974  2  2    0.0  -99.9  -99.9
1974  2  3    0.0  -99.9  -99.9
1974  2  4    0.0  -99.9  -99.9
1974  2  5    0.0  -99.9  -99.9
1974  2  6    0.0  -99.9  -99.9
1974  2  7    0.0  -99.9  -99.9
1974  2  8    0.0  -99.9  -99.9
1974  2  9    0.0  -99.9  -99.9
1974  2 10    0.0  -99.9  -99.9
1974  2 11    0.0  -99.9  -99.9
1974  2 12    0.0  -99.9  -99.9
1974  2 13    0.0  -99.9  -99.9
1974  2 14    0.0  -99.9  -99.9
1974  2 15    0.0  -99.9  -99.9
1974  2 16    0.0  -99.9  -99.9
1974  2 17    0.0  -99.9  -99.9
1974  2 18    0.0  -99.9  -99.9
1974  2 19    0.0  -99.9  -99.9
1974  2 20    0.0  -99.9  -99.9
1974  2 21    0.0  -99.9  -99.9
1974  2 22    0.0  -99.9  -99.9
1974  2 23    0.0  -99.9  -99.9
1974  2 24    0.0  -99.9  -99.9
1974  2 25    0.0  -99.9  -99.9
1974  2 26    0.0  -99.9  -99.9
1974  2 27    0.0  -99.9  -99.9
1974  2 28    0.0  -99.9  -99.9
1974  3  1    0.0  -99.9  -99.9
1974  3  2    0.0  -99.9  -99.9
1974  3  3    0.0  -99.9  -99.9
1974  3  4    0.0  -99.9  -99.9
1974  3  5    0.0  -99.9  -99.9
1974  3  6    0.0  -99.9  -99.9
1974  3  7    0.0  -99.9  -99.9
1974  3  8    0.0  -99.9  -99.9
1974  3  9    0.0  -99.9  -99.9
1974  3 10    0.0  -99.9  -99.9
1974  3 11    0.0  -99.9  -99.9
1974  3 12    0.0  -99.9  -99.9
1974  3 13    0.0  -99.9  -99.9
1974  3 14    0.0  -99.9  -99.9
1974  3 15    0.0  -99.9  -99.9
1974  3 16    0.0  -99.9  -99.9
1974  3 17    0.0  -99.9  -99.9
1974  3 18    0.0  -99.9  -99.9
1974  3 19    0.0  -99.9  -99.9
1974  3 20    0.0  -99.9  -99.9
1974  3 21    0.0  -99.9  -99.9
1974  3 22    0.0  -99.9  -99.9
1974  3 23    0.0  -99.9  -99.9
1974  3 24    0.0  -99.9  -99.9
1974  3 25    0.0  -99.9  -99.9
1974  3 26    0.0  -99.9  -99.9
1974  3 27    0.0  -99.9  -99.9
1974  3 28    0.0  -99.9  -99.9
1974  3 29    0.0  -99.9  -99.9
1974  3 30    0.0  -99.9  -99.9
1974  3 31    0.0  -99.9  -99.9
1974  4  1    0.0  -99.9  -99.9
1974  4  2    0.0  -99.9  -99.9
1974  4  3    0.0  -99.9  -99.9
1974  4  4    0.0  -99.9  -99.9
1974  4  5    0.0  -99.9  -99.9
1974  4  6    0.0  -99.9  -99.9
1974  4  7    0.0  -99.9  -99.9
1974  4  8    0.0  -99.9  -99.9
1974  4  9    0.0  -99.9  -99.9
1974  4 10    0.0  -99.9  -99.9
1974  4 11    0.0  -99.9  -99.9
1974  4 12    0.0  -99.9  -99.9
1974  4 13    0.0  -99.9  -99.9
1974  4 14    0.0  -99.9  -99.9
1974  4 15    0.0  -99.9  -99.9
1974  4 16    0.0  -99.9  -99.9
1974  4 17    0.0  -99.9  -99.9
1974  4 18    0.0  -99.9  -99.9
1974  4 19    0.0  -99.9  -99.9
1974  4 20    0.0  -99.9  -99.9
1974  4 21    0.0  -99.9  -99.9
1974  4 22    0.0  -99.9  -99.9
1974  4 23    0.0  -99.9  -99.9
1974  4 24   10.5  -99.9  -99.9
1974  4 25    0.0  -99.9  -99.9
1974  4 26    0.0  -99.9  -99.9
1974  4 27    0.0  -99.9  -99.9
1974  4 28    0.0  -99.9  -99.9
1974  4 29    0.0  -99.9  -99.9
1974  4 30   10.5  -99.9  -99.9
1974  5  1    0.0  -99.9  -99.9
1974  5  2    0.0  -99.9  -99.9
1974  5  3    0.0  -99.9  -99.9
1974  5  4    0.0  -99.9  -99.9
1974  5  5    0.0  -99.9  -99.9
1974  5  6    0.0  -99.9  -99.9
1974  5  7    0.0  -99.9  -99.9
1974  5  8    0.0  -99.9  -99.9
1974  5  9    0.0  -99.9  -99.9
1974  5 10    0.0  -99.9  -99.9
1974  5 11    0.0  -99.9  -99.9
1974  5 12    0.0  -99.9  -99.9
1974  5 13    0.0  -99.9  -99.9
1974  5 14    0.0  -99.9  -99.9
1974  5 15    0.0  -99.9  -99.9
1974  5 16    0.0  -99.9  -99.9
1974  5 17    0.0  -99.9  -99.9
1974  5 18    0.0  -99.9  -99.9
1974  5 19    0.0  -99.9  -99.9
1974  5 20    0.0  -99.9  -99.9
1974  5 21    0.0  -99.9  -99.9
1974  5 22    0.0  -99.9  -99.9
1974  5 23    0.0  -99.9  -99.9
1974  5 24    0.0  -99.9  -99.9
1974  5 25    0.0  -99.9  -99.9
1974  5 26    0.0  -99.9  -99.9
1974  5 27    0.0  -99.9  -99.9
1974  5 28    0.0  -99.9  -99.9
1974  5 29    0.0  -99.9  -99.9
1974  5 30    0.0  -99.9  -99.9
1974  5 31    0.0  -99.9  -99.9
1974  6  1    0.0  -99.9  -99.9
1974  6  2    0.0  -99.9  -99.9
1974  6  3    0.0  -99.9  -99.9
1974  6  4    0.0  -99.9  -99.9
1974  6  5    0.0  -99.9  -99.9
1974  6  6    0.0  -99.9  -99.9
1974  6  7    0.0  -99.9  -99.9
1974  6  8    0.0  -99.9  -99.9
1974  6  9    0.0  -99.9  -99.9
1974  6 10    0.0  -99.9  -99.9
1974  6 11    0.0  -99.9  -99.9
1974  6 12    0.0  -99.9  -99.9
1974  6 13    0.0  -99.9  -99.9
1974  6 14    0.0  -99.9  -99.9
1974  6 15    0.0  -99.9  -99.9
1974  6 16    0.0  -99.9  -99.9
1974  6 17    0.0  -99.9  -99.9
1974  6 18    0.0  -99.9  -99.9
1974  6 19    0.0  -99.9  -99.9
1974  6 20    0.0  -99.9  -99.9
1974  6 21    0.0  -99.9  -99.9
1974  6 22    0.0  -99.9  -99.9
1974  6 23    0.0  -99.9  -99.9
1974  6 24    0.0  -99.9  -99.9
1974  6 25    0.0  -99.9  -99.9
1974  6 26   23.0  -99.9  -99.9
1974  6 27    0.0  -99.9  -99.9
1974  6 28    0.0  -99.9  -99.9
1974  6 29    0.0  -99.9  -99.9
1974  6 30    0.0  -99.9  -99.9
1974  7  1    0.0  -99.9  -99.9
1974  7  2   20.0  -99.9  -99.9
1974  7  3    0.0  -99.9  -99.9
1974  7  4    0.0  -99.9  -99.9
1974  7  5    0.0  -99.9  -99.9
1974  7  6    0.0  -99.9  -99.9
1974  7  7    0.0  -99.9  -99.9
1974  7  8    0.0  -99.9  -99.9
1974  7  9    0.0  -99.9  -99.9
1974  7 10    0.0  -99.9  -99.9
1974  7 11    0.0  -99.9  -99.9
1974  7 12    0.0  -99.9  -99.9
1974  7 13    0.0  -99.9  -99.9
1974  7 14    8.5  -99.9  -99.9
1974  7 15    0.0  -99.9  -99.9
1974  7 16    0.0  -99.9  -99.9
1974  7 17    0.0  -99.9  -99.9
1974  7 18    0.0  -99.9  -99.9
1974  7 19    0.0  -99.9  -99.9
1974  7 20    0.0  -99.9  -99.9
1974  7 21    0.0  -99.9  -99.9
1974  7 22    0.0  -99.9  -99.9
1974  7 23    0.0  -99.9  -99.9
1974  7 24    0.0  -99.9  -99.9
1974  7 25    0.0  -99.9  -99.9
1974  7 26    0.0  -99.9  -99.9
1974  7 27    0.0  -99.9  -99.9
1974  7 28    0.0  -99.9  -99.9
1974  7 29   19.0  -99.9  -99.9
1974  7 30    0.0  -99.9  -99.9
1974  7 31    0.0  -99.9  -99.9
1974  8  1   21.0  -99.9  -99.9
1974  8  2    0.0  -99.9  -99.9
1974  8  3    0.0  -99.9  -99.9
1974  8  4    0.0  -99.9  -99.9
1974  8  5    0.0  -99.9  -99.9
1974  8  6    0.0  -99.9  -99.9
1974  8  7    0.0  -99.9  -99.9
1974  8  8    0.0  -99.9  -99.9
1974  8  9    0.0  -99.9  -99.9
1974  8 10    9.0  -99.9  -99.9
1974  8 11    0.0  -99.9  -99.9
1974  8 12    0.0  -99.9  -99.9
1974  8 13    0.0  -99.9  -99.9
1974  8 14    0.0  -99.9  -99.9
1974  8 15    0.0  -99.9  -99.9
1974  8 16   18.5  -99.9  -99.9
1974  8 17    0.0  -99.9  -99.9
1974  8 18    0.0  -99.9  -99.9
1974  8 19   40.0  -99.9  -99.9
1974  8 20    0.0  -99.9  -99.9
1974  8 21    0.0  -99.9  -99.9
1974  8 22    0.0  -99.9  -99.9
1974  8 23    0.0  -99.9  -99.9
1974  8 24    0.0  -99.9  -99.9
1974  8 25   50.5  -99.9  -99.9
1974  8 26    0.0  -99.9  -99.9
1974  8 27    0.0  -99.9  -99.9
1974  8 28   45.5  -99.9  -99.9
1974  8 29    0.0  -99.9  -99.9
1974  8 30    0.0  -99.9  -99.9
1974  8 31   48.0  -99.9  -99.9
1974  9  1    0.0  -99.9  -99.9
1974  9  2    0.0  -99.9  -99.9
1974  9  3    0.0  -99.9  -99.9
1974  9  4    0.0  -99.9  -99.9
1974  9  5    0.0  -99.9  -99.9
1974  9  6    0.0  -99.9  -99.9
1974  9  7    0.0  -99.9  -99.9
1974  9  8    0.0  -99.9  -99.9
1974  9  9    0.0  -99.9  -99.9
1974  9 10    0.0  -99.9  -99.9
1974  9 11    0.0  -99.9  -99.9
1974  9 12    9.9  -99.9  -99.9
1974  9 13    0.0  -99.9  -99.9
1974  9 14    0.0  -99.9  -99.9
1974  9 15    7.4  -99.9  -99.9
1974  9 16    0.0  -99.9  -99.9
1974  9 17    0.0  -99.9  -99.9
1974  9 18    5.8  -99.9  -99.9
1974  9 19    0.0  -99.9  -99.9
1974  9 20    0.0  -99.9  -99.9
1974  9 21    0.0  -99.9  -99.9
1974  9 22    0.0  -99.9  -99.9
1974  9 23    0.0  -99.9  -99.9
1974  9 24    6.8  -99.9  -99.9
1974  9 25    0.0  -99.9  -99.9
1974  9 26    0.0  -99.9  -99.9
1974  9 27    5.5  -99.9  -99.9
1974  9 28    0.0  -99.9  -99.9
1974  9 29    0.0  -99.9  -99.9
1974  9 30    0.0  -99.9  -99.9
1974 10  1    0.0  -99.9  -99.9
1974 10  2    0.0  -99.9  -99.9
1974 10  3    0.0  -99.9  -99.9
1974 10  4    0.0  -99.9  -99.9
1974 10  5    0.0  -99.9  -99.9
1974 10  6    0.0  -99.9  -99.9
1974 10  7    0.0  -99.9  -99.9
1974 10  8    0.0  -99.9  -99.9
1974 10  9    0.0  -99.9  -99.9
1974 10 10    0.0  -99.9  -99.9
1974 10 11    0.0  -99.9  -99.9
1974 10 12    0.0  -99.9  -99.9
1974 10 13    0.0  -99.9  -99.9
1974 10 14    0.0  -99.9  -99.9
1974 10 15    0.0  -99.9  -99.9
1974 10 16    0.0  -99.9  -99.9
1974 10 17    0.0  -99.9  -99.9
1974 10 18    0.0  -99.9  -99.9
1974 10 19    0.0  -99.9  -99.9
1974 10 20    0.0  -99.9  -99.9
1974 10 21    0.0  -99.9  -99.9
1974 10 22    0.0  -99.9  -99.9
1974 10 23    0.0  -99.9  -99.9
1974 10 24    0.0  -99.9  -99.9
1974 10 25    0.0  -99.9  -99.9
1974 10 26    0.0  -99.9  -99.9
1974 10 27    0.0  -99.9  -99.9
1974 10 28    0.0  -99.9  -99.9
1974 10 29    0.0  -99.9  -99.9
1974 10 30    0.0  -99.9  -99.9
1974 10 31    0.0  -99.9  -99.9
1974 11  1    0.0  -99.9  -99.9
1974 11  2    0.0  -99.9  -99.9
1974 11  3    0.0  -99.9  -99.9
1974 11  4    0.0  -99.9  -99.9
1974 11  5    0.0  -99.9  -99.9
1974 11  6    0.0  -99.9  -99.9
1974 11  7    0.0  -99.9  -99.9
1974 11  8    0.0  -99.9  -99.9
1974 11  9    0.0  -99.9  -99.9
1974 11 10    0.0  -99.9  -99.9
1974 11 11    0.0  -99.9  -99.9
1974 11 12    0.0  -99.9  -99.9
1974 11 13    0.0  -99.9  -99.9
1974 11 14    0.0  -99.9  -99.9
1974 11 15    0.0  -99.9  -99.9
1974 11 16    0.0  -99.9  -99.9
1974 11 17    0.0  -99.9  -99.9
1974 11 18    0.0  -99.9  -99.9
1974 11 19    0.0  -99.9  -99.9
1974 11 20    0.0  -99.9  -99.9
1974 11 21    0.0  -99.9  -99.9
1974 11 22    0.0  -99.9  -99.9
1974 11 23    0.0  -99.9  -99.9
1974 11 24    0.0  -99.9  -99.9
1974 11 25    0.0  -99.9  -99.9
1974 11 26    0.0  -99.9  -99.9
1974 11 27    0.0  -99.9  -99.9
1974 11 28    0.0  -99.9  -99.9
1974 11 29    0.0  -99.9  -99.9
1974 11 30    0.0  -99.9  -99.9
1974 12  1    0.0  -99.9  -99.9
1974 12  2    0.0  -99.9  -99.9
1974 12  3    0.0  -99.9  -99.9
1974 12  4    0.0  -99.9  -99.9
1974 12  5    0.0  -99.9  -99.9
1974 12  6    0.0  -99.9  -99.9
1974 12  7    0.0  -99.9  -99.9
1974 12  8    0.0  -99.9  -99.9
1974 12  9    0.0  -99.9  -99.9
1974 12 10    0.0  -99.9  -99.9
1974 12 11    0.0  -99.9  -99.9
1974 12 12    0.0  -99.9  -99.9
1974 12 13    0.0  -99.9  -99.9
1974 12 14    0.0  -99.9  -99.9
1974 12 15    0.0  -99.9  -99.9
1974 12 16    0.0  -99.9  -99.9
1974 12 17    0.0  -99.9  -99.9
1974 12 18    0.0  -99.9  -99.9
1974 12 19    0.0  -99.9  -99.9
1974 12 20    9.4  -99.9  -99.9
1974 12 21    0.0  -99.9  -99.9
1974 12 22    0.0  -99.9  -99.9
1974 12 23    7.0  -99.9  -99.9
1974 12 24    0.0  -99.9  -99.9
1974 12 25    0.0  -99.9  -99.9
1974 12 26    0.0  -99.9  -99.9
1974 12 27    0.0  -99.9  -99.9
1974 12 28    0.0  -99.9  -99.9
1974 12 29    0.0  -99.9  -99.9
1974 12 30    0.0  -99.9  -99.9
1974 12 31    0.0  -99.9  -99.9
1975  1  1    0.0  -99.9  -99.9
1975  1  2    0.0  -99.9  -99.9
1975  1  3    0.0  -99.9  -99.9
1975  1  4    0.0  -99.9  -99.9
1975  1  5    0.0  -99.9  -99.9
1975  1  6    0.0  -99.9  -99.9
1975  1  7    0.0  -99.9  -99.9
1975  1  8    0.0  -99.9  -99.9
1975  1  9    0.0  -99.9  -99.9
1975  1 10    0.0  -99.9  -99.9
1975  1 11    0.0  -99.9  -99.9
1975  1 12    0.0  -99.9  -99.9
1975  1 13    0.0  -99.9  -99.9
1975  1 14    0.0  -99.9  -99.9
1975  1 15    0.0  -99.9  -99.9
1975  1 16    0.0  -99.9  -99.9
1975  1 17    0.0  -99.9  -99.9
1975  1 18    0.0  -99.9  -99.9
1975  1 19    0.0  -99.9  -99.9
1975  1 20    0.0  -99.9  -99.9
1975  1 21    0.0  -99.9  -99.9
1975  1 22    0.0  -99.9  -99.9
1975  1 23    0.0  -99.9  -99.9
1975  1 24    0.0  -99.9  -99.9
1975  1 25    0.0  -99.9  -99.9
1975  1 26    0.0  -99.9  -99.9
1975  1 27    0.0  -99.9  -99.9
1975  1 28    0.0  -99.9  -99.9
1975  1 29    0.0  -99.9  -99.9
1975  1 30    0.0  -99.9  -99.9
1975  1 31   15.0  -99.9  -99.9
1975  2  1    0.0  -99.9  -99.9
1975  2  2    0.0  -99.9  -99.9
1975  2  3    0.0  -99.9  -99.9
1975  2  4    0.0  -99.9  -99.9
1975  2  5    0.0  -99.9  -99.9
1975  2  6    0.0  -99.9  -99.9
1975  2  7    0.0  -99.9  -99.9
1975  2  8    0.0  -99.9  -99.9
1975  2  9    0.0  -99.9  -99.9
1975  2 10    0.0  -99.9  -99.9
1975  2 11    0.0  -99.9  -99.9
1975  2 12    0.0  -99.9  -99.9
1975  2 13    0.0  -99.9  -99.9
1975  2 14    0.0  -99.9  -99.9
1975  2 15    0.0  -99.9  -99.9
1975  2 16    0.0  -99.9  -99.9
1975  2 17    0.0  -99.9  -99.9
1975  2 18    0.0  -99.9  -99.9
1975  2 19    0.0  -99.9  -99.9
1975  2 20    0.0  -99.9  -99.9
1975  2 21    0.0  -99.9  -99.9
1975  2 22    0.0  -99.9  -99.9
1975  2 23    0.0  -99.9  -99.9
1975  2 24    0.0  -99.9  -99.9
1975  2 25    0.0  -99.9  -99.9
1975  2 26    0.0  -99.9  -99.9
1975  2 27    0.0  -99.9  -99.9
1975  2 28    0.0  -99.9  -99.9
1975  3  1    0.0  -99.9  -99.9
1975  3  2    0.0  -99.9  -99.9
1975  3  3    0.0  -99.9  -99.9
1975  3  4    0.0  -99.9  -99.9
1975  3  5    0.0  -99.9  -99.9
1975  3  6    0.0  -99.9  -99.9
1975  3  7    0.0  -99.9  -99.9
1975  3  8    0.0  -99.9  -99.9
1975  3  9    0.0  -99.9  -99.9
1975  3 10    0.0  -99.9  -99.9
1975  3 11    0.0  -99.9  -99.9
1975  3 12    0.0  -99.9  -99.9
1975  3 13    0.0  -99.9  -99.9
1975  3 14    0.0  -99.9  -99.9
1975  3 15    0.0  -99.9  -99.9
1975  3 16    0.0  -99.9  -99.9
1975  3 17    0.0  -99.9  -99.9
1975  3 18    0.0  -99.9  -99.9
1975  3 19    0.0  -99.9  -99.9
1975  3 20    0.0  -99.9  -99.9
1975  3 21    0.0  -99.9  -99.9
1975  3 22    0.0  -99.9  -99.9
1975  3 23    0.0  -99.9  -99.9
1975  3 24    0.0  -99.9  -99.9
1975  3 25    0.0  -99.9  -99.9
1975  3 26    0.0  -99.9  -99.9
1975  3 27    0.0  -99.9  -99.9
1975  3 28    0.0  -99.9  -99.9
1975  3 29    0.0  -99.9  -99.9
1975  3 30    0.0  -99.9  -99.9
1975  3 31    0.0  -99.9  -99.9
1975  4  1    0.0  -99.9  -99.9
1975  4  2    0.0  -99.9  -99.9
1975  4  3    0.0  -99.9  -99.9
1975  4  4    0.0  -99.9  -99.9
1975  4  5    0.0  -99.9  -99.9
1975  4  6    0.0  -99.9  -99.9
1975  4  7    0.0  -99.9  -99.9
1975  4  8    0.0  -99.9  -99.9
1975  4  9    0.0  -99.9  -99.9
1975  4 10    0.0  -99.9  -99.9
1975  4 11    0.0  -99.9  -99.9
1975  4 12    0.0  -99.9  -99.9
1975  4 13    0.0  -99.9  -99.9
1975  4 14    0.0  -99.9  -99.9
1975  4 15    0.0  -99.9  -99.9
1975  4 16    0.0  -99.9  -99.9
1975  4 17    0.0  -99.9  -99.9
1975  4 18    0.0  -99.9  -99.9
1975  4 19    0.0  -99.9  -99.9
1975  4 20    0.0  -99.9  -99.9
1975  4 21    0.0  -99.9  -99.9
1975  4 22    0.0  -99.9  -99.9
1975  4 23    0.0  -99.9  -99.9
1975  4 24    0.0  -99.9  -99.9
1975  4 25    0.0  -99.9  -99.9
1975  4 26    0.0  -99.9  -99.9
1975  4 27    0.0  -99.9  -99.9
1975  4 28    0.0  -99.9  -99.9
1975  4 29    0.0  -99.9  -99.9
1975  4 30    0.0  -99.9  -99.9
1975  5  1    0.0  -99.9  -99.9
1975  5  2    0.0  -99.9  -99.9
1975  5  3    0.0  -99.9  -99.9
1975  5  4    0.0  -99.9  -99.9
1975  5  5    0.0  -99.9  -99.9
1975  5  6    0.0  -99.9  -99.9
1975  5  7    0.0  -99.9  -99.9
1975  5  8    0.0  -99.9  -99.9
1975  5  9    0.0  -99.9  -99.9
1975  5 10    0.0  -99.9  -99.9
1975  5 11    0.0  -99.9  -99.9
1975  5 12    0.0  -99.9  -99.9
1975  5 13    0.0  -99.9  -99.9
1975  5 14    0.0  -99.9  -99.9
1975  5 15    0.0  -99.9  -99.9
1975  5 16    0.0  -99.9  -99.9
1975  5 17    0.0  -99.9  -99.9
1975  5 18    0.0  -99.9  -99.9
1975  5 19    0.0  -99.9  -99.9
1975  5 20    0.0  -99.9  -99.9
1975  5 21    0.0  -99.9  -99.9
1975  5 22    0.0  -99.9  -99.9
1975  5 23    0.0  -99.9  -99.9
1975  5 24    0.0  -99.9  -99.9
1975  5 25    0.0  -99.9  -99.9
1975  5 26    0.0  -99.9  -99.9
1975  5 27    0.0  -99.9  -99.9
1975  5 28    0.0  -99.9  -99.9
1975  5 29    0.0  -99.9  -99.9
1975  5 30    0.0  -99.9  -99.9
1975  5 31    0.0  -99.9  -99.9
1975  6  1    0.0  -99.9  -99.9
1975  6  2    0.0  -99.9  -99.9
1975  6  3    0.0  -99.9  -99.9
1975  6  4    0.0  -99.9  -99.9
1975  6  5    0.0  -99.9  -99.9
1975  6  6    0.0  -99.9  -99.9
1975  6  7    0.0  -99.9  -99.9
1975  6  8    0.0  -99.9  -99.9
1975  6  9    0.0  -99.9  -99.9
1975  6 10    0.0  -99.9  -99.9
1975  6 11    0.0  -99.9  -99.9
1975  6 12    0.0  -99.9  -99.9
1975  6 13    0.0  -99.9  -99.9
1975  6 14    0.0  -99.9  -99.9
1975  6 15    0.0  -99.9  -99.9
1975  6 16    0.0  -99.9  -99.9
1975  6 17    0.0  -99.9  -99.9
1975  6 18    0.0  -99.9  -99.9
1975  6 19    0.0  -99.9  -99.9
1975  6 20    0.0  -99.9  -99.9
1975  6 21    0.0  -99.9  -99.9
1975  6 22    0.0  -99.9  -99.9
1975  6 23    0.0  -99.9  -99.9
1975  6 24    4.0  -99.9  -99.9
1975  6 25    0.0  -99.9  -99.9
1975  6 26    0.0  -99.9  -99.9
1975  6 27    0.0  -99.9  -99.9
1975  6 28    0.0  -99.9  -99.9
1975  6 29    0.0  -99.9  -99.9
1975  6 30    7.0  -99.9  -99.9
1975  7  1    0.0  -99.9  -99.9
1975  7  2    0.0  -99.9  -99.9
1975  7  3    0.0  -99.9  -99.9
1975  7  4    0.0  -99.9  -99.9
1975  7  5    0.0  -99.9  -99.9
1975  7  6    0.0  -99.9  -99.9
1975  7  7    0.0  -99.9  -99.9
1975  7  8    0.0  -99.9  -99.9
1975  7  9    0.0  -99.9  -99.9
1975  7 10    0.0  -99.9  -99.9
1975  7 11    0.0  -99.9  -99.9
1975  7 12    2.5  -99.9  -99.9
1975  7 13    0.0  -99.9  -99.9
1975  7 14    0.0  -99.9  -99.9
1975  7 15    0.0  -99.9  -99.9
1975  7 16    0.0  -99.9  -99.9
1975  7 17    0.0  -99.9  -99.9
1975  7 18    0.0  -99.9  -99.9
1975  7 19    0.0  -99.9  -99.9
1975  7 20    0.0  -99.9  -99.9
1975  7 21    0.0  -99.9  -99.9
1975  7 22    0.0  -99.9  -99.9
1975  7 23    0.0  -99.9  -99.9
1975  7 24   25.0  -99.9  -99.9
1975  7 25    0.0  -99.9  -99.9
1975  7 26    0.0  -99.9  -99.9
1975  7 27    0.0  -99.9  -99.9
1975  7 28    0.0  -99.9  -99.9
1975  7 29    0.0  -99.9  -99.9
1975  7 30    0.0  -99.9  -99.9
1975  7 31    0.0  -99.9  -99.9
1975  8  1    0.0  -99.9  -99.9
1975  8  2    0.0  -99.9  -99.9
1975  8  3    0.0  -99.9  -99.9
1975  8  4    0.0  -99.9  -99.9
1975  8  5    0.0  -99.9  -99.9
1975  8  6    0.0  -99.9  -99.9
1975  8  7    0.0  -99.9  -99.9
1975  8  8    0.0  -99.9  -99.9
1975  8  9    0.0  -99.9  -99.9
1975  8 10    0.0  -99.9  -99.9
1975  8 11    1.0  -99.9  -99.9
1975  8 12    0.0  -99.9  -99.9
1975  8 13    0.0  -99.9  -99.9
1975  8 14    4.0  -99.9  -99.9
1975  8 15    0.0  -99.9  -99.9
1975  8 16    0.0  -99.9  -99.9
1975  8 17    4.0  -99.9  -99.9
1975  8 18    0.0  -99.9  -99.9
1975  8 19    0.0  -99.9  -99.9
1975  8 20    8.5  -99.9  -99.9
1975  8 21    0.0  -99.9  -99.9
1975  8 22    0.0  -99.9  -99.9
1975  8 23    0.0  -99.9  -99.9
1975  8 24    0.0  -99.9  -99.9
1975  8 25    0.0  -99.9  -99.9
1975  8 26   26.0  -99.9  -99.9
1975  8 27    0.0  -99.9  -99.9
1975  8 28    0.0  -99.9  -99.9
1975  8 29   18.0  -99.9  -99.9
1975  8 30    0.0  -99.9  -99.9
1975  8 31    0.0  -99.9  -99.9
1975  9  1    0.0  -99.9  -99.9
1975  9  2    0.0  -99.9  -99.9
1975  9  3    0.0  -99.9  -99.9
1975  9  4    7.8  -99.9  -99.9
1975  9  5    0.0  -99.9  -99.9
1975  9  6    0.0  -99.9  -99.9
1975  9  7    0.0  -99.9  -99.9
1975  9  8    0.0  -99.9  -99.9
1975  9  9    0.0  -99.9  -99.9
1975  9 10    0.0  -99.9  -99.9
1975  9 11    0.0  -99.9  -99.9
1975  9 12    0.0  -99.9  -99.9
1975  9 13    0.0  -99.9  -99.9
1975  9 14    0.0  -99.9  -99.9
1975  9 15    0.0  -99.9  -99.9
1975  9 16    0.0  -99.9  -99.9
1975  9 17    0.0  -99.9  -99.9
1975  9 18    0.0  -99.9  -99.9
1975  9 19    0.0  -99.9  -99.9
1975  9 20    0.0  -99.9  -99.9
1975  9 21    0.0  -99.9  -99.9
1975  9 22    0.0  -99.9  -99.9
1975  9 23    0.0  -99.9  -99.9
1975  9 24    0.0  -99.9  -99.9
1975  9 25    0.0  -99.9  -99.9
1975  9 26    0.0  -99.9  -99.9
1975  9 27    0.0  -99.9  -99.9
1975  9 28    0.0  -99.9  -99.9
1975  9 29    0.0  -99.9  -99.9
1975  9 30    0.0  -99.9  -99.9
1975 10  1    0.0  -99.9  -99.9
1975 10  2    0.0  -99.9  -99.9
1975 10  3    0.0  -99.9  -99.9
1975 10  4    0.0  -99.9  -99.9
1975 10  5    0.0  -99.9  -99.9
1975 10  6    0.0  -99.9  -99.9
1975 10  7    0.0  -99.9  -99.9
1975 10  8    0.0  -99.9  -99.9
1975 10  9    0.0  -99.9  -99.9
1975 10 10    0.0  -99.9  -99.9
1975 10 11    0.0  -99.9  -99.9
1975 10 12    0.0  -99.9  -99.9
1975 10 13    0.0  -99.9  -99.9
1975 10 14    0.0  -99.9  -99.9
1975 10 15    0.0  -99.9  -99.9
1975 10 16    0.0  -99.9  -99.9
1975 10 17    0.0  -99.9  -99.9
1975 10 18    0.0  -99.9  -99.9
1975 10 19    0.0  -99.9  -99.9
1975 10 20    0.0  -99.9  -99.9
1975 10 21    0.0  -99.9  -99.9
1975 10 22    0.0  -99.9  -99.9
1975 10 23    0.0  -99.9  -99.9
1975 10 24    0.0  -99.9  -99.9
1975 10 25    0.0  -99.9  -99.9
1975 10 26    0.0  -99.9  -99.9
1975 10 27    0.0  -99.9  -99.9
1975 10 28    0.0  -99.9  -99.9
1975 10 29    0.0  -99.9  -99.9
1975 10 30    0.0  -99.9  -99.9
1975 10 31    0.0  -99.9  -99.9
1975 11  1    0.0  -99.9  -99.9
1975 11  2    0.0  -99.9  -99.9
1975 11  3    0.0  -99.9  -99.9
1975 11  4    0.0  -99.9  -99.9
1975 11  5    0.0  -99.9  -99.9
1975 11  6    0.0  -99.9  -99.9
1975 11  7    0.0  -99.9  -99.9
1975 11  8    0.0  -99.9  -99.9
1975 11  9    0.0  -99.9  -99.9
1975 11 10    0.0  -99.9  -99.9
1975 11 11    0.0  -99.9  -99.9
1975 11 12    0.0  -99.9  -99.9
1975 11 13    0.0  -99.9  -99.9
1975 11 14    0.0  -99.9  -99.9
1975 11 15    0.0  -99.9  -99.9
1975 11 16    0.0  -99.9  -99.9
1975 11 17    0.0  -99.9  -99.9
1975 11 18    0.0  -99.9  -99.9
1975 11 19    0.0  -99.9  -99.9
1975 11 20    0.0  -99.9  -99.9
1975 11 21    0.0  -99.9  -99.9
1975 11 22    0.0  -99.9  -99.9
1975 11 23    0.0  -99.9  -99.9
1975 11 24    0.0  -99.9  -99.9
1975 11 25    0.0  -99.9  -99.9
1975 11 26    0.0  -99.9  -99.9
1975 11 27    0.0  -99.9  -99.9
1975 11 28    0.0  -99.9  -99.9
1975 11 29    0.0  -99.9  -99.9
1975 11 30    0.0  -99.9  -99.9
1975 12  1    0.0  -99.9  -99.9
1975 12  2    0.0  -99.9  -99.9
1975 12  3    0.0  -99.9  -99.9
1975 12  4    0.0  -99.9  -99.9
1975 12  5    0.0  -99.9  -99.9
1975 12  6    0.0  -99.9  -99.9
1975 12  7    0.0  -99.9  -99.9
1975 12  8    0.0  -99.9  -99.9
1975 12  9    0.0  -99.9  -99.9
1975 12 10    0.0  -99.9  -99.9
1975 12 11    0.0  -99.9  -99.9
1975 12 12    0.0  -99.9  -99.9
1975 12 13    0.0  -99.9  -99.9
1975 12 14    0.0  -99.9  -99.9
1975 12 15    0.0  -99.9  -99.9
1975 12 16    0.0  -99.9  -99.9
1975 12 17    0.0  -99.9  -99.9
1975 12 18    0.0  -99.9  -99.9
1975 12 19    0.0  -99.9  -99.9
1975 12 20    0.0  -99.9  -99.9
1975 12 21    0.0  -99.9  -99.9
1975 12 22    0.0  -99.9  -99.9
1975 12 23    0.0  -99.9  -99.9
1975 12 24    0.0  -99.9  -99.9
1975 12 25    0.0  -99.9  -99.9
1975 12 26    0.0  -99.9  -99.9
1975 12 27    0.0  -99.9  -99.9
1975 12 28    0.0  -99.9  -99.9
1975 12 29    0.0  -99.9  -99.9
1975 12 30    0.0  -99.9  -99.9
1975 12 31    0.0  -99.9  -99.9
1976  1  1    0.0  -99.9  -99.9
1976  1  2    0.0  -99.9  -99.9
1976  1  3    0.0  -99.9  -99.9
1976  1  4    0.0  -99.9  -99.9
1976  1  5    0.0  -99.9  -99.9
1976  1  6    0.0  -99.9  -99.9
1976  1  7    0.0  -99.9  -99.9
1976  1  8    0.0  -99.9  -99.9
1976  1  9    0.0  -99.9  -99.9
1976  1 10    0.0  -99.9  -99.9
1976  1 11    0.0  -99.9  -99.9
1976  1 12    0.0  -99.9  -99.9
1976  1 13    0.0  -99.9  -99.9
1976  1 14    0.0  -99.9  -99.9
1976  1 15    0.0  -99.9  -99.9
1976  1 16    0.0  -99.9  -99.9
1976  1 17    0.0  -99.9  -99.9
1976  1 18    0.0  -99.9  -99.9
1976  1 19    0.0  -99.9  -99.9
1976  1 20    0.0  -99.9  -99.9
1976  1 21    0.0  -99.9  -99.9
1976  1 22    0.0  -99.9  -99.9
1976  1 23    0.0  -99.9  -99.9
1976  1 24    0.0  -99.9  -99.9
1976  1 25    0.0  -99.9  -99.9
1976  1 26    0.0  -99.9  -99.9
1976  1 27    0.0  -99.9  -99.9
1976  1 28    0.0  -99.9  -99.9
1976  1 29    0.0  -99.9  -99.9
1976  1 30    0.0  -99.9  -99.9
1976  1 31    0.0  -99.9  -99.9
1976  2  1    0.0  -99.9  -99.9
1976  2  2    0.0  -99.9  -99.9
1976  2  3    0.0  -99.9  -99.9
1976  2  4    0.0  -99.9  -99.9
1976  2  5    0.0  -99.9  -99.9
1976  2  6    0.0  -99.9  -99.9
1976  2  7    0.0  -99.9  -99.9
1976  2  8    0.0  -99.9  -99.9
1976  2  9    0.0  -99.9  -99.9
1976  2 10    0.0  -99.9  -99.9
1976  2 11    0.0  -99.9  -99.9
1976  2 12    0.0  -99.9  -99.9
1976  2 13    0.0  -99.9  -99.9
1976  2 14    0.0  -99.9  -99.9
1976  2 15    0.0  -99.9  -99.9
1976  2 16    0.0  -99.9  -99.9
1976  2 17    0.0  -99.9  -99.9
1976  2 18    0.0  -99.9  -99.9
1976  2 19    0.0  -99.9  -99.9
1976  2 20    0.0  -99.9  -99.9
1976  2 21    0.0  -99.9  -99.9
1976  2 22    0.0  -99.9  -99.9
1976  2 23    0.0  -99.9  -99.9
1976  2 24    0.0  -99.9  -99.9
1976  2 25    0.0  -99.9  -99.9
1976  2 26    0.0  -99.9  -99.9
1976  2 27    0.0  -99.9  -99.9
1976  2 28    0.0  -99.9  -99.9
1976  2 29    0.0  -99.9  -99.9
1976  3  1    0.0  -99.9  -99.9
1976  3  2    0.0  -99.9  -99.9
1976  3  3    0.0  -99.9  -99.9
1976  3  4    0.0  -99.9  -99.9
1976  3  5    0.0  -99.9  -99.9
1976  3  6    0.0  -99.9  -99.9
1976  3  7    0.0  -99.9  -99.9
1976  3  8    0.0  -99.9  -99.9
1976  3  9    0.0  -99.9  -99.9
1976  3 10    0.0  -99.9  -99.9
1976  3 11    0.0  -99.9  -99.9
1976  3 12    0.0  -99.9  -99.9
1976  3 13    0.0  -99.9  -99.9
1976  3 14    0.0  -99.9  -99.9
1976  3 15    0.0  -99.9  -99.9
1976  3 16    0.0  -99.9  -99.9
1976  3 17    0.0  -99.9  -99.9
1976  3 18    0.0  -99.9  -99.9
1976  3 19    0.0  -99.9  -99.9
1976  3 20    0.0  -99.9  -99.9
1976  3 21    0.0  -99.9  -99.9
1976  3 22    0.0  -99.9  -99.9
1976  3 23    0.0  -99.9  -99.9
1976  3 24    0.0  -99.9  -99.9
1976  3 25    0.0  -99.9  -99.9
1976  3 26    0.0  -99.9  -99.9
1976  3 27    0.0  -99.9  -99.9
1976  3 28    0.0  -99.9  -99.9
1976  3 29    0.0  -99.9  -99.9
1976  3 30    0.0  -99.9  -99.9
1976  3 31    0.0  -99.9  -99.9
1976  4  1    0.0  -99.9  -99.9
1976  4  2    0.0  -99.9  -99.9
1976  4  3    0.0  -99.9  -99.9
1976  4  4   10.0  -99.9  -99.9
1976  4  5    0.0  -99.9  -99.9
1976  4  6    0.0  -99.9  -99.9
1976  4  7    0.0  -99.9  -99.9
1976  4  8    0.0  -99.9  -99.9
1976  4  9    0.0  -99.9  -99.9
1976  4 10    0.0  -99.9  -99.9
1976  4 11    0.0  -99.9  -99.9
1976  4 12    0.0  -99.9  -99.9
1976  4 13    0.0  -99.9  -99.9
1976  4 14    0.0  -99.9  -99.9
1976  4 15    0.0  -99.9  -99.9
1976  4 16    0.0  -99.9  -99.9
1976  4 17    0.0  -99.9  -99.9
1976  4 18    0.0  -99.9  -99.9
1976  4 19    0.0  -99.9  -99.9
1976  4 20    0.0  -99.9  -99.9
1976  4 21    0.0  -99.9  -99.9
1976  4 22    0.0  -99.9  -99.9
1976  4 23    0.0  -99.9  -99.9
1976  4 24    0.0  -99.9  -99.9
1976  4 25    0.0  -99.9  -99.9
1976  4 26    0.0  -99.9  -99.9
1976  4 27    0.0  -99.9  -99.9
1976  4 28    0.0  -99.9  -99.9
1976  4 29    0.0  -99.9  -99.9
1976  4 30    0.0  -99.9  -99.9
1976  5  1    0.0  -99.9  -99.9
1976  5  2    0.0  -99.9  -99.9
1976  5  3    0.0  -99.9  -99.9
1976  5  4    0.0  -99.9  -99.9
1976  5  5    0.0  -99.9  -99.9
1976  5  6    0.0  -99.9  -99.9
1976  5  7    0.0  -99.9  -99.9
1976  5  8    0.0  -99.9  -99.9
1976  5  9    0.0  -99.9  -99.9
1976  5 10    0.0  -99.9  -99.9
1976  5 11    0.0  -99.9  -99.9
1976  5 12    0.0  -99.9  -99.9
1976  5 13    0.0  -99.9  -99.9
1976  5 14    0.0  -99.9  -99.9
1976  5 15    0.0  -99.9  -99.9
1976  5 16    3.0  -99.9  -99.9
1976  5 17    0.0  -99.9  -99.9
1976  5 18    0.0  -99.9  -99.9
1976  5 19    0.0  -99.9  -99.9
1976  5 20    0.0  -99.9  -99.9
1976  5 21    0.0  -99.9  -99.9
1976  5 22    0.0  -99.9  -99.9
1976  5 23    0.0  -99.9  -99.9
1976  5 24    0.0  -99.9  -99.9
1976  5 25    0.0  -99.9  -99.9
1976  5 26    0.0  -99.9  -99.9
1976  5 27    0.0  -99.9  -99.9
1976  5 28    0.0  -99.9  -99.9
1976  5 29    0.0  -99.9  -99.9
1976  5 30    0.0  -99.9  -99.9
1976  5 31    0.0  -99.9  -99.9
1976  6  1    0.0  -99.9  -99.9
1976  6  2    0.0  -99.9  -99.9
1976  6  3    0.0  -99.9  -99.9
1976  6  4    0.0  -99.9  -99.9
1976  6  5    0.0  -99.9  -99.9
1976  6  6    0.0  -99.9  -99.9
1976  6  7    0.0  -99.9  -99.9
1976  6  8    0.0  -99.9  -99.9
1976  6  9    0.0  -99.9  -99.9
1976  6 10    0.0  -99.9  -99.9
1976  6 11    0.0  -99.9  -99.9
1976  6 12   14.0  -99.9  -99.9
1976  6 13    0.0  -99.9  -99.9
1976  6 14    0.0  -99.9  -99.9
1976  6 15    0.0  -99.9  -99.9
1976  6 16    0.0  -99.9  -99.9
1976  6 17    0.0  -99.9  -99.9
1976  6 18    0.0  -99.9  -99.9
1976  6 19    0.0  -99.9  -99.9
1976  6 20    0.0  -99.9  -99.9
1976  6 21    0.0  -99.9  -99.9
1976  6 22    0.0  -99.9  -99.9
1976  6 23    0.0  -99.9  -99.9
1976  6 24   19.0  -99.9  -99.9
1976  6 25    0.0  -99.9  -99.9
1976  6 26    0.0  -99.9  -99.9
1976  6 27   30.0  -99.9  -99.9
1976  6 28    0.0  -99.9  -99.9
1976  6 29    0.0  -99.9  -99.9
1976  6 30    0.0  -99.9  -99.9
1976  7  1   10.5    0.0    0.0
1976  7  2   11.0    0.0    0.0
1976  7  3   24.0    0.0    0.0
1976  7  4    7.5    0.0    0.0
1976  7  5   11.0    0.0    0.0
1976  7  6    0.0    0.0    0.0
1976  7  7   10.0    0.0    0.0
1976  7  8   15.0    0.0    0.0
1976  7  9    9.0    0.0    0.0
1976  7 10    2.0    0.0    0.0
1976  7 11   12.0    0.0    0.0
1976  7 12    0.0    0.0    0.0
1976  7 13    7.0    0.0    0.0
1976  7 14   24.5    0.0    0.0
1976  7 15   20.5    0.0    0.0
1976  7 16   15.0    0.0    0.0
1976  7 17   25.5    0.0    0.0
1976  7 18    1.0    0.0    0.0
1976  7 19    1.5    0.0    0.0
1976  7 20    0.0    0.0    0.0
1976  7 21    0.0    0.0    0.0
1976  7 22    0.0    0.0    0.0
1976  7 23   10.0    0.0    0.0
1976  7 24   23.0    0.0    0.0
1976  7 25    2.0    0.0    0.0
1976  7 26   13.5    0.0    0.0
1976  7 27    6.5    0.0    0.0
1976  7 28    1.5    0.0    0.0
1976  7 29    0.0    0.0    0.0
1976  7 30   12.0    0.0    0.0
1976  7 31    1.0    0.0    0.0
1976  8  1    0.0   29.0   17.0
1976  8  2    0.0   30.0   16.0
1976  8  3    0.0   29.0   20.0
1976  8  4    0.0   29.0   14.0
1976  8  5    0.0   25.0   16.0
1976  8  6    0.0   23.0   17.0
1976  8  7    0.0   27.0   14.0
1976  8  8    0.0   28.0   16.0
1976  8  9    0.0   31.0   16.0
1976  8 10    0.0   29.0   15.0
1976  8 11    0.0   31.0   14.0
1976  8 12    0.0   30.0   17.0
1976  8 13    0.0   32.0   14.0
1976  8 14   20.0   33.0   17.0
1976  8 15   14.0   30.0   17.0
1976  8 16    0.0   30.0   14.0
1976  8 17   15.5   30.0   17.0
1976  8 18    7.0   26.0   15.0
1976  8 19   10.0   24.0   14.0
1976  8 20    0.0   28.0   14.0
1976  8 21    0.0   22.0   15.0
1976  8 22    0.0   24.0   12.0
1976  8 23    0.0   29.0   16.0
1976  8 24   22.0   25.0   15.0
1976  8 25    0.0   30.0   17.0
1976  8 26    0.0   24.0   18.0
1976  8 27    0.0   22.0   16.0
1976  8 28    6.0   20.0   14.0
1976  8 29    0.0   20.0   13.0
1976  8 30    0.0   22.0   15.0
1976  8 31    6.5   29.0   17.0
1976  9  1    7.0   24.0   17.0
1976  9  2    0.0   28.0   18.0
1976  9  3    3.8   29.0   15.0
1976  9  4    2.6   28.0   21.0
1976  9  5    3.8   27.0   17.0
1976  9  6    4.5   28.0   18.0
1976  9  7    0.0   24.0   18.0
1976  9  8    0.0   24.0   16.0
1976  9  9    0.0   28.0   15.0
1976  9 10    3.5   24.0   17.0
1976  9 11    0.0   28.0   15.0
1976  9 12    4.5   22.0   17.0
1976  9 13    0.0   26.0   15.0
1976  9 14   54.0   29.0   18.0
1976  9 15    0.0   29.0   14.0
1976  9 16   42.5   33.0   18.0
1976  9 17   15.0   26.0   14.0
1976  9 18    3.5   28.0   10.0
1976  9 19    0.0   28.0   14.0
1976  9 20   20.0   23.0   12.0
1976  9 21    4.0   28.0   11.0
1976  9 22   21.0   20.0   14.0
1976  9 23    0.0   27.0   16.0
1976  9 24    0.0   27.0   18.0
1976  9 25    0.0   25.0   18.0
1976  9 26   15.0   27.0   17.0
1976  9 27    0.0   26.0   17.0
1976  9 28    0.0   28.0   17.0
1976  9 29   10.5   27.0   18.0
1976  9 30    0.0   26.0   17.0
1976 10  1    0.0   27.0   16.0
1976 10  2    0.0   27.0   17.0
1976 10  3    0.0   27.0   17.0
1976 10  4    0.0   26.0   16.0
1976 10  5    0.0   26.0   15.0
1976 10  6    0.0   26.0   15.0
1976 10  7    0.0   25.0   15.0
1976 10  8    0.0   26.0   16.0
1976 10  9    0.0  -99.9  -99.9
1976 10 10    0.0  -99.9  -99.9
1976 10 11    0.0  -99.9  -99.9
1976 10 12    0.0  -99.9  -99.9
1976 10 13    0.0  -99.9  -99.9
1976 10 14   19.0  -99.9  -99.9
1976 10 15    0.0  -99.9  -99.9
1976 10 16    0.0  -99.9  -99.9
1976 10 17    0.0  -99.9  -99.9
1976 10 18    0.0  -99.9  -99.9
1976 10 19    0.0  -99.9  -99.9
1976 10 20    0.0  -99.9  -99.9
1976 10 21    0.0  -99.9  -99.9
1976 10 22    7.3  -99.9  -99.9
1976 10 23    8.0  -99.9  -99.9
1976 10 24    0.0  -99.9  -99.9
1976 10 25    0.0  -99.9  -99.9
1976 10 26    0.0  -99.9  -99.9
1976 10 27    2.4  -99.9  -99.9
1976 10 28    1.8  -99.9  -99.9
1976 10 29    0.0  -99.9  -99.9
1976 10 30    0.0  -99.9  -99.9
1976 10 31    0.0  -99.9  -99.9
1976 11  1    0.0   21.0   11.0
1976 11  2    0.0   22.0   10.0
1976 11  3    0.0   22.0   12.0
1976 11  4    0.0   20.0   12.0
1976 11  5    0.0   20.0   11.0
1976 11  6    0.0   22.0   11.0
1976 11  7    0.0   21.0    2.0
1976 11  8    0.0   20.0    8.0
1976 11  9    0.0   23.0    9.0
1976 11 10    0.0   25.0    7.0
1976 11 11    0.0   25.0   10.0
1976 11 12    0.0   22.0   13.0
1976 11 13    0.0   22.0    6.0
1976 11 14    0.0   21.0    6.0
1976 11 15    7.2   18.0    6.0
1976 11 16    4.5   10.0    7.0
1976 11 17    2.9    5.0    2.0
1976 11 18    7.4    7.0    2.0
1976 11 19    4.2    8.0    2.0
1976 11 20    0.0   12.0    4.0
1976 11 21    0.0   12.0    7.0
1976 11 22    2.0   19.0    6.0
1976 11 23   13.0   20.0   10.0
1976 11 24    0.0   18.0    8.0
1976 11 25    0.0    8.2    8.0
1976 11 26    0.0   11.0    2.0
1976 11 27    0.0   11.0    3.0
1976 11 28    0.0    9.0    4.0
1976 11 29    0.0   13.0   -2.0
1976 11 30    0.0   15.0   -2.0
1976 12  1    0.0   10.0   -3.0
1976 12  2    0.0    8.0   -4.0
1976 12  3    0.0   18.0   -5.0
1976 12  4    0.0   16.0   -2.0
1976 12  5    0.0   12.0   -2.0
1976 12  6    0.0   18.0   -4.0
1976 12  7    0.0   20.0   -2.0
1976 12  8    0.0   19.0   -4.0
1976 12  9    1.0   10.0   -2.0
1976 12 10    4.0   13.0   -2.0
1976 12 11    9.0   14.0    4.0
1976 12 12   14.0   10.0    2.0
1976 12 13   12.0   11.0    2.0
1976 12 14    0.0   15.0    2.0
1976 12 15    0.0   15.0   -2.0
1976 12 16    0.0   14.0    6.0
1976 12 17    0.0   17.0    4.0
1976 12 18    4.0   18.0    4.0
1976 12 19    0.0   20.0    2.0
1976 12 20    0.0   20.0   -1.0
1976 12 21    0.0   10.0    2.0
1976 12 22    0.0   17.0    4.0
1976 12 23    0.0   18.0    1.0
1976 12 24    0.0   16.0   -1.0
1976 12 25    0.0   16.0    1.0
1976 12 26    0.0   10.0   -2.0
1976 12 27    0.0   15.0   -5.0
1976 12 28    0.0   12.0    5.0
1976 12 29    0.0    8.0    2.0
1976 12 30    0.0   16.0    3.0
1976 12 31    0.0   12.0    1.0
1977  1  1    0.0   18.0    4.0
1977  1  2    0.0   19.0    3.0
1977  1  3    0.0   20.0    3.0
1977  1  4    0.0   18.0    4.0
1977  1  5    0.0   22.0    3.0
1977  1  6    0.0   20.0    6.0
1977  1  7    0.0   19.0    5.0
1977  1  8    0.0   16.0    4.0
1977  1  9    0.0   20.0    2.0
1977  1 10    0.0   15.0   -4.0
1977  1 11    0.0   22.0    3.0
1977  1 12    0.0   20.0    1.0
1977  1 13    0.0   18.0    2.0
1977  1 14    0.0   23.0    3.0
1977  1 15    0.0   19.0    4.0
1977  1 16    0.0   18.0    3.0
1977  1 17    0.0   20.0    2.0
1977  1 18    0.0   16.0    4.0
1977  1 19    0.0   22.0    1.0
1977  1 20    0.0   20.0    5.0
1977  1 21    0.0   19.0    3.0
1977  1 22    0.0   20.0   -1.0
1977  1 23    0.0   22.0    2.0
1977  1 24    0.0   21.0    4.0
1977  1 25    0.0   23.0    3.0
1977  1 26    0.0   20.0    4.0
1977  1 27    0.0   18.0    2.0
1977  1 28    0.0   11.0   -2.0
1977  1 29    0.0   21.0   -3.0
1977  1 30    0.0   20.0   -2.0
1977  1 31    0.0   22.0   -3.0
1977  2  1    3.8   15.0    3.0
1977  2  2    0.0   15.0   -6.0
1977  2  3    0.0   21.0   -4.0
1977  2  4    0.0   22.0   -3.0
1977  2  5    0.0   23.0    4.0
1977  2  6    0.0   20.0    5.0
1977  2  7    0.0   19.0    3.0
1977  2  8    0.0   20.0    4.0
1977  2  9    0.0   23.0    2.0
1977  2 10    0.0   21.0    4.0
1977  2 11    0.0   22.0    1.0
1977  2 12    0.0   19.0    2.0
1977  2 13    0.0   20.0   -2.0
1977  2 14    0.0   22.0    2.0
1977  2 15    0.0   22.0    1.0
1977  2 16    0.0   21.0    3.0
1977  2 17    0.0   20.0    2.0
1977  2 18    0.0   21.0    2.0
1977  2 19    0.0   18.0    3.0
1977  2 20    0.0   20.0    2.0
1977  2 21    0.0   18.0    3.0
1977  2 22    0.0   17.0    2.0
1977  2 23    0.0   20.0    2.0
1977  2 24    0.0   18.0    1.0
1977  2 25    0.0   16.0    3.0
1977  2 26    0.0   12.0   -4.0
1977  2 27    0.0   15.0   -1.0
1977  2 28    0.0   16.0    2.0
1977  3  1    0.0   18.0   -1.0
1977  3  2    0.0   20.0    0.0
1977  3  3    0.0   18.0    3.0
1977  3  4    0.0   18.0    1.0
1977  3  5    0.0   16.0    3.0
1977  3  6    0.0   10.0   -3.0
1977  3  7    0.0   20.0    2.0
1977  3  8    0.0   22.0    2.0
1977  3  9    0.0   23.0    5.0
1977  3 10    0.0   23.0    7.0
1977  3 11    0.0   21.0    5.0
1977  3 12    0.0   23.0    5.0
1977  3 13    0.0   23.0    7.0
1977  3 14    0.0   22.0    9.0
1977  3 15    0.0   22.0    5.0
1977  3 16    0.0   23.0    6.0
1977  3 17    0.0   24.0    8.0
1977  3 18    0.0   21.0    8.0
1977  3 19    0.0   21.0    6.0
1977  3 20    0.0   22.0    5.0
1977  3 21    0.0   24.0    5.0
1977  3 22    0.0   21.0    7.0
1977  3 23    0.0   23.0    5.0
1977  3 24    0.0   20.0    7.0
1977  3 25    0.0   22.0    4.0
1977  3 26    0.0   18.0    6.0
1977  3 27    0.0   16.0    1.0
1977  3 28    0.0   21.0    4.0
1977  3 29    0.0   18.0    4.0
1977  3 30    0.0   18.0    3.0
1977  3 31    0.0   18.0    2.0
1977  4  1    0.0   20.0    3.0
1977  4  2    0.0   18.0    6.0
1977  4  3    0.0   17.0    4.0
1977  4  4    0.0   19.0    3.0
1977  4  5    0.0   22.0    5.0
1977  4  6    0.0   21.0    4.0
1977  4  7    0.0   22.0    6.0
1977  4  8    0.0   23.0    4.0
1977  4  9    0.0   25.0    6.0
1977  4 10    0.0   27.0    2.0
1977  4 11    0.0   28.0    6.0
1977  4 12    0.0   28.0    8.0
1977  4 13    0.0   28.0    9.0
1977  4 14    0.0   28.0    3.0
1977  4 15    0.0   28.0    5.0
1977  4 16    0.0   27.0    4.0
1977  4 17    0.0   26.0    3.0
1977  4 18    0.0   28.0    3.0
1977  4 19    0.0   30.0    4.0
1977  4 20    0.0   29.0    5.0
1977  4 21    0.0   29.0    4.0
1977  4 22    0.0   31.0    4.0
1977  4 23    4.0   31.0    8.0
1977  4 24    0.0   29.0    6.0
1977  4 25    0.0   30.0    6.0
1977  4 26    3.0   32.0    7.0
1977  4 27    0.0   31.0    5.0
1977  4 28    0.0   32.0    8.0
1977  4 29    0.0   31.0    8.0
1977  4 30    0.0   28.0    8.0
1977  5  1    0.0   29.0    8.0
1977  5  2    0.0   29.0    8.0
1977  5  3    0.0   29.0    8.0
1977  5  4    0.0   30.0    7.0
1977  5  5    0.0   30.0    7.0
1977  5  6    0.0   31.0    7.0
1977  5  7    0.0   30.0    8.0
1977  5  8    0.0   29.0    7.0
1977  5  9    0.0   32.0    7.0
1977  5 10    0.0   31.0    9.0
1977  5 11    0.0   31.0    7.0
1977  5 12    0.0   32.0    8.0
1977  5 13    0.0   31.0    8.0
1977  5 14    0.0   31.0    8.0
1977  5 15    0.0   31.0    7.0
1977  5 16    0.0   32.0    7.0
1977  5 17    0.0   31.0    7.0
1977  5 18    0.0   29.0    8.0
1977  5 19    0.0   29.0    8.0
1977  5 20    0.0   28.0    8.0
1977  5 21    0.0   31.0    6.0
1977  5 22    0.0   31.0    8.0
1977  5 23    0.0   31.0    8.0
1977  5 24    0.0   30.0    7.0
1977  5 25    0.0   30.0    9.0
1977  5 26    0.0   30.0    9.0
1977  5 27    0.0   30.0    8.0
1977  5 28    0.0   32.0    8.2
1977  5 29    5.5   30.0    7.0
1977  5 30    6.3   31.0    7.0
1977  5 31    9.4   30.0    7.0
1977  6  1   14.0   32.0   12.0
1977  6  2   21.5   31.0   12.0
1977  6  3   20.6   31.0   12.5
1977  6  4   46.7   32.0   12.8
1977  6  5   54.3   30.0   13.0
1977  6  6   48.5   32.0   11.0
1977  6  7   39.7   31.0   11.3
1977  6  8   28.0   32.0   12.0
1977  6  9   52.3   30.0   13.0
1977  6 10   45.7   32.0   12.0
1977  6 11    0.0   34.0   12.0
1977  6 12    0.0   35.0   11.0
1977  6 13    0.0   35.0   12.0
1977  6 14    0.0   33.0   12.5
1977  6 15    0.0   35.0   12.0
1977  6 16    0.0   35.0   13.0
1977  6 17    0.0   33.0   13.0
1977  6 18    0.0   34.0   14.0
1977  6 19    0.0   34.0   14.0
1977  6 20    0.0   34.0   13.0
1977  6 21    0.0   35.0   13.5
1977  6 22    0.0   35.0   13.7
1977  6 23    0.0   33.0   13.4
1977  6 24    0.0   33.0   14.0
1977  6 25    0.0   34.0   14.0
1977  6 26    0.0   35.0   13.9
1977  6 27    0.0   35.0   13.6
1977  6 28   62.0   35.0   13.9
1977  6 29   59.2   34.0   11.5
1977  6 30   39.7   34.0   11.6
1977  7  1    0.0   35.5   13.5
1977  7  2    0.0   33.0   13.5
1977  7  3    0.0   32.0   13.0
1977  7  4    0.0   33.0   14.0
1977  7  5    0.0   34.0   13.0
1977  7  6    0.0   34.0   12.5
1977  7  7    0.0   34.0   12.0
1977  7  8    0.0   34.0   12.5
1977  7  9    0.0   33.5   12.0
1977  7 10    0.0   36.0   13.0
1977  7 11    0.0   34.0   13.0
1977  7 12    0.0   34.0   13.5
1977  7 13    0.0   32.5   13.5
1977  7 14    0.0   28.5   13.0
1977  7 15    0.0   33.5   13.0
1977  7 16    0.0   34.0   12.5
1977  7 17    0.0   31.0   13.0
1977  7 18    0.0   31.0   13.0
1977  7 19    0.0   28.5   13.0
1977  7 20    0.0   32.5   12.0
1977  7 21    0.0   32.5   13.0
1977  7 22    0.0   33.0   13.0
1977  7 23    0.0   33.5   13.0
1977  7 24    0.0   32.0   13.0
1977  7 25    0.0   32.0   13.5
1977  7 26    0.0   30.0   13.0
1977  7 27    0.0   30.0   13.0
1977  7 28    0.0   29.0   12.5
1977  7 29    0.0   27.5   14.0
1977  7 30    0.0   28.0   15.0
1977  7 31    0.0   27.0   16.0
1977  8  1    0.0   30.0    9.3
1977  8  2    0.0   29.8    9.4
1977  8  3    0.0   29.0    8.8
1977  8  4    0.0   20.1    8.7
1977  8  5    0.0   29.5    8.6
1977  8  6    0.0   28.9    8.8
1977  8  7    0.0   29.7    8.6
1977  8  8    0.0   29.6    9.2
1977  8  9    0.0   30.8    9.0
1977  8 10    0.0   30.5    9.0
1977  8 11    2.3   30.4    9.1
1977  8 12    0.0   29.6    9.2
1977  8 13    1.5   29.7    9.3
1977  8 14   22.4   27.0    9.4
1977  8 15   16.0   25.0    9.2
1977  8 16    8.3   26.0   10.0
1977  8 17    0.0   24.5   12.5
1977  8 18    0.0   27.0   11.0
1977  8 19    0.0   27.3   10.0
1977  8 20    0.0   25.0   11.5
1977  8 21    0.0   26.0   12.0
1977  8 22    0.0   26.0   12.5
1977  8 23    0.0   26.8   10.0
1977  8 24    0.0   26.9   11.5
1977  8 25    0.0   26.7   11.0
1977  8 26    0.0   25.0   10.0
1977  8 27    0.0   25.9   10.0
1977  8 28    0.0   26.0   11.5
1977  8 29   20.4   27.2   11.0
1977  8 30   32.1   27.5   10.0
1977  8 31    0.0   28.0   10.0
1977  9  1    0.0   26.5   11.0
1977  9  2    0.0   26.0   11.0
1977  9  3    0.0   26.6   11.0
1977  9  4    0.0   29.6   12.2
1977  9  5    0.0   28.7   12.1
1977  9  6    0.0   28.9   12.0
1977  9  7    0.0   29.4   10.6
1977  9  8    0.0   29.0   10.8
1977  9  9    0.0   29.3    9.9
1977  9 10    0.0   29.5    9.4
1977  9 11    0.0   29.8    9.6
1977  9 12    0.0   30.2    9.2
1977  9 13    0.0   30.0    9.3
1977  9 14    0.0   31.8    9.0
1977  9 15    0.0   31.5    9.0
1977  9 16    5.3   31.9    9.0
1977  9 17    0.0   30.0    9.1
1977  9 18    0.0   33.6    9.8
1977  9 19    0.0   31.7    9.9
1977  9 20    0.0   31.9    9.8
1977  9 21    0.0   31.8   10.4
1977  9 22    0.0   32.3   10.6
1977  9 23    0.0   33.4   10.2
1977  9 24    0.0   33.1   10.5
1977  9 25   26.5   33.3    8.9
1977  9 26    0.0   33.4    8.8
1977  9 27    0.0   35.0    9.5
1977  9 28    0.0   35.1    9.5
1977  9 29    0.0   34.2   10.5
1977  9 30    0.0   32.0   10.4
1977 10  1    0.0   26.3   12.3
1977 10  2   54.0   26.3   12.2
1977 10  3   23.0   26.0   12.0
1977 10  4    0.0   25.8   11.9
1977 10  5    0.0   25.3   11.7
1977 10  6    0.0   26.5   11.4
1977 10  7    0.0   24.6   11.5
1977 10  8    0.0   24.9   10.8
1977 10  9    0.0   24.8   10.9
1977 10 10    0.0   24.3   11.0
1977 10 11    0.0   24.0   10.0
1977 10 12    0.0   23.0    8.0
1977 10 13    0.0   23.4    7.0
1977 10 14    0.0   23.6    8.5
1977 10 15    0.0   23.7    8.4
1977 10 16    0.0   23.7    8.2
1977 10 17    0.0   24.0    7.9
1977 10 18    0.0   24.0    8.2
1977 10 19    0.0   24.0    8.4
1977 10 20    0.0   24.1    8.1
1977 10 21    0.0   24.2    7.7
1977 10 22    0.0   24.0    7.5
1977 10 23    0.0   24.0    7.6
1977 10 24    0.0   23.8    7.4
1977 10 25    5.0   23.7    7.4
1977 10 26    0.0   23.9    7.4
1977 10 27    0.0   23.8    7.4
1977 10 28    0.0   23.7    7.3
1977 10 29    0.0   23.3    7.5
1977 10 30    0.0   23.4    7.6
1977 10 31    0.0   22.2    7.3
1977 11  1    0.0   23.5    8.2
1977 11  2    0.0   23.4    8.2
1977 11  3    0.0   23.5    8.4
1977 11  4    0.0   23.5    7.8
1977 11  5    0.0   23.4    7.8
1977 11  6    0.0   23.4    7.8
1977 11  7    0.0   23.8    7.2
1977 11  8    0.0   22.9    6.9
1977 11  9    0.0   22.8    6.9
1977 11 10    0.0   22.9    6.6
1977 11 11    0.0   22.6    5.8
1977 11 12    0.0   22.2    4.6
1977 11 13    0.0   22.0    4.3
1977 11 14    0.0   20.1    4.2
1977 11 15    0.0   20.2   -1.0
1977 11 16    0.0   20.3   -1.2
1977 11 17    0.0   19.3    1.0
1977 11 18    0.0   19.8    2.3
1977 11 19    0.0   19.6    2.3
1977 11 20    0.0   19.9    2.4
1977 11 21    0.0   19.8    2.5
1977 11 22    0.0   20.0    2.2
1977 11 23    0.0   20.2    2.6
1977 11 24    0.0   20.1    2.4
1977 11 25    0.0   20.3    2.3
1977 11 26    0.0   20.3    3.0
1977 11 27    0.0   20.3    3.0
1977 11 28    0.0   20.3    3.2
1977 11 29    0.0   20.4    3.4
1977 11 30    0.0   20.3    3.2
1977 12  1    0.0   25.8    8.6
1977 12  2    0.0   25.8    8.1
1977 12  3    0.0   25.8    8.3
1977 12  4    0.0   25.2    8.4
1977 12  5    0.0   25.3    7.8
1977 12  6    0.0   24.9    7.8
1977 12  7    0.0   24.7    7.2
1977 12  8    0.0   24.5    7.3
1977 12  9    0.0   24.6    6.8
1977 12 10    0.0   23.9    6.8
1977 12 11    0.0   23.6    6.6
1977 12 12    0.0   23.4    6.4
1977 12 13    0.0   22.9    6.4
1977 12 14    0.0   22.6    6.6
1977 12 15    0.0   22.4    6.4
1977 12 16    0.0   22.4    5.0
1977 12 17    0.0   22.3    5.3
1977 12 18    0.0   22.0    4.8
1977 12 19    0.0   22.0    4.9
1977 12 20    0.0   22.0    4.9
1977 12 21    0.0   22.3    5.2
1977 12 22    0.0   22.8    5.3
1977 12 23    0.0   22.4    5.3
1977 12 24    0.0   23.5    5.3
1977 12 25    0.0   23.4    6.2
1977 12 26    0.0   23.3    6.2
1977 12 27    0.0   22.2    6.1
1977 12 28    0.0   22.6    6.3
1977 12 29    0.0   22.8    6.2
1977 12 30    0.0   23.6    6.8
1977 12 31    0.0   24.2    6.8
1978  1  1    0.0   22.0    6.0
1978  1  2    0.0   23.4    5.0
1978  1  3    0.0   23.2    6.2
1978  1  4    0.0   23.1    6.8
1978  1  5    0.0   23.5    6.9
1978  1  6    0.0   23.1    6.2
1978  1  7    0.0   23.2    6.4
1978  1  8    0.0   23.4    6.3
1978  1  9    0.0   23.6    6.4
1978  1 10    0.0   23.5    6.7
1978  1 11    0.0   22.8    6.6
1978  1 12    0.0   22.9    6.7
1978  1 13    0.0   22.8    6.5
1978  1 14    0.0   22.9    6.4
1978  1 15    0.0   22.7    6.8
1978  1 16    0.0   22.7    6.9
1978  1 17    0.0   22.6    6.6
1978  1 18    0.0   22.5    6.7
1978  1 19    0.0   22.9    7.1
1978  1 20    0.0   21.9    7.0
1978  1 21    0.0   22.5    7.1
1978  1 22    0.0   22.1    7.1
1978  1 23    0.0   22.3    7.2
1978  1 24    0.0   22.8    7.0
1978  1 25    0.0   21.9    7.0
1978  1 26    0.0   21.8    7.0
1978  1 27    0.0   21.7    7.1
1978  1 28    0.0   21.5    7.2
1978  1 29    0.0   21.9    7.2
1978  1 30    0.0   21.6    7.1
1978  1 31    0.0   21.5    7.2
1978  2  1    0.0   24.3   -1.0
1978  2  2    0.0   24.0   -1.0
1978  2  3    0.0   24.3   -1.0
1978  2  4    0.0   24.1    1.0
1978  2  5    0.0   24.5    1.0
1978  2  6    0.0   24.6    4.4
1978  2  7    0.0   24.8    0.0
1978  2  8    0.0   24.8    3.3
1978  2  9    0.0   24.8    4.8
1978  2 10    0.0   24.9    2.6
1978  2 11    0.0   24.9    1.5
1978  2 12    0.0   23.9    1.1
1978  2 13    0.0   23.9    3.4
1978  2 14    0.0   23.9    8.6
1978  2 15    0.0   24.6    6.6
1978  2 16    0.0   24.6    5.5
1978  2 17    0.0   24.5    5.4
1978  2 18    0.0   24.5    4.9
1978  2 19    0.0   24.5    4.6
1978  2 20    0.0   23.3    4.8
1978  2 21    0.0   23.8    5.8
1978  2 22    0.0   23.2    5.9
1978  2 23    0.0   23.2    6.1
1978  2 24    0.0   24.6    6.0
1978  2 25    0.0   24.6    6.0
1978  2 26    0.0   24.5    6.0
1978  2 27    0.0   24.8    7.0
1978  2 28    0.0   25.0    7.3
1978  3  1    0.0   23.0   12.0
1978  3  2    0.0   23.0   12.0
1978  3  3    0.0   24.0   11.0
1978  3  4    0.0   24.0   11.0
1978  3  5    0.0   23.0   11.0
1978  3  6    0.0   24.0   12.0
1978  3  7    0.0   24.0   12.0
1978  3  8    0.0   24.0   12.0
1978  3  9    0.0   23.0   12.0
1978  3 10    0.0   23.0   10.0
1978  3 11    0.0   23.0   10.0
1978  3 12    0.0   23.0   10.0
1978  3 13    0.0   23.0   10.0
1978  3 14    0.0   23.0   11.0
1978  3 15    0.0   23.0   11.0
1978  3 16    0.0   22.0   10.0
1978  3 17    0.0   22.0   11.0
1978  3 18    0.0   22.0   10.0
1978  3 19    0.0   22.0   11.0
1978  3 20    0.0   23.0   11.0
1978  3 21    0.0   23.0   10.0
1978  3 22    0.0   23.0   10.0
1978  3 23    0.0   24.0   11.0
1978  3 24    0.0   24.0   12.0
1978  3 25    0.0   24.0   12.0
1978  3 26    0.0   24.0   12.0
1978  3 27    0.0   24.0   12.0
1978  3 28    0.0   24.0   10.0
1978  3 29    0.0   24.0   11.0
1978  3 30    0.0   24.0   11.0
1978  3 31    0.0   24.0   11.0
1978  4  1    0.0   20.0    5.0
1978  4  2    0.0   19.0    4.0
1978  4  3    0.0   19.0    4.0
1978  4  4    0.0   18.0    5.0
1978  4  5    0.0   19.0    6.0
1978  4  6    0.0   18.0    9.0
1978  4  7    0.0   17.0    9.0
1978  4  8    0.0   15.0    7.0
1978  4  9    0.0   14.0    5.0
1978  4 10    5.4   18.0    3.0
1978  4 11    0.0   25.0    3.0
1978  4 12    0.0   24.0    4.0
1978  4 13    0.0   30.0   11.0
1978  4 14    0.0   32.0   10.0
1978  4 15    0.0   32.0   10.0
1978  4 16    0.0   33.0   12.0
1978  4 17    0.0   32.0   16.0
1978  4 18    0.0   33.0   11.0
1978  4 19    0.0   34.0   10.0
1978  4 20    0.0   32.0   10.0
1978  4 21    0.0   30.0   12.0
1978  4 22    0.0   31.0   11.0
1978  4 23    0.0   32.0   10.0
1978  4 24    0.0   34.0   10.0
1978  4 25    0.0   32.0   11.0
1978  4 26    0.0   35.0   10.0
1978  4 27    0.0   33.0   11.0
1978  4 28    0.0   30.0   12.0
1978  4 29    0.0   32.0   10.0
1978  4 30    0.0   30.0   11.0
1978  5  1    0.0   30.0   11.0
1978  5  2    0.0   26.0   13.0
1978  5  3    0.0   31.0    8.0
1978  5  4    0.0   32.0   10.0
1978  5  5    0.0   33.0   14.0
1978  5  6    0.0   27.0   11.0
1978  5  7    0.0   31.0    9.0
1978  5  8    0.0   33.0    8.0
1978  5  9    0.0   38.0   11.0
1978  5 10    0.0   37.0   12.0
1978  5 11    0.0   36.0   11.0
1978  5 12    0.0   37.0   11.0
1978  5 13    3.0   38.0   16.0
1978  5 14    0.0   37.0   14.0
1978  5 15    0.0   35.0   17.0
1978  5 16    0.0   35.0   16.0
1978  5 17    0.0   37.0   17.0
1978  5 18    0.0   33.0   15.0
1978  5 19    0.0   35.0   13.0
1978  5 20    0.0   36.0   13.0
1978  5 21    0.0   36.0   13.0
1978  5 22    0.0   36.0   15.0
1978  5 23    0.0   37.0   12.0
1978  5 24    0.0   33.0   10.0
1978  5 25    0.0   34.0   11.0
1978  5 26    0.0   34.0   15.0
1978  5 27    0.0   36.0   11.0
1978  5 28    0.0   37.0   17.0
1978  5 29    3.0   37.0   15.0
1978  5 30    0.0   35.0   11.0
1978  5 31    0.0   35.0   15.0
1978  6  1    0.0   37.0   15.0
1978  6  2    0.0   38.0   16.0
1978  6  3    0.0   38.0   15.0
1978  6  4    0.0   38.0   16.0
1978  6  5    0.0   36.0   17.0
1978  6  6    0.0   34.0   14.0
1978  6  7    0.0   35.0   13.0
1978  6  8    0.0   35.0   14.0
1978  6  9    0.0   36.0   13.0
1978  6 10    0.0   36.0   14.0
1978  6 11    0.0   38.0   18.0
1978  6 12    0.0   38.0   20.0
1978  6 13    0.0   36.0   19.0
1978  6 14    0.0   36.0   17.0
1978  6 15    0.0   40.0   19.0
1978  6 16    0.0   39.0   19.0
1978  6 17    0.0   39.0   19.0
1978  6 18    0.0   37.0   17.0
1978  6 19    0.0   37.0   19.0
1978  6 20    0.0   39.0   18.0
1978  6 21    0.0   39.0   18.0
1978  6 22    0.0   37.0   19.0
1978  6 23    0.0   39.0   16.0
1978  6 24    0.0   37.0   17.0
1978  6 25    0.0   39.0   19.0
1978  6 26    0.0   36.0   19.0
1978  6 27    0.0   36.0   19.0
1978  6 28    9.0   29.0   18.0
1978  6 29    9.0   29.0   16.0
1978  6 30   10.0   28.0   11.0
1978  7  1    3.0   30.0   16.0
1978  7  2    0.0   33.0   17.0
1978  7  3    0.0   35.0   17.0
1978  7  4   22.0   34.0   16.0
1978  7  5   10.0   30.0   16.0
1978  7  6    0.0   33.0   17.0
1978  7  7    0.0   30.0   18.0
1978  7  8    0.0   33.0   16.0
1978  7  9    0.0   35.0   16.0
1978  7 10    0.0   37.0   17.0
1978  7 11   20.0   36.0   17.0
1978  7 12    0.0   36.0   17.0
1978  7 13    0.0   36.0   18.0
1978  7 14    0.0   37.0   18.0
1978  7 15    0.0   37.0   18.0
1978  7 16    0.0   37.0   17.0
1978  7 17    0.0   36.0   16.0
1978  7 18    0.0   32.0   15.0
1978  7 19    0.0   30.0   13.0
1978  7 20   10.0   28.0   13.0
1978  7 21    0.0   32.0   15.0
1978  7 22   23.0   32.0   16.0
1978  7 23   11.0   33.0   16.0
1978  7 24    0.0   27.0   15.0
1978  7 25   10.0   25.0   14.0
1978  7 26   16.0   29.0   14.0
1978  7 27   20.0   27.0   15.0
1978  7 28   30.0   30.0   16.0
1978  7 29    0.0   30.0   16.0
1978  7 30    0.0   27.0   15.0
1978  7 31    0.0   30.0   16.0
1978  8  1   33.0   25.0   16.0
1978  8  2    1.0   27.0   16.0
1978  8  3   17.0   27.0   15.0
1978  8  4    6.0   24.0   17.0
1978  8  5   10.0   27.0   16.0
1978  8  6   25.0   26.0   14.0
1978  8  7    4.5   26.0   14.0
1978  8  8    1.2   24.0   15.0
1978  8  9   24.0   27.0   16.0
1978  8 10   10.0   28.0   18.0
1978  8 11   20.3   32.0   14.0
1978  8 12    0.0   30.0   15.0
1978  8 13    0.0   31.0   15.0
1978  8 14    0.0   32.0   14.0
1978  8 15    0.0   32.0   14.0
1978  8 16    0.0   34.0   14.0
1978  8 17    0.0   34.0   14.0
1978  8 18    0.0   31.0   15.0
1978  8 19    0.0   31.0   16.0
1978  8 20    0.0   32.0   16.0
1978  8 21    1.5   31.0   17.0
1978  8 22    3.6   32.0   14.0
1978  8 23   46.6   25.0   15.0
1978  8 24   19.5   26.0   15.0
1978  8 25    0.0   30.0   14.0
1978  8 26    0.0   31.0   16.0
1978  8 27   70.5   32.0   14.0
1978  8 28   69.4   24.0   14.0
1978  8 29   52.3   22.0   13.0
1978  8 30   45.6   19.0   14.0
1978  8 31   75.6   21.0   14.0
1978  9  1    0.0   29.0   16.0
1978  9  2    0.0   29.0   16.0
1978  9  3    0.0   29.0   16.0
1978  9  4    0.0   29.0   16.0
1978  9  5   19.5   27.0   16.0
1978  9  6   18.8   27.3   15.9
1978  9  7   24.3   27.0   15.4
1978  9  8   32.6   27.0   15.3
1978  9  9   28.4   27.4   15.6
1978  9 10    0.0   26.9   15.8
1978  9 11    0.0   26.8   15.2
1978  9 12    0.0   26.9   15.1
1978  9 13    7.2   27.0   15.8
1978  9 14    4.3   27.8   16.0
1978  9 15    0.0   28.0   16.2
1978  9 16    0.0   28.5   16.3
1978  9 17    0.0   28.1   16.0
1978  9 18    0.0   28.0   16.9
1978  9 19    0.0   28.0   17.3
1978  9 20    0.0   27.9   17.6
1978  9 21   76.0   27.3   17.8
1978  9 22   69.0   22.0   16.0
1978  9 23   88.8   22.8   14.0
1978  9 24   78.4   23.9   13.2
1978  9 25   74.6   24.5   12.8
1978  9 26   24.5   24.6   12.5
1978  9 27    0.0   26.0   11.7
1978  9 28    0.0   23.3   11.3
1978  9 29    0.0   23.8   11.4
1978  9 30    0.0   24.0   11.6
1978 10  1    0.0   24.3   11.0
1978 10  2    0.0   24.4   11.4
1978 10  3    0.0   24.3   11.9
1978 10  4    0.0   24.0   12.6
1978 10  5    0.0   24.0   12.0
1978 10  6    0.0   24.0   12.6
1978 10  7    0.0   24.3   12.8
1978 10  8    0.0   24.2   12.0
1978 10  9    0.0   24.0   12.0
1978 10 10    0.0   24.0   12.3
1978 10 11    0.0   23.9   12.4
1978 10 12    0.0   23.9   12.6
1978 10 13    0.0   23.9   10.5
1978 10 14    3.4   23.8   10.0
1978 10 15    3.6   23.5   10.0
1978 10 16    8.0   23.5   10.0
1978 10 17    1.6   23.4   10.0
1978 10 18    0.0   23.0    9.8
1978 10 19    0.0   23.0    9.2
1978 10 20    0.0   22.8    9.2
1978 10 21    0.0   22.8    9.2
1978 10 22    0.0   22.8    9.4
1978 10 23    0.0   22.7    9.5
1978 10 24    0.0   22.7    9.5
1978 10 25    0.0   22.5    9.7
1978 10 26    0.0   22.0    9.6
1978 10 27    0.0   22.0    9.6
1978 10 28   36.0   21.8    9.6
1978 10 29   30.0   21.7    9.6
1978 10 30   34.0   21.7    9.7
1978 10 31    0.0   21.6    9.8
1978 11  1    0.0   22.0   10.5
1978 11  2    0.0   22.0   10.4
1978 11  3    0.0   22.0    6.6
1978 11  4    0.0   21.2    8.7
1978 11  5    0.0   21.6    8.8
1978 11  6    0.0   21.3    8.9
1978 11  7    0.0   21.4    8.8
1978 11  8    0.0   20.8    8.8
1978 11  9    0.0   20.8    8.6
1978 11 10    0.0   20.8    8.5
1978 11 11    0.0   20.9    8.3
1978 11 12    0.0   20.7    8.6
1978 11 13    0.0   20.7    7.8
1978 11 14    0.0   20.7    7.6
1978 11 15    0.0   20.0    7.7
1978 11 16    0.0   19.7    7.6
1978 11 17    0.0   19.0    7.5
1978 11 18    0.0   19.0    7.0
1978 11 19    0.0   18.4    7.0
1978 11 20    0.0   16.3    7.0
1978 11 21    0.0   16.0    7.8
1978 11 22    0.0   16.0    7.8
1978 11 23    0.0   15.3    6.4
1978 11 24    0.0   16.7    6.4
1978 11 25    0.0   16.8    6.4
1978 11 26    0.0   17.7    6.6
1978 11 27    0.0   17.7    4.7
1978 11 28    0.0   17.8    6.9
1978 11 29    0.0   17.7    4.6
1978 11 30    0.0   16.9    4.5
1978 12  1    0.0   20.0    3.0
1978 12  2    0.0   20.0    4.0
1978 12  3    0.0   19.0    5.0
1978 12  4    0.0   19.0    3.0
1978 12  5    0.0   22.0   -1.0
1978 12  6    0.0   21.0    2.0
1978 12  7    0.0   21.0    3.0
1978 12  8    0.0   20.0   -5.0
1978 12  9    0.0   17.0   -5.0
1978 12 10    0.0   11.0   -6.0
1978 12 11    0.0   16.0   -5.0
1978 12 12    0.0   15.0   -4.0
1978 12 13    0.0   19.0   -2.0
1978 12 14    3.4   16.0    4.0
1978 12 15    0.0   23.0    2.0
1978 12 16    0.0   23.0    2.0
1978 12 17    0.0   15.0    3.0
1978 12 18    0.0   24.0    4.0
1978 12 19    0.0   24.0    5.0
1978 12 20    0.0   17.0    6.0
1978 12 21    0.0   20.0   -1.0
1978 12 22    0.0   17.0   -3.0
1978 12 23    0.0   21.0   -5.0
1978 12 24    0.0   24.0   -4.0
1978 12 25    0.0   19.0   -3.0
1978 12 26    0.0   21.0   -3.0
1978 12 27    0.0   24.0   -2.0
1978 12 28    0.0   24.0   -1.0
1978 12 29    4.0   23.0    2.0
1978 12 30    0.0   17.0    4.0
1978 12 31    0.0   18.0    4.0
1979  1  1    6.8   13.0   -3.0
1979  1  2    0.0   13.0   -5.0
1979  1  3    0.0   14.0   -7.0
1979  1  4    0.0   15.0   -1.0
1979  1  5    0.0   16.0    0.0
1979  1  6    0.0   16.0   -1.0
1979  1  7    0.0   16.0   -3.0
1979  1  8    0.0   15.0   -4.0
1979  1  9    0.0   15.0   -7.0
1979  1 10    0.0   16.0   -1.0
1979  1 11    0.0   13.0   -5.0
1979  1 12    0.0   13.0   -4.0
1979  1 13    0.0   12.0   -4.0
1979  1 14    0.0   10.0   -2.0
1979  1 15    0.0   10.0   -2.0
1979  1 16    0.0   12.0   -2.0
1979  1 17    0.0   13.0   -2.5
1979  1 18    0.0   12.0   -3.5
1979  1 19    0.0   12.0    1.0
1979  1 20    0.0   12.0    4.0
1979  1 21    0.0   13.0   -3.0
1979  1 22   10.0    8.0   -3.0
1979  1 23    9.6    9.0   -2.0
1979  1 24    8.3    8.0   -6.0
1979  1 25    0.0   10.0   -2.0
1979  1 26    4.5   10.0    1.0
1979  1 27    6.6   12.0   -8.0
1979  1 28    0.0   12.0   -8.0
1979  1 29    0.0   13.0   -9.0
1979  1 30    0.0   13.0   -9.0
1979  1 31    0.0   13.0   -9.0
1979  2  1    0.0   13.0   -5.4
1979  2  2    0.0   13.0   -0.3
1979  2  3    0.0   13.5   -1.2
1979  2  4    0.0   13.8   -1.6
1979  2  5    0.0   13.9    2.7
1979  2  6    0.0   13.9    6.8
1979  2  7    0.0   14.0    6.9
1979  2  8    0.0   14.0    6.9
1979  2  9    0.0   14.0    5.9
1979  2 10    0.0   15.8    5.5
1979  2 11    0.0   14.9    4.3
1979  2 12    0.0   14.6    4.4
1979  2 13    0.0   13.9    4.6
1979  2 14    0.0   13.6    4.3
1979  2 15    0.0   13.8    6.6
1979  2 16    0.0   15.8    6.8
1979  2 17    0.0   15.9    6.5
1979  2 18    0.0   16.3    6.0
1979  2 19    0.0   16.2    6.0
1979  2 20    0.0   16.9    6.0
1979  2 21    0.0   17.3    5.8
1979  2 22    0.0   17.0    5.8
1979  2 23    0.0   17.0    5.6
1979  2 24    0.0   18.0    6.1
1979  2 25    0.0   18.9    6.0
1979  2 26    0.0   18.9    6.0
1979  2 27    0.0   18.5    6.8
1979  2 28    0.0   18.5    7.8
1979  3  1    0.0   18.5    6.0
1979  3  2    0.0   18.0    8.6
1979  3  3    0.0   18.0   10.4
1979  3  4    0.0   18.8    6.0
1979  3  5    0.0   19.5    9.5
1979  3  6    0.0   19.5    9.0
1979  3  7    0.0   19.0    9.9
1979  3  8    0.0   19.9   10.2
1979  3  9    0.0   20.0   10.4
1979  3 10    0.0   20.0   10.0
1979  3 11    0.0   20.0   10.0
1979  3 12    0.0   20.3   10.3
1979  3 13    0.0   21.4   10.2
1979  3 14    0.0   20.9   10.3
1979  3 15    0.0   21.3   10.4
1979  3 16    0.0   21.4    9.9
1979  3 17    0.0   21.8    9.8
1979  3 18    0.0   22.6    9.9
1979  3 19    0.0   22.8   10.1
1979  3 20    0.0   22.0   10.2
1979  3 21    0.0   22.3   10.3
1979  3 22    0.0   22.9   10.3
1979  3 23    0.0   22.7   10.3
1979  3 24    0.0   22.8   10.8
1979  3 25    0.0   22.3   11.3
1979  3 26    0.0   22.8   11.4
1979  3 27    0.0   23.5   11.3
1979  3 28    0.0   22.8   11.0
1979  3 29    0.0   23.8   11.5
1979  3 30    0.0   23.8   11.8
1979  3 31    0.0   23.9   11.8
1979  4  1    0.0   18.5    6.0
1979  4  2    0.0   21.3    5.8
1979  4  3    0.0   24.5    6.2
1979  4  4    0.0   28.3    4.8
1979  4  5    0.0   31.2    4.0
1979  4  6    0.0   25.0    9.6
1979  4  7    0.0   29.0    7.0
1979  4  8    0.0   31.0    8.0
1979  4  9    0.0   28.4    8.4
1979  4 10    0.0   28.0   10.0
1979  4 11    0.0   28.0   12.0
1979  4 12    0.0   30.1   12.0
1979  4 13    0.0   31.2    6.9
1979  4 14    0.0   29.5    7.3
1979  4 15    0.0   34.8    5.5
1979  4 16    0.0   32.6   10.4
1979  4 17    0.0   32.0    8.2
1979  4 18    0.0   32.0    9.3
1979  4 19    0.0   28.0    8.0
1979  4 20    0.0   25.4    9.0
1979  4 21    0.0   30.4   10.0
1979  4 22    5.0   29.0   10.0
1979  4 23    0.0   33.0   10.0
1979  4 24    0.0   34.0   10.0
1979  4 25    0.0   35.2   15.0
1979  4 26    0.0   33.8   14.5
1979  4 27    0.0   28.6   14.5
1979  4 28    0.0   36.3   16.2
1979  4 29    0.0   35.0   10.0
1979  4 30    0.0   35.0   12.5
1979  5  1    0.0   36.0   14.0
1979  5  2    0.0   32.0   19.0
1979  5  3    0.0   30.0    9.0
1979  5  4    0.0   28.0    8.0
1979  5  5    0.0   31.0    7.0
1979  5  6    0.0   36.0    8.0
1979  5  7    0.0   34.0   13.0
1979  5  8    0.0   33.0   15.0
1979  5  9    0.0   31.0    8.0
1979  5 10    0.0   31.0    8.0
1979  5 11    0.0   30.0    8.0
1979  5 12    0.0   31.0    8.0
1979  5 13    0.0   33.0   11.0
1979  5 14    0.0   35.0   11.0
1979  5 15    0.0   35.0   14.0
1979  5 16    0.0   28.0   14.0
1979  5 17    1.0   32.0    7.0
1979  5 18   14.0   23.0   12.0
1979  5 19    7.0   26.0   10.0
1979  5 20    0.0   27.0   14.0
1979  5 21    0.0   30.0    5.0
1979  5 22    0.0   30.0    9.0
1979  5 23    0.0   33.0   11.0
1979  5 24    2.0   34.0   12.0
1979  5 25    0.0   34.0   11.0
1979  5 26    0.0   28.0   11.0
1979  5 27    0.0   30.0   12.0
1979  5 28    0.0   31.0   10.0
1979  5 29    0.0   30.0   13.0
1979  5 30    0.0   32.0    6.0
1979  5 31    0.0   33.0   14.0
1979  6  1    0.0   29.0   19.0
1979  6  2    1.0   30.0   19.0
1979  6  3    1.0   30.0   17.0
1979  6  4    7.0   31.0   17.0
1979  6  5    0.0   29.0   16.0
1979  6  6    0.0   31.0   14.0
1979  6  7    0.0   34.0   17.0
1979  6  8    6.0   34.0   16.0
1979  6  9    0.0   32.0   14.0
1979  6 10    1.0   31.0   13.0
1979  6 11    0.0   26.0   14.0
1979  6 12    0.0   30.0   12.0
1979  6 13    0.0   30.0   10.0
1979  6 14    0.0   31.0   10.0
1979  6 15    0.0   35.0    9.0
1979  6 16    0.0   37.0    5.0
1979  6 17    0.0   35.0   20.0
1979  6 18    0.0   37.0   20.0
1979  6 19    0.0   35.0   20.0
1979  6 20    0.0   37.0   17.0
1979  6 21    0.0   39.0   16.0
1979  6 22    0.0   38.0   19.0
1979  6 23    0.0   40.0   20.0
1979  6 24    3.0   36.0   12.0
1979  6 25    0.0   33.0   15.0
1979  6 26    0.0   35.0   16.0
1979  6 27    0.0   31.0   16.0
1979  6 28    0.0   32.0   18.0
1979  6 29    0.0   35.0   16.0
1979  6 30    0.0   37.0   16.0
1979  7  1    0.0   39.0   18.0
1979  7  2    0.0   36.0   20.0
1979  7  3    0.0   32.0   14.0
1979  7  4    5.0   33.0   13.0
1979  7  5    0.0   34.0   15.0
1979  7  6    0.0   32.0   16.0
1979  7  7    0.0   37.0   16.0
1979  7  8    0.0   34.0   19.0
1979  7  9    0.0   37.0   17.0
1979  7 10    0.0   40.0   19.0
1979  7 11    0.0   38.0   19.0
1979  7 12    0.0   41.0   21.0
1979  7 13   19.0   36.0   15.0
1979  7 14    0.0   35.0   17.0
1979  7 15    0.0   35.0   18.0
1979  7 16    7.0   32.0   20.0
1979  7 17   10.0   33.0   18.0
1979  7 18    5.0   34.0   15.0
1979  7 19   45.0   30.0   15.0
1979  7 20    9.0   28.0   10.0
1979  7 21   24.0   24.0   15.0
1979  7 22    5.0   27.0   18.0
1979  7 23    6.0   34.0   10.0
1979  7 24    1.0   32.0   15.0
1979  7 25    0.0   27.0   18.0
1979  7 26    0.0   31.0   19.0
1979  7 27    0.0   27.0   17.0
1979  7 28    0.0   30.0   11.0
1979  7 29   10.0   29.0   15.0
1979  7 30    0.0   34.0   12.0
1979  7 31    3.0   32.0   15.0
1979  8  1    1.0   25.1   18.0
1979  8  2    0.0   27.0   14.0
1979  8  3   33.0   24.0   16.0
1979  8  4    3.0   20.0   14.0
1979  8  5   18.0   25.0   14.0
1979  8  6    0.0   29.0   13.0
1979  8  7    4.0   28.0   15.0
1979  8  8   14.0   24.0   12.0
1979  8  9   16.0   23.0   11.0
1979  8 10   26.0   28.0   12.0
1979  8 11    6.0   28.0   15.0
1979  8 12    0.0   29.0   14.0
1979  8 13    4.0   27.0   15.0
1979  8 14   14.0   24.0   14.0
1979  8 15    4.0   27.0   15.0
1979  8 16    0.0   26.0   14.0
1979  8 17    2.0   29.0   17.0
1979  8 18    5.0   30.0   12.0
1979  8 19    0.0   33.0   16.0
1979  8 20    0.0   31.0   15.0
1979  8 21    0.0   28.0   14.0
1979  8 22    0.0   32.0   12.0
1979  8 23    0.0   35.0   15.0
1979  8 24    0.0   36.0   12.0
1979  8 25    0.0   32.0   15.0
1979  8 26    0.0   30.0   13.0
1979  8 27    0.0   39.0   15.0
1979  8 28    0.0   33.0   17.0
1979  8 29    0.0   37.0   12.0
1979  8 30    5.0   30.0   16.0
1979  8 31    7.0   29.0   13.0
1979  9  1    0.0  -99.9  -99.9
1979  9  2    0.0  -99.9  -99.9
1979  9  3    0.0  -99.9  -99.9
1979  9  4    0.0  -99.9  -99.9
1979  9  5    0.0  -99.9  -99.9
1979  9  6    0.0  -99.9  -99.9
1979  9  7    0.0  -99.9  -99.9
1979  9  8    0.0  -99.9  -99.9
1979  9  9    0.0  -99.9  -99.9
1979  9 10    0.0  -99.9  -99.9
1979  9 11    0.0  -99.9  -99.9
1979  9 12    0.0  -99.9  -99.9
1979  9 13    0.0  -99.9  -99.9
1979  9 14    1.0  -99.9  -99.9
1979  9 15    9.0  -99.9  -99.9
1979  9 16    7.0  -99.9  -99.9
1979  9 17    0.0  -99.9  -99.9
1979  9 18    0.0  -99.9  -99.9
1979  9 19    0.0  -99.9  -99.9
1979  9 20    0.0  -99.9  -99.9
1979  9 21    0.0  -99.9  -99.9
1979  9 22    4.0  -99.9  -99.9
1979  9 23    0.0  -99.9  -99.9
1979  9 24    0.0  -99.9  -99.9
1979  9 25    0.0  -99.9  -99.9
1979  9 26    0.0  -99.9  -99.9
1979  9 27    0.0  -99.9  -99.9
1979  9 28    0.0  -99.9  -99.9
1979  9 29    0.0  -99.9  -99.9
1979  9 30    0.0  -99.9  -99.9
1979 10  1    0.0  -99.9  -99.9
1979 10  2    0.0  -99.9  -99.9
1979 10  3    0.0  -99.9  -99.9
1979 10  4    0.0  -99.9  -99.9
1979 10  5    0.0  -99.9  -99.9
1979 10  6    0.0  -99.9  -99.9
1979 10  7    0.0  -99.9  -99.9
1979 10  8    0.0  -99.9  -99.9
1979 10  9    0.0  -99.9  -99.9
1979 10 10    0.0  -99.9  -99.9
1979 10 11    0.0  -99.9  -99.9
1979 10 12    0.0  -99.9  -99.9
1979 10 13    0.0  -99.9  -99.9
1979 10 14    0.0  -99.9  -99.9
1979 10 15    0.0  -99.9  -99.9
1979 10 16    0.0  -99.9  -99.9
1979 10 17    0.0  -99.9  -99.9
1979 10 18    0.0  -99.9  -99.9
1979 10 19    0.0  -99.9  -99.9
1979 10 20    0.0  -99.9  -99.9
1979 10 21    0.0  -99.9  -99.9
1979 10 22    0.0  -99.9  -99.9
1979 10 23    0.0  -99.9  -99.9
1979 10 24    0.0  -99.9  -99.9
1979 10 25    0.0  -99.9  -99.9
1979 10 26    0.0  -99.9  -99.9
1979 10 27    0.0  -99.9  -99.9
1979 10 28    0.0  -99.9  -99.9
1979 10 29    0.0  -99.9  -99.9
1979 10 30    0.0  -99.9  -99.9
1979 10 31    0.0  -99.9  -99.9
1979 11  1    0.0  -99.9  -99.9
1979 11  2    0.0  -99.9  -99.9
1979 11  3    0.0  -99.9  -99.9
1979 11  4    0.0  -99.9  -99.9
1979 11  5    0.0  -99.9  -99.9
1979 11  6    0.0  -99.9  -99.9
1979 11  7    0.0  -99.9  -99.9
1979 11  8    0.0  -99.9  -99.9
1979 11  9   10.0  -99.9  -99.9
1979 11 10    0.0  -99.9  -99.9
1979 11 11    0.0  -99.9  -99.9
1979 11 12    0.0  -99.9  -99.9
1979 11 13    0.0  -99.9  -99.9
1979 11 14    0.0  -99.9  -99.9
1979 11 15    0.0  -99.9  -99.9
1979 11 16    5.0  -99.9  -99.9
1979 11 17    0.0  -99.9  -99.9
1979 11 18    0.0  -99.9  -99.9
1979 11 19    0.0  -99.9  -99.9
1979 11 20    0.0  -99.9  -99.9
1979 11 21    0.0  -99.9  -99.9
1979 11 22    0.0  -99.9  -99.9
1979 11 23    0.0  -99.9  -99.9
1979 11 24    0.0  -99.9  -99.9
1979 11 25    0.0  -99.9  -99.9
1979 11 26    0.0  -99.9  -99.9
1979 11 27    0.0  -99.9  -99.9
1979 11 28    0.0  -99.9  -99.9
1979 11 29    0.0  -99.9  -99.9
1979 11 30    0.0  -99.9  -99.9
1979 12  1    0.0   25.0    6.0
1979 12  2    0.0   27.0    4.0
1979 12  3    0.0   23.0    9.0
1979 12  4    0.0   24.0   11.0
1979 12  5    0.0   21.0    7.0
1979 12  6    0.0   27.0    6.0
1979 12  7    0.0   22.0    8.0
1979 12  8    0.0   22.0    5.0
1979 12  9    0.0   21.0    7.0
1979 12 10    0.0   19.0    7.0
1979 12 11    0.0   22.0    4.0
1979 12 12    0.0   25.0    5.0
1979 12 13    0.0   24.0    7.0
1979 12 14    0.0   25.0    7.0
1979 12 15    0.0   29.0   11.0
1979 12 16    0.0   21.0   12.0
1979 12 17    0.0   20.0    6.0
1979 12 18    1.0   19.0    5.0
1979 12 19    0.0   24.0    5.0
1979 12 20    2.0   19.0    5.0
1979 12 21    0.0   23.0    5.0
1979 12 22    0.0   22.0   10.0
1979 12 23    0.0   20.0    6.0
1979 12 24    0.0   24.0    5.0
1979 12 25    0.0   20.0    8.0
1979 12 26    0.0   28.0    4.0
1979 12 27    0.0   28.0    8.0
1979 12 28    0.0   27.0   14.0
1979 12 29    0.0   28.0   12.0
1979 12 30    0.0   21.0   11.0
1979 12 31    0.0   24.0    1.0
