1949 7 15 21 4
1949 8 9 18 4
1949 8 13 19 4
1950 11 14 0 4
1952 7 18 21 4
1952 12 15 -2 5
1954 1 4 -3 4
1954 10 7 19 5
1954 11 1 7 5
1955 3 12 9 4
1955 7 3 21 4
1955 10 14 9 4
1957 7 31 22 5
1958 8 4 22 4
1958 10 10 14 4
1960 8 10 20 5
1961 11 12 3 4
1961 12 21 -3 4
1962 7 3 20 4
1962 8 9 20 4
1962 12 17 2 4
1963 1 6 5 4
1963 6 22 22 6
1964 8 4 20 4
1964 8 23 20 4
1965 7 25 21 4
1965 11 26 8 5
1966 5 10 16 4
1967 1 22 -2 5
1967 6 7 19 4
1968 1 25 -3 4
1969 2 13 4 5
1969 5 15 12 4
1969 10 28 12 4
1970 3 2 7 4
1970 8 12 23 4
1970 12 7 3 4
1971 4 15 15 4
1971 6 16 18 4
1971 8 15 19 4
1971 10 4 17 4
1972 8 6 19 4
1972 8 10 18 4
1972 9 14 18 4
1973 4 25 8 4
1973 7 22 18 5
1973 10 8 14 4
1973 10 19 7 4
1973 11 17 3 4
1974 1 21 -1 4
1974 5 18 14 4
1974 7 26 18 4
1974 8 16 19 6
1974 9 23 15 4
1974 10 2 12 4
1974 10 21 5 4
1974 11 17 2 4
1975 7 5 18 4
1975 9 2 17 5
1975 9 28 6 4
1975 10 15 11 4
1975 12 7 -3 4
1975 12 11 -4 4
1976 2 14 5 4
1976 7 19 18 4
1976 11 6 1 4
1977 2 6 -1 4
1977 10 6 15 4
1978 4 24 6 5
1979 1 12 -4 4
1979 8 10 16 4
1980 8 28 18 4
1980 9 13 17 8
1981 1 14 6 4
1981 9 13 16 4
1982 1 22 9 4
1983 4 21 8 4
1984 1 30 -1 4
1984 7 9 18 4
1984 8 23 18 4
1985 11 8 4 4
1985 12 6 -1 5
1985 12 25 -3 4
1986 1 24 -1 4
1986 2 14 -2 4
1986 2 22 4 5
1986 6 7 20 4
1987 8 13 19 4
1988 3 2 5 6
1988 7 10 19 4
1988 11 9 6 4
1989 1 21 0 5
1989 9 11 19 4
1990 7 26 18 4
1991 7 1 21 4
1991 7 26 18 4
1991 8 9 18 5
1991 8 22 20 4
1992 7 29 19 8
1992 8 11 19 5
1993 6 28 21 4
1993 7 18 20 5
1993 7 24 20 4
1993 8 2 22 4
1993 8 11 20 4
1993 8 31 19 4
1994 10 23 7 4
1995 3 24 10 6
1995 7 12 18 4
1995 12 3 1 5
1995 12 14 0 4
1997 2 11 2 4
1997 3 15 6 4
1997 4 15 6 4
1997 5 25 15 5
1997 6 18 17 4
1997 8 15 20 6
1997 9 12 18 4
1997 10 4 15 4
1998 7 25 19 4
1998 9 30 20 4
1998 12 31 1 4
1999 8 21 17 5
1999 11 13 6 4
2000 1 21 4 4
