pc up
1982 1 11 20 8 2 6
1984 1 30 24 13 -1 14
1987 4 21 40 22 13 9
1953 5 26 33 35 24 11
1952 6 27 43.7 32 19 13
1981 6 28 38.2 32 17 15
1984 6 17 60.3 30 18 12
1951 7 13 60 32 21 11
1968 7 2 53.5 27 23 4
1987 7 13 45.5 40 20 20
1991 7 25 50 31 18 13
1991 7 27 49 30 17 13
1980 8 13 46 34 18 16
1991 8 10 53 30 19 11
1997 8 7 50 36 21 15
1958 9 9 54.7 30 21 9
1974 9 20 70 28 15 13
1970 10 1 45 27 14 13
1971 10 6 53.2 18 15 3
1977 10 2 44.2 35 19 16
1960 11 20 34.2 19 10 9
1980 11 15 34 21 2 19
1965 12 1 32 18 6 12
1986 12 21 26 13 2 11
tx up
tx low
1951 2 14 1.5 0 -3.5 3.5
1956 2 3 0 -1 -8 7
1959 4 12 0 10 10 0
1983 4 7 3.1 12 3 9
1996 4 6 0 10 4.5 5.5
1997 4 25 7.5 12 10 2
1979 6 10 7.2 22 16 6
1981 6 4 6.4 22 17 5
1990 6 21 0 0 NA NA
1970 9 26 30 13 13 0
1970 9 27 17.1 9 8 1
1970 9 28 0.5 15 8 7
1979 9 15 28.3 15 12 3
1991 9 20 18 13 10 3
1957 10 26 0 12 9 3
1958 10 29 0.5 11 8 3
1958 10 30 0.7 9 5 4
1964 10 19 0 12 8 4
1967 10 30 0 13 8 5
1976 10 28 4 12 6 6
1981 10 23 2 12 8.5 3.5
1993 10 30 0 10 0.5 9.5
1993 10 31 0 10 1 9
1955 11 8 5.5 4 1 3
1957 11 23 0.3 4 -2 6
1969 11 28 0.3 4 2 2
1980 11 16 4.1 4 0 4
tn up
tn low
2000 8 14 0 33.5 11.5 22
2000 8 17 2 33.5 11.5 22
2000 8 31 0 31.5 11.5 20
tr up
tr low
