1949 12 1 6 4
1950 11 2 6 4
1952 9 14 19 4
1953 9 29 11 4
1954 6 11 23 4
1955 5 31 18 4
1955 8 28 18 4
1956 7 29 23 4
1956 10 10 11 4
1956 10 21 6 5
1957 10 4 11 4
1957 12 22 -2 4
1958 6 13 24 5
1958 6 22 21 4
1958 7 24 25 4
1958 10 25 14 4
1959 5 9 9 4
1959 5 17 18 4
1960 1 21 -5 4
1960 6 30 24 4
1960 11 1 5 4
1960 12 3 3 4
1961 5 2 11 5
1961 9 11 18 4
1962 6 17 18 4
1962 8 19 17 4
1963 7 23 23 5
1964 3 25 10 4
1964 11 18 11 4
1966 7 24 23 5
1966 9 23 14 4
1966 11 18 8 4
1967 4 30 18 4
1967 8 26 19 4
1968 6 8 15 5
1968 8 23 19 5
1968 9 18 15 4
1969 5 5 10 4
1969 5 25 17 4
1969 7 26 21 4
1969 8 2 23 4
1969 8 7 23 4
1970 6 9 16 4
1970 8 3 21 5
1970 9 1 19 4
1970 9 5 21 4
1971 5 29 18 4
1971 6 8 16 5
1971 8 30 18 4
1972 6 22 20 4
1973 5 25 15 4
1973 7 9 21 4
1973 9 26 17 5
1973 11 14 3 4
1974 7 3 22 5
1974 9 11 14 4
1974 10 4 15 5
1974 11 1 2 4
1975 7 20 19 4
1975 8 15 17 4
1975 9 20 16 4
1976 3 3 5 4
1976 7 8 18 4
1976 8 26 17 4
1977 5 8 10 5
1977 7 28 20 4
1977 8 5 17 4
1977 9 30 15 4
1977 10 20 6 4
1977 11 16 1 5
1978 5 1 11 4
1978 7 12 19 7
1980 6 20 21 6
1980 7 8 24 10
1980 7 31 23 4
1983 1 10 -2.5 4
1983 6 12 18 4
1983 9 10 19.5 5
1983 10 8 15.5 4
1988 4 29 10 4
1988 8 17 19 4
1989 7 8 21 4
1991 7 1 21 7
1992 6 28 21 4
1992 9 8 19 4
1992 10 4 6 4
1994 3 7 8 4
1994 10 23 7 4
1997 6 21 18 4
1997 8 20 19 4
1997 8 26 18 4
1997 9 11 18 4
1998 3 25 6 4
1998 5 27 14 4
1998 9 1 17 4
1998 9 13 14 4
