1961 1 11 -1 4
1961 7 17 19 6
1962 6 7 16 4
1962 7 10 18 4
1962 8 21 18 4
1962 9 22 15 4
1962 12 11 0 4
1963 2 8 3 5
1963 3 13 3 5
1963 6 19 19 4
1963 7 25 20 5
1963 9 3 17 4
1963 11 11 2 4
1964 3 4 -1 4
1964 7 21 13 5
1964 7 29 11 7
1964 9 28 11 7
1964 10 11 7 4
1964 12 31 3 4
1965 5 17 12 4
1965 9 7 17 5
1965 10 9 5 7
1965 10 25 4 4
1965 11 21 6 4
1966 3 29 7 4
1966 6 28 17 4
1967 3 1 6 4
1967 12 8 3 4
1968 5 8 12 4
1968 5 16 13 4
1969 9 18 15 4
1969 12 23 -1 4
1970 1 17 -2 4
1970 1 27 0 4
1970 6 27 16 4
1970 7 15 17 4
1970 8 2 17 4
1970 8 26 14 5
1970 9 11 14 5
1971 4 30 8 4
1971 12 23 -2 4
1972 4 5 4 4
1972 8 22 14 4
1972 10 15 10 4
1972 11 23 -3 4
1973 7 13 14 4
1973 10 8 10 4
1973 10 22 4 5
1974 7 17 14 4
1974 9 23 13 10
1974 11 6 3 5
1975 1 3 -3 4
1975 6 22 18 4
1975 7 19 15 8
1975 8 17 15 4
1975 8 21 14 4
1975 9 12 15 4
1975 9 27 4 5
1976 3 24 5 4
1976 7 5 15 5
1976 7 15 15 8
1976 8 14 13 4
1976 9 8 13 4
1976 9 21 12 5
1976 11 6 0 4
1976 11 23 0 4
1977 6 12 13 6
1977 8 18 15 4
1977 9 11 15 4
1977 10 2 15 5
1978 7 6 21 4
1979 3 20 8 9
1979 9 9 17 6
1979 9 21 12 5
1979 9 30 11 4
1979 10 4 12 4
1979 10 9 12 4
1980 2 18 7 4
1980 7 31 22 4
1980 9 10 18 4
1981 6 26 21 6
1981 7 3 19 5
1981 7 20 20 6
1981 7 28 20 4
1981 8 22 19 5
1981 9 4 19 5
1981 9 8 18 4
1981 9 16 17 4
1981 10 8 16 5
1981 10 22 12 4
1981 11 9 8 5
1982 3 24 9 5
1982 7 20 20 6
1982 7 28 19 4
1982 8 3 20 6
1982 8 28 18 4
1982 10 16 9 5
1982 10 27 10 6
1983 1 19 6 5
1983 6 18 16 4
1983 8 8 20 7
1983 9 2 18 4
1983 10 26 12 4
1983 10 30 10 4
1983 11 14 6 5
1983 11 28 -2 4
1984 6 17 18 5
1984 7 9 17 4
1984 7 19 19 4
1984 8 30 17 4
1985 2 9 -1 4
1985 7 2 15 5
1985 8 18 18 4
1985 9 17 17 4
1985 9 22 16 5
1985 10 16 12 6
1986 4 2 10 6
1986 6 14 19 7
1986 7 2 19 5
1986 7 21 15 4
1986 7 28 19 4
1986 9 7 17 4
1987 1 23 -5 5
1987 1 28 0 4
1987 5 10 13 4
1987 6 12 16 6
1987 6 26 19 4
1987 6 30 18 4
1987 7 5 20 5
1987 7 18 18 5
1987 8 20 19 4
1987 10 8 10 5
1987 10 18 13 5
1987 12 12 2 4
1988 7 17 20 4
1988 7 28 18 4
1988 8 8 18 5
1988 10 6 10 4
1989 2 21 6 4
1989 6 16 19 5
1989 6 27 19 4
1989 7 4 22 5
1989 8 13 19 5
1989 9 8 18 5
1989 9 30 8 4
1990 7 19 20 5
1991 1 13 -1 4
1991 5 16 15 5
1991 6 27 21 4
1991 8 10 18 4
1991 9 9 20 4
1991 12 27 2 5
1992 3 26 6 4
1992 4 29 13 4
1992 5 12 12 4
1992 9 10 18 7
1992 9 19 17 4
1992 9 30 14 4
1992 10 17 13 6
1993 1 12 7 5
1993 5 11 13 5
1993 8 4 21 5
1993 8 8 20 4
1993 9 24 18 4
1993 10 18 12 6
1994 2 16 4 4
1994 6 18 21 4
1995 3 3 6 4
1995 4 30 13 4
1995 8 19 19 4
1995 9 6 19 5
1995 9 17 19 4
1995 10 7 12 4
1995 11 25 4 7
1995 12 13 3 4
1995 12 22 1 7
1996 2 11 6 4
1996 5 12 18 5
1996 6 11 20 4
1996 7 18 19 5
1996 7 24 21 6
1996 8 3 22 4
1996 8 10 19 5
1996 8 24 17 4
1996 11 5 11 6
1997 1 11 -6 4
1997 5 3 13 4
1997 7 30 19 5
1997 8 7 21 5
1997 8 14 18 7
1997 8 30 17 5
1997 9 17 18 6
1997 9 22 18 4
1997 9 28 16 5
1997 11 24 3 5
1998 3 22 6 5
1998 5 2 13 4
1998 10 20 14 4
1999 2 25 6 5
1999 6 23 18 4
1999 7 27 19 5
1999 8 17 18 4
1999 9 11 19 5
1999 9 25 16 5
1999 10 22 5 5
1999 11 14 1 4
2000 4 14 11 4
2000 6 1 18 4
2000 7 5 19 4
2000 7 15 20 4
2000 8 3 18 4
2000 8 29 17 4
2000 9 8 18 7
2001 3 23 3 4
2001 7 15 20 6
2001 7 21 18 4
2001 8 10 20 4
2001 8 22 20 4
2001 9 1 18 5
2001 9 30 15 4
2002 1 24 6 4
2002 6 26 20 4
2002 7 21 19 4
2002 7 27 18 5
2002 10 21 12 4
2002 12 24 6 4
2003 3 23 3 4
2003 7 15 20 4
2003 8 10 20 4
2003 8 22 20 4
2003 9 1 18 5
2003 10 1 15 5
2004 6 12 19 4
2004 8 7 20 4
2004 8 14 19 4
2004 8 31 17 4
2004 9 21 19 5
2004 10 8 14 4
2004 11 20 4 4
2005 6 9 15 7
2005 7 24 20 5
2005 8 14 18 4
2005 9 7 19 4
2005 10 3 16 6
2005 10 24 12 4
2005 12 26 4 4
2006 4 14 15 4
2006 6 2 17 4
2006 8 20 17 5
2006 8 26 18 6
2006 9 15 18 4
2006 9 23 16 4
2006 11 22 4 4
2007 3 27 7 4
2007 4 2 7 4
2007 5 20 15 5
2007 6 10 19 6
2007 6 25 19 4
2007 9 28 18 4
2007 10 7 18 7
2007 10 22 9 4
2007 11 2 6 5
2008 3 20 2 4
2008 8 21 18 5
2008 9 6 17 5
2008 10 29 8 4
2009 9 4 17 4
2009 10 7 15 4
2009 10 21 14 4
2009 10 26 10 4
2010 6 21 20 5
2010 7 19 22 4
2010 8 11 21 4
2010 8 19 20 5
2010 10 13 13 6
2011 3 17 9 4
2011 4 26 14 5
2011 6 25 21 5
2011 6 30 22 5
2011 7 9 21 5
2011 7 13 20 4
2011 8 4 20 5
2011 9 1 20 5
2011 9 22 18 4
2011 10 12 12 4
2011 12 5 1 4
2012 4 23 14 4
2012 7 8 19 6
2012 7 15 20 4
2012 8 31 19 6
2013 5 21 16 4
2013 7 15 20 6
