pc up
1985 1 12 30 4 -2 6
1992 1 10 30 8 4 4
2013 1 8 23 10 1 9
2002 5 13 33 30 14 16
2005 5 26 34 31 21 10
1996 6 25 56 34 18 16
1990 7 24 92 31 18 13
1993 7 25 51.5 36 19 17
2002 7 12 73 28 18 10
2002 7 29 46 34 20 14
2008 7 8 46 31 21 10
2010 7 10 47.8 29 19 10
2013 7 17 61 36 18 18
2013 7 18 55 35 17 18
2013 7 19 47.5 30 16 14
1988 8 2 56 33 18 15
2002 8 18 56 26 18 8
2006 8 28 113 27 17 10
1968 9 9 64.5 26 16 10
1980 9 27 53 23.5 18 5.5
2013 9 19 59 20 18 2
1998 10 21 48 27 12 15
2000 10 9 48 6 3 3
2004 11 14 40 15 4 11
2004 11 15 48 11 7 4
tx up
tx low
1962 1 10 0 -6 -9 3
2011 2 5 0 -6 -14 8
1980 4 13 0 13.5 0 13.5
1982 4 22 5 14.5 9 5.5
1983 4 7 1 10 2 8
1983 4 8 0 14 3 11
1996 4 6 0 14 3 11
1997 4 25 9 13 7 6
1997 4 26 0 15 6 9
1966 5 2 1 19 10 9
1966 5 3 3.5 18 10 8
1987 5 18 24 19 15 4
2008 5 16 7 16 14 2
1970 9 27 28 12 4 8
1991 9 20 10 12 10 2
1967 10 30 0 12 3 9
1976 10 28 4.5 12 4 8
1993 10 31 0 11 NA NA
2000 10 9 48 6 3 3
2000 10 10 8 7 -7 14
1980 11 16 7.5 2 1.5 0.5
2013 11 27 0 3 -9 12
tn up
tn low
1964 8 2 0 32 10 22
1964 8 4 0 32 10 22
1964 8 13 0 33 10 23
1964 8 17 0 31 10 21
1971 8 2 0 30 10 20
1973 8 24 0 35 10 25
1987 8 10 0 31 10 21
tr up
2010 6 8 14 44 8 36
1971 7 8 0 39 12 27
1972 7 1 0 41 13 28
1973 7 3 0 38 10 28
tr low
1967 4 12 0 23 21 2
1981 4 22 6.5 16 12 4
1982 4 22 5 14.5 9 5.5
2004 4 27 14 19 14 5
1987 5 18 24 19 15 4
2008 5 16 7 16 14 2
1990 7 22 1 23.5 20 3.5
1991 7 28 32.5 22 18 4
2007 7 22 33 24 20 4
