1961 4 27 10 4
1961 9 11 17 6
1963 5 23 19 6
1963 7 15 20 4
1963 8 24 18 4
1963 10 9 10 5
1963 10 22 12 4
1964 11 18 9 6
1965 10 11 9 19
1965 10 17 6 5
1966 4 30 17 4
1966 7 19 18 5
1966 11 10 5 4
1968 8 11 20 4
1968 8 23 17 4
1968 12 27 8 4
1969 8 6 21 5
1970 8 30 14 5
1970 10 27 4 5
1971 4 27 8 4
1971 10 30 8 4
1972 5 20 14 4
1973 7 6 17 6
1973 10 19 4 5
1974 6 8 15 4
1974 6 26 18 4
1974 10 8 9 5
1975 5 24 11 5
1975 7 9 14 4
1976 2 15 1 4
1976 3 24 5 4
1976 10 17 4 4
1977 5 19 11 4
1978 7 19 21 7
1979 10 14 13 4
1981 6 13 22 5
1981 7 24 22 4
1981 8 17 18 4
1981 8 25 15 4
1983 5 12 12 6
1983 12 21 2 5
1984 9 8 18 5
1985 11 12 11 4
1986 6 8 19 4
1986 7 29 18 4
1987 9 13 17 4
1988 2 17 6 4
1988 8 1 18 4
1988 8 15 19 4
1988 11 15 10 7
1989 4 5 11 4
1991 5 12 15 4
1992 10 15 13 4
1993 1 11 7 4
1993 7 31 21 4
1993 8 21 20 6
1993 8 28 20 4
1994 11 19 13 4
1995 10 17 8 4
1996 5 22 21 4
1996 10 22 5 7
1997 6 21 19 4
1997 8 14 18 4
1997 9 11 17 4
1997 9 16 18 5
1998 11 27 7 4
1999 6 21 18 5
2002 9 30 16 4
2002 11 22 -1 4
2004 8 26 18 4
2005 9 19 18 4
2006 3 5 9 4
2006 7 21 20 4
2006 9 23 16 5
2007 4 6 13 4
2007 8 15 18 4
2008 6 15 23 4
2008 8 8 19 7
2008 9 30 12 4
2009 3 15 6 4
2009 6 3 12 4
2010 5 10 21 4
2011 1 26 -1 4
2011 4 1 11 4
2011 4 10 14 4
2011 5 6 12 4
2011 6 4 19 5
2012 4 11 13 4
2012 5 12 15 4
2012 6 21 21 4
2012 11 2 12 5
2013 7 17 18 5
2013 8 23 17 4
