1964 8 25 14 4
1965 5 29 15 4
1966 7 17 14 4
1966 8 17 9 4
1967 12 20 -3 4
1968 8 15 11 4
1968 10 3 8 4
1968 10 30 1 5
1969 3 23 -3 4
1969 8 25 12 4
1970 6 6 7 4
1970 8 11 7 4
1975 3 11 11 4
1975 6 18 19 4
1975 10 12 23 4
1975 11 5 -5 4
1976 7 9 19 4
1977 7 15 18 5
1977 8 7 15 4
1978 2 15 -3 4
1978 7 21 20 4
1978 7 26 18 4
1979 8 27 11 4
1980 5 28 8 4
1980 7 14 14 5
1981 8 20 16 4
1981 8 26 12 5
1981 10 1 15 4
1981 10 5 12 4
1981 12 27 10 4
1982 1 31 -4 4
1982 6 26 18 4
1982 12 31 4 4
1984 3 18 6 4
1984 5 13 24 5
1985 8 3 20 4
1986 4 16 6 5
2003 3 3 -3 4
2003 4 7 -2 4
2003 4 12 -2 4
2003 6 11 9 4
2003 9 28 7 4
2005 8 22 11 4
2005 10 7 11 4
2006 3 3 -1 4
2006 6 21 11 5
2007 3 9 -3 4
2010 2 23 1 4
2011 4 20 1 6
2011 6 16 10 4
2011 6 28 10 4
