pc up
1982 1 11 30 6 2.5 3.5
2004 1 15 26 22 11 11
1983 2 25 17.5 25 6.5 18.5
1992 2 4 17.5 NA NA NA
1997 2 20 26 NA NA NA
2004 3 22 30 21 12 9
2013 5 13 58 28.5 11 17.5
1973 7 26 107.9 28 12 16
1991 7 22 61.5 NA NA NA
2013 7 17 57.5 26 22.5 3.5
1967 8 30 62.7 21.1 17.5 3.6
1978 8 4 90 32 19 13
1996 8 29 68 NA NA NA
1978 9 25 66.5 22.5 18 4.5
1985 10 16 56.5 25.5 16 9.5
1986 10 4 65 33 14 19
2003 10 9 66 26 15.5 10.5
2003 10 11 50 29 17 12
2004 11 15 58 10 8 2
2004 11 16 56 20 9 11
1986 12 21 38 9.5 4 5.5
tx up
tx low
2011 2 4 0 -5 -10 5
1989 3 7 0 2 -4 6
1973 4 5 0 12 1.5 10.5
1980 4 12 0.3 15 13.5 1.5
1980 4 13 0 10 3 7
1982 4 22 0 13 9.5 3.5
1983 4 7 4 8 4 4
2007 4 7 1 12.5 10.5 2
1970 9 26 14.9 13.8 13.5 0.300000000000001
1970 9 27 9.5 8.5 6.5 2
1970 9 28 0 12.9 6.5 6.4
1979 9 15 28.2 14.5 12 2.5
1979 9 16 4.3 15.5 12 3.5
1976 10 28 0 9 5.5 3.5
tn up
tn low
1972 6 1 0 30 6.1 23.9
1972 6 2 0 32 7.9 24.1
1972 6 4 0 39 7.2 31.8
1972 6 7 8 23 7 16
1972 6 8 3.9 29 6.5 22.5
1972 6 9 0 30 6.5 23.5
1972 6 10 0 39 7.5 31.5
1972 6 12 16 35.1 7.9 27.2
1972 6 13 0 33 7 26
1972 6 14 0 34.1 6.9 27.2
1972 6 15 0 38 7 31
1985 6 5 0 34 7.5 26.5
1973 7 29 0 28 6 22
1973 7 31 18 26 6.9 19.1
1973 8 1 5 29 6 23
1973 8 2 0 28 8 20
1973 8 3 0 29.5 7 22.5
1973 8 4 0 29 7 22
1973 8 5 0.1 30 6.5 23.5
1973 8 6 0 31 7 24
1973 8 7 0 31 8 23
1973 8 8 0 31 8 23
1973 8 9 0 30 9 21
1973 8 10 0 30 8.5 21.5
1973 8 11 0 29 9.5 19.5
1973 8 12 0 30 8 22
1973 8 13 0 31 7 24
1973 8 14 0 32 9.5 22.5
1973 8 16 0 33 10 23
1973 8 20 0 34 7 27
1973 8 21 0 35 9 26
1973 8 23 0 36.9 10 26.9
1973 8 24 0 35 9.5 25.5
1973 8 25 0 37 10 27
1973 8 28 0 34 10 24
1973 8 30 10 34 9 25
1973 8 31 0 33.5 8 25.5
1986 8 20 0 38.5 7.5 31
1986 8 21 0.1 40 7.5 32.5
tr up
1973 7 2 0 45 14.5 30.5
1974 7 1 0 41.5 9.5 32
1974 7 2 0 42 11.5 30.5
1974 7 3 0 40 10 30
1986 8 20 0 38.5 7.5 31
1986 8 21 0.1 40 7.5 32.5
tr low
