1964 12 23 2 4
1969 2 25 1.5 4
1972 2 18 3 4
1972 6 23 21 4
1972 7 13 18 4
1972 7 25 19 5
1972 8 17 19 4
1972 9 20 18 5
1972 11 28 1.5 4
1974 4 24 7 5
1974 11 6 7 4
1977 2 22 4 4
1977 3 8 1 4
1977 5 2 15 4
1977 5 27 17 4
1977 10 23 13 5
1977 12 7 3 4
1978 1 15 2 4
1978 2 17 1 4
1978 2 23 2 4
1978 3 17 4 4
1978 4 2 13 4
1978 7 3 20 5
1978 8 12 19 4
1978 8 28 19 4
1978 10 17 10 4
1979 8 7 20.5 4
1979 8 17 19 4
1979 10 4 13.5 4
1979 10 27 8.5 5
1979 12 4 -2 4
1980 8 3 23 4
1981 1 24 -1 5
1981 2 7 2 4
1981 6 26 24 4
1983 8 30 22 4
1983 10 3 18.5 4
1983 10 24 12 4
1984 7 29 18 4
1984 11 22 3 4
1984 12 25 5 4
1985 10 26 10 4
1985 12 5 2 4
1986 10 16 8 4
1987 4 2 1 7
1987 6 20 20 4
1987 6 30 18 4
1994 1 6 -2.5 4
2001 1 21 -1 4
2003 5 8 16 5
2003 8 11 24 6
2003 8 16 21 4
2004 8 31 21 5
2005 3 6 10 4
2005 7 27 23 4
2006 4 22 13 4
2006 8 14 21 5
2007 2 11 6 4
2007 8 6 19 6
2007 8 28 22 4
2007 9 2 21 5
2007 9 19 19 4
2009 10 19 14 4
2010 2 23 5 4
2010 5 22 18 4
2010 8 30 21 4
2011 7 10 24 4
2012 4 28 18 4
2012 6 8 21 5
2012 7 7 20 4
2012 7 17 23 4
2012 9 1 20 4
2012 9 6 22 4
2012 10 7 15 4
2012 10 23 15 4
2013 6 7 23 4
2013 8 29 19 4
2013 9 13 19 5
2013 11 9 10 6
