pc up
1979 1 25 54 16.5 0 16.5
1982 1 11 39.5 12 2.5 9.5
1985 1 12 41.3 4.5 1 3.5
1986 1 12 41.3 4.5 -2 6.5
1993 5 11 38.8 13 6.5 6.5
2010 6 30 105 NA 12 NA
1983 7 15 54.5 21 10 11
1993 7 23 55 20 14 6
1993 8 28 74.5 15.5 6.5 9
tx up
tx low
1981 4 23 20.2 5.5 -5.5 11
1983 4 7 4.5 4 0 4
1983 4 8 0 4.5 -13.5 18
2000 4 1 0 4 -1.5 5.5
1997 12 11 0 -5 -8.5 3.5
1997 12 12 0 -9 -10 1
1997 12 13 0 -1 -15 14
1999 12 12 0 -1 -5 4
tn up
tn low
1975 6 5 0 25 -10 35
1975 6 6 0 27 -9 36
1975 6 7 1 24 -7 31
1975 6 13 0 24 -6.5 30.5
1975 6 17 0 26 -6.5 32.5
1975 6 19 0 26.5 -7 33.5
1975 6 20 0 26 -8.5 34.5
1975 6 23 0 21.5 -6.5 28
1975 6 26 5 21.5 -7 28.5
1975 6 28 0 25 -9 34
1975 7 1 10 25.5 -7 32.5
1975 7 2 21 18 -8 26
1975 7 3 2.5 18.5 -8 26.5
1975 7 4 0 21 -6 27
1975 7 5 0 21.5 -8.5 30
1975 7 6 33 20 -7 27
1975 7 7 21.5 19 -8 27
1975 7 8 5.5 20 -5 25
1975 7 9 0 21 -5 26
1975 7 10 0 23 -5 28
1975 7 11 0 23 -5 28
1975 7 12 0 23.5 -10 33.5
1975 7 13 0 20.5 -10 30.5
1975 7 14 34 18 -10 28
1975 7 15 6.5 17.5 -7.5 25
1975 7 16 3 20 -5.5 25.5
1975 7 17 1.5 20 -5 25
1975 7 18 3 21 -8 29
1975 7 19 26.5 20.5 -7 27.5
1975 7 20 30 21 -8 29
1975 7 21 4.5 21.5 -9 30.5
1975 7 22 4.5 19 -4.5 23.5
1975 7 23 0 21 -6 27
1975 7 24 7 23.5 -9 32.5
1975 7 25 2.5 20 -10 30
1975 7 26 7 19 -8 27
1975 7 27 9.5 19 -5 24
1975 7 28 8 19 -9 28
1975 7 29 10.5 18 -8 26
1975 7 30 11.5 17.5 -7 24.5
1975 7 31 5 20 -7 27
1975 9 4 3.5 23 -9 32
1975 9 5 10 19 -9 28
1975 9 6 4 17.5 -8 25.5
1975 9 11 0 21 -8 29
1975 9 13 5.5 21.5 -9 30.5
1975 9 14 0 17.5 -9 26.5
tr up
1975 7 1 10 25.5 -7 32.5
1975 7 12 0 23.5 -10 33.5
1975 7 24 7 23.5 -9 32.5
1975 9 4 3.5 23 -9 32
tr low
