1975 7 11 -5 4
1976 6 18 9 5
1977 6 18 4.5 4
1978 7 11 5 4
1978 8 10 8 4
1978 9 25 9.5 4
1978 10 30 2 4
1979 8 14 8 4
1979 10 6 1 4
1980 2 7 -8 5
1980 9 20 2.5 5
1983 10 24 -0.5 4
1984 11 17 -4.5 4
1990 5 26 15 6
1990 6 7 15 5
1990 6 28 15 4
1990 7 14 15 9
1990 8 12 10 6
1990 8 24 10 9
1990 9 2 10 4
1990 12 31 5 4
1991 5 22 14 4
1996 4 1 5 4
1996 9 13 9 4
2000 3 13 -1 4
2000 9 15 6 4
2000 9 29 5 4
2000 11 2 1 4
2001 8 20 10 4
2001 11 14 -1 5
2002 9 22 5 4
2002 10 13 3 4
2003 10 6 5 4
2004 12 2 -4 4
2005 7 23 8 4
2006 8 12 9 4
2006 12 15 -7 4
2009 10 5 7 4
2010 3 31 -3 4
2013 7 21 14 4
2013 10 23 0 6
