pc up
1966 1 3 42 NA NA NA
1979 1 24 52 NA NA NA
1982 1 11 39 NA NA NA
1985 1 12 40 NA NA NA
1958 5 1 42 NA NA NA
1968 7 28 80 NA NA NA
1983 7 15 64 NA NA NA
tx up
1920 6 1 0 26 8 18
1920 6 2 0 29 6 23
1920 6 3 8 26 5 21
1920 6 11 0 28 8 20
1920 6 13 0 28 7 21
1920 6 14 0 27 7 20
1920 6 15 5 28 5 23
1920 6 16 2 27 6 21
1920 6 17 0 27 8 19
1920 6 19 0 26 5 21
1920 6 20 0 26 7 19
1920 6 28 0 26 5 21
1920 6 29 0 27 6 21
1920 7 1 0 25 6 19
1920 7 2 2.4 25 8 17
1920 7 9 0 25 6 19
1920 7 10 0 25 7 18
1920 7 19 0 25 10 15
1920 7 21 24 25 9 16
1920 7 25 0 25 7 18
1920 7 31 0.5 25 6 19
1920 9 26 0 25 7 18
1920 9 27 0 24 8 16
1920 9 28 0 23 6 17
1920 10 7 0 21 4 17
1920 10 10 0 21 -4 25
1920 10 11 0 22 -3 25
1920 10 13 3 21 -2 23
1920 10 16 0 22 6 16
1920 10 17 0 21 -2 23
1920 10 19 0 21 -2 23
