pc up
1984 1 30 35.5 10 -2 12
1973 2 20 26 11 3 8
2004 3 29 26 17 10 7
1977 6 2 71 31 17 14
1999 6 14 48 34 13 21
1961 7 31 140 30 20 10
1987 7 19 57 30 18.5 11.5
1988 7 9 86 32 17 15
2010 7 26 58 30 17.5 12.5
1983 8 10 58 30 18 12
2008 9 11 62 29 16 13
1962 10 8 58 34 18 16
1986 10 5 44 29 16 13
2008 10 13 42 30 14 16
1972 11 24 30 15 5 10
tx up
tx low
1973 4 3 0 11 2 9
1973 4 4 0 12 4 8
1970 5 4 0 18 7.5 10.5
1970 5 5 0 17 10.5 6.5
1971 5 13 0 18 9 9
1973 5 15 0 19 13 6
1987 5 18 7 17 15 2
2008 5 16 10.5 14 13 1
2007 8 31 15 15 15 0
2001 11 29 10 -2 -8 6
tn up
tn low
1962 7 4 0 35 10 25
1991 7 13 0 30 8 22
1995 7 1 21 31 2 29
2004 7 26 9 33 10 23
1984 9 23 0 27 4 23
tr up
tr low
1987 5 18 7 17 15 2
2008 5 16 10.5 14 13 1
2007 8 31 15 15 15 0
