1961 7 15 17 4
1962 7 2 14 4
1962 11 14 2 4
1962 11 18 3 4
1962 11 30 3 4
1962 12 20 2 4
1963 2 3 5 4
1963 5 28 16 6
1963 8 10 16 4
1963 8 29 18 4
1964 6 28 15 4
1964 9 11 15 4
1965 5 5 10 4
1965 6 23 17 4
1965 7 10 17 4
1965 7 27 15 6
1965 8 1 16 4
1965 8 23 15 4
1965 9 27 16 4
1966 6 30 19 4
1966 8 3 20 4
1966 8 23 19 5
1966 8 31 18 6
1966 11 24 5 4
1966 12 18 -4 4
1967 8 14 20 4
1967 9 16 17 4
1968 6 13 24 4
1968 7 8 17 5
1970 1 2 -7 4
1972 1 16 0 5
1972 10 6 13 4
1973 3 31 3 4
1973 6 28 18 4
1973 7 8 18 4
1973 7 31 18 4
1973 9 2 18 5
1973 10 24 5 4
1974 1 31 -3 4
1974 6 18 16 4
1974 8 20 18 4
1974 11 4 5 4
1975 2 11 3 5
1975 7 16 17 4
1975 8 23 17 4
1975 8 30 18 4
1975 12 17 5 4
1976 1 6 -5 4
1976 1 23 1 4
1976 2 16 6 6
1976 6 20 18 4
1976 7 3 18 5
1976 8 26 16 4
1976 8 31 15 4
1976 12 18 2 5
1977 1 19 -1 5
1977 2 7 1 4
1977 7 5 18 4
1977 11 21 5 4
1978 9 2 16 4
1978 10 3 11 5
1979 2 1 0 4
1979 4 24 11 5
1979 8 18 17 7
1979 8 26 16 4
1979 11 30 -1 4
1980 7 4 19 4
1980 8 17 18 4
1980 11 9 5 4
1981 1 4 1 5
1981 8 11 17 4
1981 9 15 16 4
1982 2 18 3 4
1982 7 13 19 4
1982 9 18 16 6
1982 10 24 10 4
1982 10 28 8 4
1982 11 2 6 4
1983 1 10 -1 4
1983 1 30 1 5
1984 1 28 -1 5
1984 3 31 5 4
1984 5 15 15 5
1984 5 29 16 4
1984 7 9 16 4
1984 7 29 15 4
1984 12 12 6 4
1985 5 5 16 4
1985 7 19 19 4
1985 12 5 2 4
1986 7 4 20 6
1986 10 2 19 4
1987 8 15 17 4
1987 10 30 11 5
1988 2 4 5 4
1988 3 25 5 4
1988 7 17 19 5
1988 7 27 16 4
1988 8 7 17 4
1988 10 16 11 4
1988 10 28 11 6
1988 12 22 5 4
1989 1 21 3 4
1989 3 18 11 4
1989 7 25 19 6
1990 5 11 10 5
1990 5 20 15 6
1990 6 17 18 4
1990 6 22 19 5
1990 7 1 20 6
1990 7 10 18 4
1990 8 1 17 9
1990 8 25 16 7
1990 9 16 12 4
1991 1 18 1 4
1991 2 18 5 4
1991 3 21 7 4
1991 5 23 18 4
1991 7 3 19 4
1991 7 31 16 4
1991 8 16 17 6
1991 8 22 17 4
1991 9 10 17 5
1991 10 28 10 4
1992 1 5 4 4
1992 3 19 2 4
1992 8 9 18 4
1993 7 16 19 5
1993 8 5 19 6
1993 8 20 18 4
1993 9 12 17 7
1994 1 6 1 5
1994 6 30 15 4
1994 10 18 10 4
1994 11 1 7 4
1994 12 19 5 4
1995 8 26 17 4
1995 9 10 14 4
1995 9 21 17 5
1995 10 7 11 4
1995 12 26 -3 4
1996 3 25 7 4
1996 5 28 11 4
1996 7 4 17 6
1996 8 17 15 4
1996 10 15 8 5
1997 2 26 2 4
1998 7 3 20 4
1999 3 3 3 4
1999 6 28 20 4
1999 9 9 17 5
2000 5 25 14 4
2000 6 25 17 4
2000 7 19 15 5
2000 8 25 14 5
2000 12 16 -1 4
2001 7 25 15 6
2001 10 9 8 4
2001 10 21 3 4
2002 3 17 1 5
2003 2 1 4 4
2003 12 27 1.5 5
2004 6 26 15 4
2004 8 10 18 7
2004 8 31 17 4
2005 7 18 17 4
2005 9 27 11 5
2006 3 31 6 5
2006 6 25 17 4
2006 9 27 12 6
2006 12 5 2 4
2007 6 23 15 4
2007 8 21 14 6
2007 9 7 14 6
2008 8 11 15 9
2008 9 10 15 5
2008 9 22 12 4
2009 8 27 15 4
2011 7 15 16 4
