1961 5 21 17 4
1962 2 27 4 4
1962 5 7 10 4
1962 9 19 15 4
1962 11 10 5 5
1962 11 23 4 4
1963 10 7 7 5
1964 7 16 19 4
1964 7 27 18 5
1965 5 9 10 4
1966 7 26 21 4
1966 11 15 10 4
1967 6 30 22 4
1967 11 2 10 4
1967 11 30 8 5
1968 7 16 17 4
1971 9 6 16.5 4
1971 10 9 13 5
1972 10 8 13 4
1973 3 29 3 4
1973 7 14 19 4
1973 8 27 18 5
1973 11 7 10 4
1974 4 27 12 4
1974 8 19 18 4
1975 4 25 13 4
1975 12 14 5 4
1976 2 13 6 5
1976 8 11 15 4
1976 11 3 2 4
1977 5 16 14 4
1977 7 27 17 4
1977 9 23 12 4
1978 3 25 7 4
1978 6 23 19 4
1978 7 9 19 4
1978 8 11 16 4
1979 4 21 11 5
1979 7 13 17 4
1979 10 27 6 4
1980 6 22 19 6
1980 10 25 10 4
1981 8 25 15 4
1983 7 4 19 4
1983 8 2 19 4
1983 9 29 17 4
1986 4 10 14 4
1988 4 5 6 4
1988 6 24 17 4
1988 8 20 19 4
1988 10 31 9 4
1989 3 26 7 4
1989 4 4 10 5
1989 4 20 10 4
1990 10 26 7 4
1991 6 25 21 5
1992 3 28 11 5
1992 4 17 12 4
1992 4 28 11 4
1992 8 24 20 5
1992 10 12 13 4
1993 3 26 9 4
1993 8 17 18 5
1993 9 5 18 4
1993 10 15 13 5
1994 4 4 12 4
1994 6 30 15 4
1994 7 4 19 4
1996 7 6 18 4
1996 10 14 8 4
1996 11 11 2 4
1997 8 18 18 7
1997 9 1 17 4
1998 11 27 5 4
1999 6 6 17 4
2000 1 17 4 7
2000 7 28 17 4
2001 6 6 14 4
2003 3 15 10 4
2003 6 9 17 5
2003 11 7 8 4
2005 10 5 18 4
2005 10 24 10.5 6
2008 7 8 18 4
2008 9 6 15 5
2009 6 3 16 4
2009 6 30 17.5 4
2010 8 20 18 5
