1964 2 25 -4 4
1964 7 28 17 4
1964 12 9 2 5
1965 8 7 17 4
1965 9 20 15 5
1965 9 26 15 4
1966 6 15 14 4
1966 7 7 16 5
1966 8 18 15 4
1966 10 30 1 5
1966 11 22 3 4
1966 12 14 -7 4
1968 8 2 14 5
1970 8 14 16 4
1970 9 14 14 4
1971 8 2 15 6
1972 7 9 14 4
1972 9 15 14 4
1972 9 23 13 4
1972 11 29 0 4
1973 4 6 1 4
1974 6 18 12 4
1974 9 17 15 4
1975 12 21 4 4
1976 5 27 14 4
1976 8 5 15 4
1977 1 30 5 4
1977 8 16 17 4
1977 9 13 16 7
1978 6 19 18 4
1978 7 29 16 6
1979 4 22 11 5
1979 5 12 12 6
1979 7 21 17 4
1979 8 16 16 4
1979 8 20 15 4
1979 9 13 14 10
1979 11 30 -1 6
1980 4 15 -2 4
1980 5 8 10 4
1980 8 31 16 6
1980 11 13 5 4
1981 6 22 17 7
1981 7 2 17 4
1981 9 2 17 4
1981 9 7 17 4
1981 9 15 16 5
1982 3 17 9 4
1982 7 12 17 4
1982 7 17 16 4
1982 8 21 17 5
1982 11 2 6 5
