1965 7 14 20 5
1966 6 6 15 4
1966 7 17 15 4
1966 8 21 15 4
1967 1 29 7 4
1968 6 16 10 5
1969 6 15 16 4
1969 12 16 -1 4
1970 9 22 13 4
1971 1 21 2 4
1971 6 20 16 6
1971 7 12 14 5
1971 8 21 13 8
1972 7 22 18 4
1972 8 17 15 5
1972 10 6 10 4
1972 10 17 15 4
1972 11 28 0 4
1973 8 23 10 4
1973 9 17 11 5
1973 11 9 6 4
1974 3 11 2 4
1974 5 16 11 4
1974 6 21 18 4
1975 5 29 14 4
1977 5 26 13 5
1977 7 8 14 4
1977 7 29 18 4
1977 9 18 12 4
1977 9 30 16 7
1978 1 28 5 5
1978 3 5 7 4
1978 6 18 18 4
1978 7 12 18 5
1978 8 10 16 4
1978 8 14 17.5 4
1978 12 29 4 4
1979 6 10 16 4
1979 8 8 16 4
1980 2 23 6 4
1980 5 25 10 4
1980 6 5 20 4
1980 6 21 17 4
1980 9 12 17 4
1980 11 11 5 5
1981 6 12 16 4
1981 7 19 20 4
1982 6 11 18 4
1982 7 18 17 4
1982 8 17 17 4
1982 9 19 16 5
1983 4 20 7 4
