1979 9 19 10 4
1979 12 5 -2 4
1980 1 22 4 4
1980 2 18 6 5
1980 2 22 5 4
1980 7 16 21 4
1980 8 6 20 5
1980 9 5 18 4
1980 10 13 11 7
1980 10 28 9 4
1980 11 22 1 4
1981 5 20 12 4
1981 7 27 22 4
1981 9 7 20 4
1981 9 15 18 6
1984 4 9 9 4
1984 4 29 14 4
1984 6 20 18 4
1984 7 4 20 5
1984 7 29 18 4
1984 8 18 17 4
1984 9 2 20 4
1984 11 11 10 4
1984 12 3 3 4
1984 12 15 7 4
1985 7 7 18 5
1985 7 28 19 4
1985 8 1 20 4
1985 8 21 20 4
1985 9 19 19 4
1986 4 26 15 4
1986 6 21 20 4
1986 9 21 18 6
1986 11 9 7 5
1987 2 11 2 5
