1963  1  1  -99.9  -99.9  -99.9
1963  1  2  -99.9  -99.9  -99.9
1963  1  3  -99.9  -99.9  -99.9
1963  1  4  -99.9  -99.9  -99.9
1963  1  5  -99.9  -99.9  -99.9
1963  1  6  -99.9  -99.9  -99.9
1963  1  7  -99.9  -99.9  -99.9
1963  1  8  -99.9  -99.9  -99.9
1963  1  9  -99.9  -99.9  -99.9
1963  1 10  -99.9  -99.9  -99.9
1963  1 11  -99.9  -99.9  -99.9
1963  1 12  -99.9  -99.9  -99.9
1963  1 13  -99.9  -99.9  -99.9
1963  1 14  -99.9  -99.9  -99.9
1963  1 15  -99.9  -99.9  -99.9
1963  1 16  -99.9  -99.9  -99.9
1963  1 17  -99.9  -99.9  -99.9
1963  1 18  -99.9  -99.9  -99.9
1963  1 19  -99.9  -99.9  -99.9
1963  1 20  -99.9  -99.9  -99.9
1963  1 21  -99.9  -99.9  -99.9
1963  1 22  -99.9  -99.9  -99.9
1963  1 23  -99.9  -99.9  -99.9
1963  1 24  -99.9  -99.9  -99.9
1963  1 25  -99.9  -99.9  -99.9
1963  1 26  -99.9  -99.9  -99.9
1963  1 27  -99.9  -99.9  -99.9
1963  1 28  -99.9  -99.9  -99.9
1963  1 29  -99.9  -99.9  -99.9
1963  1 30  -99.9  -99.9  -99.9
1963  1 31  -99.9  -99.9  -99.9
1963  2  1  -99.9  -99.9  -99.9
1963  2  2  -99.9  -99.9  -99.9
1963  2  3  -99.9  -99.9  -99.9
1963  2  4  -99.9  -99.9  -99.9
1963  2  5  -99.9  -99.9  -99.9
1963  2  6  -99.9  -99.9  -99.9
1963  2  7  -99.9  -99.9  -99.9
1963  2  8  -99.9  -99.9  -99.9
1963  2  9  -99.9  -99.9  -99.9
1963  2 10  -99.9  -99.9  -99.9
1963  2 11  -99.9  -99.9  -99.9
1963  2 12  -99.9  -99.9  -99.9
1963  2 13  -99.9  -99.9  -99.9
1963  2 14  -99.9  -99.9  -99.9
1963  2 15  -99.9  -99.9  -99.9
1963  2 16  -99.9  -99.9  -99.9
1963  2 17  -99.9  -99.9  -99.9
1963  2 18  -99.9  -99.9  -99.9
1963  2 19  -99.9  -99.9  -99.9
1963  2 20  -99.9  -99.9  -99.9
1963  2 21  -99.9  -99.9  -99.9
1963  2 22  -99.9  -99.9  -99.9
1963  2 23  -99.9  -99.9  -99.9
1963  2 24  -99.9  -99.9  -99.9
1963  2 25  -99.9  -99.9  -99.9
1963  2 26  -99.9  -99.9  -99.9
1963  2 27  -99.9  -99.9  -99.9
1963  2 28  -99.9  -99.9  -99.9
1963  3  1  -99.9  -99.9  -99.9
1963  3  2  -99.9  -99.9  -99.9
1963  3  3  -99.9  -99.9  -99.9
1963  3  4  -99.9  -99.9  -99.9
1963  3  5  -99.9  -99.9  -99.9
1963  3  6  -99.9  -99.9  -99.9
1963  3  7  -99.9  -99.9  -99.9
1963  3  8  -99.9  -99.9  -99.9
1963  3  9  -99.9  -99.9  -99.9
1963  3 10  -99.9  -99.9  -99.9
1963  3 11  -99.9  -99.9  -99.9
1963  3 12  -99.9  -99.9  -99.9
1963  3 13  -99.9  -99.9  -99.9
1963  3 14  -99.9  -99.9  -99.9
1963  3 15  -99.9  -99.9  -99.9
1963  3 16  -99.9  -99.9  -99.9
1963  3 17  -99.9  -99.9  -99.9
1963  3 18  -99.9  -99.9  -99.9
1963  3 19  -99.9  -99.9  -99.9
1963  3 20  -99.9  -99.9  -99.9
1963  3 21  -99.9  -99.9  -99.9
1963  3 22  -99.9  -99.9  -99.9
1963  3 23  -99.9  -99.9  -99.9
1963  3 24  -99.9  -99.9  -99.9
1963  3 25  -99.9  -99.9  -99.9
1963  3 26  -99.9  -99.9  -99.9
1963  3 27  -99.9  -99.9  -99.9
1963  3 28  -99.9  -99.9  -99.9
1963  3 29  -99.9  -99.9  -99.9
1963  3 30  -99.9  -99.9  -99.9
1963  3 31  -99.9  -99.9  -99.9
1963  4  1  -99.9  -99.9  -99.9
1963  4  2  -99.9  -99.9  -99.9
1963  4  3  -99.9  -99.9  -99.9
1963  4  4  -99.9  -99.9  -99.9
1963  4  5  -99.9  -99.9  -99.9
1963  4  6  -99.9  -99.9  -99.9
1963  4  7  -99.9  -99.9  -99.9
1963  4  8  -99.9  -99.9  -99.9
1963  4  9  -99.9  -99.9  -99.9
1963  4 10  -99.9  -99.9  -99.9
1963  4 11  -99.9  -99.9  -99.9
1963  4 12  -99.9  -99.9  -99.9
1963  4 13  -99.9  -99.9  -99.9
1963  4 14  -99.9  -99.9  -99.9
1963  4 15  -99.9  -99.9  -99.9
1963  4 16  -99.9  -99.9  -99.9
1963  4 17  -99.9  -99.9  -99.9
1963  4 18  -99.9  -99.9  -99.9
1963  4 19  -99.9  -99.9  -99.9
1963  4 20  -99.9  -99.9  -99.9
1963  4 21  -99.9  -99.9  -99.9
1963  4 22  -99.9  -99.9  -99.9
1963  4 23  -99.9  -99.9  -99.9
1963  4 24  -99.9  -99.9  -99.9
1963  4 25  -99.9  -99.9  -99.9
1963  4 26  -99.9  -99.9  -99.9
1963  4 27  -99.9  -99.9  -99.9
1963  4 28  -99.9  -99.9  -99.9
1963  4 29  -99.9  -99.9  -99.9
1963  4 30  -99.9  -99.9  -99.9
1963  5  1  -99.9  -99.9  -99.9
1963  5  2  -99.9  -99.9  -99.9
1963  5  3  -99.9  -99.9  -99.9
1963  5  4  -99.9  -99.9  -99.9
1963  5  5  -99.9  -99.9  -99.9
1963  5  6  -99.9  -99.9  -99.9
1963  5  7  -99.9  -99.9  -99.9
1963  5  8  -99.9  -99.9  -99.9
1963  5  9  -99.9  -99.9  -99.9
1963  5 10  -99.9  -99.9  -99.9
1963  5 11  -99.9  -99.9  -99.9
1963  5 12  -99.9  -99.9  -99.9
1963  5 13  -99.9  -99.9  -99.9
1963  5 14  -99.9  -99.9  -99.9
1963  5 15  -99.9  -99.9  -99.9
1963  5 16  -99.9  -99.9  -99.9
1963  5 17  -99.9  -99.9  -99.9
1963  5 18  -99.9  -99.9  -99.9
1963  5 19  -99.9  -99.9  -99.9
1963  5 20  -99.9  -99.9  -99.9
1963  5 21  -99.9  -99.9  -99.9
1963  5 22  -99.9  -99.9  -99.9
1963  5 23  -99.9  -99.9  -99.9
1963  5 24  -99.9  -99.9  -99.9
1963  5 25  -99.9  -99.9  -99.9
1963  5 26  -99.9  -99.9  -99.9
1963  5 27  -99.9  -99.9  -99.9
1963  5 28  -99.9  -99.9  -99.9
1963  5 29  -99.9  -99.9  -99.9
1963  5 30  -99.9  -99.9  -99.9
1963  5 31  -99.9  -99.9  -99.9
1963  6  1  -99.9  -99.9  -99.9
1963  6  2  -99.9  -99.9  -99.9
1963  6  3  -99.9  -99.9  -99.9
1963  6  4  -99.9  -99.9  -99.9
1963  6  5  -99.9  -99.9  -99.9
1963  6  6  -99.9  -99.9  -99.9
1963  6  7  -99.9  -99.9  -99.9
1963  6  8  -99.9  -99.9  -99.9
1963  6  9  -99.9  -99.9  -99.9
1963  6 10  -99.9  -99.9  -99.9
1963  6 11  -99.9  -99.9  -99.9
1963  6 12  -99.9  -99.9  -99.9
1963  6 13  -99.9  -99.9  -99.9
1963  6 14  -99.9  -99.9  -99.9
1963  6 15  -99.9  -99.9  -99.9
1963  6 16  -99.9  -99.9  -99.9
1963  6 17  -99.9  -99.9  -99.9
1963  6 18  -99.9  -99.9  -99.9
1963  6 19  -99.9  -99.9  -99.9
1963  6 20  -99.9  -99.9  -99.9
1963  6 21  -99.9  -99.9  -99.9
1963  6 22  -99.9  -99.9  -99.9
1963  6 23  -99.9  -99.9  -99.9
1963  6 24  -99.9  -99.9  -99.9
1963  6 25  -99.9  -99.9  -99.9
1963  6 26  -99.9  -99.9  -99.9
1963  6 27  -99.9  -99.9  -99.9
1963  6 28  -99.9  -99.9  -99.9
1963  6 29  -99.9  -99.9  -99.9
1963  6 30  -99.9  -99.9  -99.9
1963  7  1  -99.9  -99.9  -99.9
1963  7  2  -99.9  -99.9  -99.9
1963  7  3  -99.9  -99.9  -99.9
1963  7  4  -99.9  -99.9  -99.9
1963  7  5  -99.9  -99.9  -99.9
1963  7  6  -99.9  -99.9  -99.9
1963  7  7  -99.9  -99.9  -99.9
1963  7  8  -99.9  -99.9  -99.9
1963  7  9  -99.9  -99.9  -99.9
1963  7 10  -99.9  -99.9  -99.9
1963  7 11  -99.9  -99.9  -99.9
1963  7 12  -99.9  -99.9  -99.9
1963  7 13  -99.9  -99.9  -99.9
1963  7 14  -99.9  -99.9  -99.9
1963  7 15  -99.9  -99.9  -99.9
1963  7 16  -99.9  -99.9  -99.9
1963  7 17  -99.9  -99.9  -99.9
1963  7 18  -99.9  -99.9  -99.9
1963  7 19  -99.9  -99.9  -99.9
1963  7 20  -99.9  -99.9  -99.9
1963  7 21  -99.9  -99.9  -99.9
1963  7 22  -99.9  -99.9  -99.9
1963  7 23  -99.9  -99.9  -99.9
1963  7 24  -99.9  -99.9  -99.9
1963  7 25  -99.9  -99.9  -99.9
1963  7 26  -99.9  -99.9  -99.9
1963  7 27  -99.9  -99.9  -99.9
1963  7 28  -99.9  -99.9  -99.9
1963  7 29  -99.9  -99.9  -99.9
1963  7 30  -99.9  -99.9  -99.9
1963  7 31  -99.9  -99.9  -99.9
1963  8  1  -99.9  -99.9  -99.9
1963  8  2  -99.9  -99.9  -99.9
1963  8  3  -99.9  -99.9  -99.9
1963  8  4  -99.9  -99.9  -99.9
1963  8  5  -99.9  -99.9  -99.9
1963  8  6  -99.9  -99.9  -99.9
1963  8  7  -99.9  -99.9  -99.9
1963  8  8  -99.9  -99.9  -99.9
1963  8  9  -99.9  -99.9  -99.9
1963  8 10  -99.9  -99.9  -99.9
1963  8 11  -99.9  -99.9  -99.9
1963  8 12  -99.9  -99.9  -99.9
1963  8 13  -99.9  -99.9  -99.9
1963  8 14  -99.9  -99.9  -99.9
1963  8 15  -99.9  -99.9  -99.9
1963  8 16  -99.9  -99.9  -99.9
1963  8 17  -99.9  -99.9  -99.9
1963  8 18  -99.9  -99.9  -99.9
1963  8 19  -99.9  -99.9  -99.9
1963  8 20  -99.9  -99.9  -99.9
1963  8 21  -99.9  -99.9  -99.9
1963  8 22  -99.9  -99.9  -99.9
1963  8 23  -99.9  -99.9  -99.9
1963  8 24  -99.9  -99.9  -99.9
1963  8 25  -99.9  -99.9  -99.9
1963  8 26  -99.9  -99.9  -99.9
1963  8 27  -99.9  -99.9  -99.9
1963  8 28  -99.9  -99.9  -99.9
1963  8 29  -99.9  -99.9  -99.9
1963  8 30  -99.9  -99.9  -99.9
1963  8 31  -99.9  -99.9  -99.9
1963  9  1  -99.9  -99.9  -99.9
1963  9  2  -99.9  -99.9  -99.9
1963  9  3  -99.9  -99.9  -99.9
1963  9  4  -99.9  -99.9  -99.9
1963  9  5  -99.9  -99.9  -99.9
1963  9  6  -99.9  -99.9  -99.9
1963  9  7  -99.9  -99.9  -99.9
1963  9  8  -99.9  -99.9  -99.9
1963  9  9  -99.9  -99.9  -99.9
1963  9 10  -99.9  -99.9  -99.9
1963  9 11  -99.9  -99.9  -99.9
1963  9 12  -99.9  -99.9  -99.9
1963  9 13  -99.9  -99.9  -99.9
1963  9 14  -99.9  -99.9  -99.9
1963  9 15  -99.9  -99.9  -99.9
1963  9 16  -99.9  -99.9  -99.9
1963  9 17  -99.9  -99.9  -99.9
1963  9 18  -99.9  -99.9  -99.9
1963  9 19  -99.9  -99.9  -99.9
1963  9 20  -99.9  -99.9  -99.9
1963  9 21  -99.9  -99.9  -99.9
1963  9 22  -99.9  -99.9  -99.9
1963  9 23  -99.9  -99.9  -99.9
1963  9 24  -99.9  -99.9  -99.9
1963  9 25  -99.9  -99.9  -99.9
1963  9 26  -99.9  -99.9  -99.9
1963  9 27  -99.9  -99.9  -99.9
1963  9 28  -99.9  -99.9  -99.9
1963  9 29  -99.9  -99.9  -99.9
1963  9 30  -99.9  -99.9  -99.9
1963 10  1  -99.9  -99.9  -99.9
1963 10  2  -99.9  -99.9  -99.9
1963 10  3  -99.9  -99.9  -99.9
1963 10  4  -99.9  -99.9  -99.9
1963 10  5  -99.9  -99.9  -99.9
1963 10  6  -99.9  -99.9  -99.9
1963 10  7  -99.9  -99.9  -99.9
1963 10  8  -99.9  -99.9  -99.9
1963 10  9  -99.9  -99.9  -99.9
1963 10 10  -99.9  -99.9  -99.9
1963 10 11  -99.9  -99.9  -99.9
1963 10 12  -99.9  -99.9  -99.9
1963 10 13  -99.9  -99.9  -99.9
1963 10 14  -99.9  -99.9  -99.9
1963 10 15  -99.9  -99.9  -99.9
1963 10 16  -99.9  -99.9  -99.9
1963 10 17  -99.9  -99.9  -99.9
1963 10 18  -99.9  -99.9  -99.9
1963 10 19  -99.9  -99.9  -99.9
1963 10 20  -99.9  -99.9  -99.9
1963 10 21  -99.9  -99.9  -99.9
1963 10 22  -99.9  -99.9  -99.9
1963 10 23  -99.9  -99.9  -99.9
1963 10 24  -99.9  -99.9  -99.9
1963 10 25  -99.9  -99.9  -99.9
1963 10 26  -99.9  -99.9  -99.9
1963 10 27  -99.9  -99.9  -99.9
1963 10 28  -99.9  -99.9  -99.9
1963 10 29  -99.9  -99.9  -99.9
1963 10 30  -99.9  -99.9  -99.9
1963 10 31  -99.9  -99.9  -99.9
1963 11  1  -99.9  -99.9  -99.9
1963 11  2  -99.9  -99.9  -99.9
1963 11  3  -99.9  -99.9  -99.9
1963 11  4  -99.9  -99.9  -99.9
1963 11  5  -99.9  -99.9  -99.9
1963 11  6  -99.9  -99.9  -99.9
1963 11  7  -99.9  -99.9  -99.9
1963 11  8  -99.9  -99.9  -99.9
1963 11  9  -99.9  -99.9  -99.9
1963 11 10  -99.9  -99.9  -99.9
1963 11 11  -99.9  -99.9  -99.9
1963 11 12  -99.9  -99.9  -99.9
1963 11 13  -99.9  -99.9  -99.9
1963 11 14  -99.9  -99.9  -99.9
1963 11 15  -99.9  -99.9  -99.9
1963 11 16  -99.9  -99.9  -99.9
1963 11 17  -99.9  -99.9  -99.9
1963 11 18  -99.9  -99.9  -99.9
1963 11 19    0.0   23.0  -99.9
1963 11 20    0.0   26.0   12.0
1963 11 21    0.0   22.0   12.0
1963 11 22    0.0   21.0   18.0
1963 11 23    0.0   20.0   12.0
1963 11 24    0.0   26.0   10.0
1963 11 25    2.0   24.0   11.0
1963 11 26   16.0   14.0   11.0
1963 11 27    0.0   11.0    8.0
1963 11 28    0.0   11.0    7.0
1963 11 29    0.0   13.0    4.0
1963 11 30    3.0   16.0    0.0
1963 12  1    0.0   21.0    8.0
1963 12  2    0.0   18.0    4.0
1963 12  3    0.0   17.0    2.0
1963 12  4    0.0   17.0    4.0
1963 12  5    0.0   16.0    4.0
1963 12  6    0.0   15.0    3.0
1963 12  7    0.0   20.0    1.0
1963 12  8    0.0   12.0    0.0
1963 12  9    2.0   17.0    0.0
1963 12 10   13.5   19.0    4.0
1963 12 11    0.0   15.0    2.0
1963 12 12    0.0   13.0    3.0
1963 12 13    0.0   18.0    3.0
1963 12 14    0.0   15.0   -2.0
1963 12 15    0.0   13.0   -2.0
1963 12 16    0.0   11.0    0.0
1963 12 17    0.0   11.0    3.0
1963 12 18    0.0   14.0    3.0
1963 12 19    0.0   13.0    2.0
1963 12 20    0.0   20.0    0.0
1963 12 21    0.0   16.0    0.0
1963 12 22    0.0   19.0   -4.0
1963 12 23    0.0   17.0   -6.0
1963 12 24    0.0   14.0   -5.0
1963 12 25    0.0   17.0   -6.0
1963 12 26    0.0   19.0   -6.0
1963 12 27    0.0   14.0   -9.0
1963 12 28    0.0   16.0   -6.0
1963 12 29    0.0   16.0   -6.0
1963 12 30    0.0   13.0   -6.0
1963 12 31    0.0   16.0   -4.0
1964  1  1    0.0   22.0   -6.0
1964  1  2    0.0   22.0   -5.0
1964  1  3    0.0   23.0   -6.0
1964  1  4    0.0   16.0   -7.0
1964  1  5    0.0   20.0   -7.0
1964  1  6    0.0   20.0   -9.0
1964  1  7    0.0   15.0    0.0
1964  1  8    0.0   23.0   -9.0
1964  1  9    0.0   20.0   -6.0
1964  1 10    0.0   17.0   -3.0
1964  1 11    0.0   22.0  -12.0
1964  1 12    0.0   17.0   -4.0
1964  1 13    0.0   16.0   -7.0
1964  1 14    0.0   17.0   -3.0
1964  1 15    0.0   18.0   -8.0
1964  1 16    0.0   23.0   -5.0
1964  1 17    0.0   22.0   -2.0
1964  1 18    0.0   13.0   -5.0
1964  1 19    0.0   14.0  -10.0
1964  1 20    0.0   13.0   -7.0
1964  1 21    0.0   20.0   -9.0
1964  1 22    0.0   22.0  -10.0
1964  1 23    0.0   15.0   -9.0
1964  1 24    0.0   21.0   -4.0
1964  1 25    0.0   21.0   -4.0
1964  1 26    0.0   20.0   -6.0
1964  1 27    0.0   24.0   -7.0
1964  1 28    0.0   23.0   -8.0
1964  1 29    0.0   26.0   -9.0
1964  1 30    0.0   20.0   -1.0
1964  1 31    0.0   21.0   -9.0
1964  2  1    5.0   16.0   -2.0
1964  2  2    0.0   13.0    0.0
1964  2  3    0.0   20.0   -7.0
1964  2  4    0.0   20.0   -7.0
1964  2  5    0.0   26.0   -5.0
1964  2  6    0.0   22.0   -6.0
1964  2  7    0.0   21.0   -7.0
1964  2  8    0.0   20.0   -5.0
1964  2  9    0.0   25.0   -7.0
1964  2 10    0.0   21.0   -3.0
1964  2 11    0.0   15.0   -8.0
1964  2 12    0.0   12.0  -10.0
1964  2 13    0.0   20.0   -5.0
1964  2 14    0.0   24.0    0.0
1964  2 15    0.0   26.0    0.0
1964  2 16    0.0   24.0   -2.0
1964  2 17    0.0   28.0    0.0
1964  2 18    0.0   24.0   -6.0
1964  2 19    0.0   23.0    0.0
1964  2 20    0.0   24.0   -8.0
1964  2 21    0.0   23.0   -8.0
1964  2 22    0.0   18.0   -7.0
1964  2 23    0.0   16.0   -8.0
1964  2 24    0.0   23.0   -9.0
1964  2 25    0.0   22.0   -7.0
1964  2 26    0.0   16.0   -8.0
1964  2 27    0.0   16.0   -6.0
1964  2 28    0.0   19.0   -7.0
1964  2 29    0.0   18.0   -8.0
1964  3  1    0.0   13.0   -6.0
1964  3  2    0.0   15.0   -5.0
1964  3  3    2.0   17.0   -5.0
1964  3  4    0.0   20.0   -5.0
1964  3  5    0.0   22.0   -6.0
1964  3  6    0.0   13.0  -10.0
1964  3  7    0.0   21.0  -11.0
1964  3  8    0.0   22.0  -13.0
1964  3  9    0.0   23.0   -9.0
1964  3 10    0.0   22.0   -8.0
1964  3 11    0.0   26.0  -11.0
1964  3 12    0.0   19.0   -9.0
1964  3 13    0.0   20.0  -10.0
1964  3 14    0.0   23.0  -12.0
1964  3 15    0.0   22.0  -10.0
1964  3 16    0.0   19.0  -11.0
1964  3 17    3.0   18.0  -13.0
1964  3 18    0.0   23.0  -15.0
1964  3 19    0.0   20.0  -11.0
1964  3 20    0.0   21.0  -12.0
1964  3 21    0.0   20.0  -11.0
1964  3 22    0.0   21.0  -13.0
1964  3 23    0.0   18.0  -12.0
1964  3 24    0.0   19.0  -13.0
1964  3 25    0.0   22.0  -11.0
1964  3 26    0.0   21.0   -8.0
1964  3 27    0.0   18.0  -11.0
1964  3 28    0.0   17.0  -13.0
1964  3 29   10.0   16.0  -15.0
1964  3 30    0.0   19.0   -6.0
1964  3 31    0.0   14.0   -8.0
1964  4  1    0.0   18.0    5.0
1964  4  2    0.0   16.0    3.0
1964  4  3    0.0   20.5    2.0
1964  4  4    0.0   18.0    4.0
1964  4  5    0.0   18.0    3.0
1964  4  6    0.0   19.0    2.0
1964  4  7    0.0   13.0    3.0
1964  4  8    0.0   15.0    4.0
1964  4  9    0.0   21.0    4.0
1964  4 10    0.0   22.0    6.0
1964  4 11    0.0   20.0    5.0
1964  4 12    0.0   24.0    6.0
1964  4 13    0.0   19.0    4.0
1964  4 14    0.0   16.0    5.0
1964  4 15    0.0   17.0    3.0
1964  4 16    0.0   23.0    4.0
1964  4 17    0.0   20.0    4.0
1964  4 18    0.0   21.0    4.0
1964  4 19    0.0   18.0    3.0
1964  4 20    0.0   20.0    7.0
1964  4 21    0.0   18.0    5.0
1964  4 22    0.0   21.0    5.0
1964  4 23    0.0   15.0    3.0
1964  4 24    0.0   17.0    6.0
1964  4 25    0.0   18.0    5.0
1964  4 26    0.0   19.0    6.0
1964  4 27    0.0   18.0    5.0
1964  4 28    0.0   19.0    4.0
1964  4 29    0.0   22.0    5.0
1964  4 30    0.0   18.0    7.0
1964  5  1    0.0   24.0    6.0
1964  5  2    0.0   18.0    5.0
1964  5  3    0.0   18.0    7.0
1964  5  4    0.0   21.0    7.0
1964  5  5    0.0   18.0    8.0
1964  5  6    0.0   19.0    6.0
1964  5  7    0.0   20.0    2.0
1964  5  8    0.0   20.0    4.0
1964  5  9    0.0   15.0    3.0
1964  5 10    0.0   19.0    6.0
1964  5 11    0.0   19.0    6.0
1964  5 12    0.0   20.0    6.0
1964  5 13    0.0   16.0    6.0
1964  5 14    0.0   18.0    6.0
1964  5 15    0.0   19.0    8.0
1964  5 16    0.0   15.0    6.0
1964  5 17    2.0   19.0    5.0
1964  5 18    0.0   15.0    4.0
1964  5 19    3.0   16.0    6.0
1964  5 20    0.0   16.0    4.0
1964  5 21    0.0   18.0    6.0
1964  5 22    0.0   13.0    5.0
1964  5 23    0.0   16.0    4.0
1964  5 24    0.0   17.0    6.0
1964  5 25    0.0   17.0    5.0
1964  5 26    0.0   15.0    5.0
1964  5 27    0.0   16.0    5.0
1964  5 28    0.0   17.0    6.0
1964  5 29    0.0   19.0    7.0
1964  5 30    0.0   20.0    7.0
1964  5 31    0.0   21.0    8.0
1964  6  1    2.0   15.0    5.0
1964  6  2    0.0   17.0    4.0
1964  6  3    0.0   12.0    5.0
1964  6  4    0.0   17.0    6.0
1964  6  5    0.0   15.0    6.0
1964  6  6    0.0   18.0    6.0
1964  6  7    0.0   15.0    7.0
1964  6  8    0.0   18.0    7.0
1964  6  9    0.0   18.0    5.0
1964  6 10    4.0   17.0    4.0
1964  6 11    0.0   19.0    7.0
1964  6 12    9.0   17.0    6.0
1964  6 13    4.0   17.0    7.0
1964  6 14    2.0   15.0    3.0
1964  6 15    0.0   16.0    6.0
1964  6 16    0.0   15.0    7.0
1964  6 17   47.0   20.0    7.0
1964  6 18    2.0   16.0    8.0
1964  6 19    5.0   16.0    4.0
1964  6 20   17.0   17.0    3.0
1964  6 21    0.0   16.0    4.0
1964  6 22    0.0   17.0    2.0
1964  6 23   11.0   16.0    3.0
1964  6 24    0.0   14.0    5.0
1964  6 25    0.0   15.0    4.0
1964  6 26    0.0   16.0    6.0
1964  6 27    5.0   17.0    6.0
1964  6 28    0.0   16.0    5.0
1964  6 29    0.0   18.0    7.0
1964  6 30    0.0   18.0    5.0
1964  7  1    0.0   16.0    7.0
1964  7  2    0.0   18.0   11.0
1964  7  3    0.0   19.0    7.0
1964  7  4    0.0   17.0    7.0
1964  7  5    0.0   17.0    8.0
1964  7  6    0.0   17.0    7.0
1964  7  7    7.0   17.0    7.0
1964  7  8    0.0   17.0    6.0
1964  7  9    3.0   17.0    5.0
1964  7 10    0.0   17.0    4.0
1964  7 11    0.0   19.0    6.0
1964  7 12    0.0   20.0    8.0
1964  7 13   10.0   17.0    4.0
1964  7 14    0.0   19.0    5.0
1964  7 15    0.0   18.0    6.0
1964  7 16    0.0   18.0    5.0
1964  7 17    0.0   17.0    3.0
1964  7 18    0.0   18.0    7.0
1964  7 19    0.0   18.0    4.0
1964  7 20    5.0   16.0    5.0
1964  7 21   10.0   16.0    4.0
1964  7 22    6.0   16.0    4.0
1964  7 23    0.0   16.0    5.0
1964  7 24    2.0   16.0    3.0
1964  7 25    0.0   16.0    3.0
1964  7 26   13.0   16.0    3.0
1964  7 27    0.0   17.0    4.0
1964  7 28    2.0   18.0    3.0
1964  7 29    8.0   17.0    2.0
1964  7 30   20.0   17.0    3.0
1964  7 31    0.0   18.0    2.0
1964  8  1   11.0   16.0    4.0
1964  8  2    0.0   14.0    3.0
1964  8  3    0.0   15.0    5.0
1964  8  4    4.0   15.0    5.0
1964  8  5    0.0   17.0    4.0
1964  8  6    0.0   15.0    3.0
1964  8  7    0.0   15.0    4.0
1964  8  8    0.0   20.0    4.0
1964  8  9    1.0   17.0    4.0
1964  8 10    0.0   18.0    4.0
1964  8 11   35.0   17.0    5.0
1964  8 12   15.0   17.0    4.0
1964  8 13   20.0   16.0    1.0
1964  8 14    0.0   17.0    2.0
1964  8 15    1.0   17.0    3.0
1964  8 16    1.0   17.0    3.0
1964  8 17    0.0   16.0    3.0
1964  8 18    0.0   17.0    4.0
1964  8 19   12.0   18.0    4.0
1964  8 20    7.0   16.0    1.0
1964  8 21    2.0   17.0    3.0
1964  8 22    3.0   17.0    3.0
1964  8 23    0.0   18.0    3.0
1964  8 24    2.0   17.0    2.0
1964  8 25    0.0   16.0    1.0
1964  8 26    4.0   15.0    3.0
1964  8 27    0.0   15.0    3.0
1964  8 28    0.0   17.0    3.0
1964  8 29    0.0   17.0    3.0
1964  8 30    0.0   17.0    3.0
1964  8 31    0.0   18.0    3.0
1964  9  1    0.0   18.0    3.0
1964  9  2    0.0   17.0    3.0
1964  9  3    0.0   18.0    3.0
1964  9  4    0.0   17.0    2.0
1964  9  5    0.0   15.0    3.0
1964  9  6    0.0   16.0    2.0
1964  9  7   10.0   18.0    4.0
1964  9  8    6.0   17.0    1.0
1964  9  9    0.0   15.0    1.0
1964  9 10    1.0   15.0    2.0
1964  9 11    0.0   16.0    3.0
1964  9 12    6.0   16.0    2.0
1964  9 13   12.0   16.0    1.0
1964  9 14    0.0   15.0    2.0
1964  9 15    2.0   15.0    2.0
1964  9 16    0.0   16.0    2.0
1964  9 17    0.0   15.0    1.0
1964  9 18    7.0   17.0    2.0
1964  9 19    0.0   16.0    1.0
1964  9 20    0.0   17.0    2.0
1964  9 21    0.0   15.0    2.0
1964  9 22    0.0   15.0    3.0
1964  9 23    7.0   15.0    2.0
1964  9 24    0.0   15.0    2.0
1964  9 25    0.0   15.0    2.0
1964  9 26    0.0   18.0    1.0
1964  9 27    0.0   13.0    1.0
1964  9 28    0.0   15.0    5.0
1964  9 29    0.0   18.0    1.0
1964  9 30    0.0   17.0    1.0
1964 10  1    0.0   15.0    2.0
1964 10  2    0.0   14.0    1.0
1964 10  3    0.0   18.0    1.0
1964 10  4    0.0   14.0    2.0
1964 10  5    0.0   15.0    5.0
1964 10  6    0.0   14.0    1.0
1964 10  7    0.0   19.0    3.0
1964 10  8    0.0   21.0    2.0
1964 10  9    0.0   22.0    2.0
1964 10 10    0.0   21.0    1.0
1964 10 11    0.0   23.0    2.0
1964 10 12    0.0   22.0    2.0
1964 10 13    0.0   17.0    2.0
1964 10 14    0.0   13.0    6.0
1964 10 15    0.0   19.0    1.0
1964 10 16    0.0   22.0    1.0
1964 10 17    0.0   18.0    1.0
1964 10 18    0.0   18.0    2.0
1964 10 19    0.0   18.0    4.0
1964 10 20    0.0   14.0    2.0
1964 10 21    0.0   20.0    2.0
1964 10 22    0.0   24.0    2.0
1964 10 23    0.0   25.0    2.0
1964 10 24    0.0   19.0    2.0
1964 10 25    0.0   18.0    6.0
1964 10 26    0.0   21.0    1.0
1964 10 27    0.0   22.0    1.0
1964 10 28    0.0   23.0    1.0
1964 10 29    0.0   26.0    3.0
1964 10 30    0.0   24.0    1.0
1964 10 31    0.0   23.0    4.0
1964 11  1    0.0   26.0    3.0
1964 11  2    0.0   25.0    1.0
1964 11  3    0.0   21.0    1.0
1964 11  4    0.0   17.0    3.0
1964 11  5    0.0   20.0    1.0
1964 11  6    0.0   24.0    1.0
1964 11  7    0.0   25.0    1.0
1964 11  8    0.0   25.0    2.0
1964 11  9    0.0   27.0    2.0
1964 11 10    0.0   20.0    1.0
1964 11 11    0.0   23.0    4.0
1964 11 12    0.0   26.0    2.0
1964 11 13    0.0   19.0    1.0
1964 11 14    0.0   16.0    5.0
1964 11 15    0.0   17.0    7.0
1964 11 16    0.0   22.0    1.0
1964 11 17    2.0   15.0    1.0
1964 11 18    0.0   17.0    5.0
1964 11 19    0.0   18.0    1.0
1964 11 20    0.0   21.0    1.0
1964 11 21    0.0   13.0    1.0
1964 11 22    0.0   18.0    7.0
1964 11 23    0.0   26.0    1.0
1964 11 24    0.0   24.0    2.0
1964 11 25    0.0   25.0    1.0
1964 11 26    0.0   21.0    3.0
1964 11 27    0.0   24.0    4.0
1964 11 28    0.0   25.0    1.0
1964 11 29    0.0   24.0    1.0
1964 11 30    0.0   25.0    1.0
1964 12  1    0.0   22.0    2.0
1964 12  2    0.0   14.0    1.0
1964 12  3    0.0   14.0    6.0
1964 12  4    0.0   22.0    1.0
1964 12  5    0.0   19.0    1.0
1964 12  6    0.0   18.0    3.0
1964 12  7    0.0   16.0    3.0
1964 12  8   10.0   15.0    2.0
1964 12  9   11.0   11.0    1.0
1964 12 10    0.0   17.0  -11.0
1964 12 11    0.0   17.0   -7.0
1964 12 12    0.0   24.0   -7.0
1964 12 13    0.0   18.0   -8.0
1964 12 14    0.0   15.0   -7.0
1964 12 15    5.0   10.0   -8.0
1964 12 16    3.0   19.0   -3.0
1964 12 17    3.0   17.0    2.0
1964 12 18    0.0   16.0    3.0
1964 12 19    0.0   22.0    1.0
1964 12 20    0.0   25.0    1.0
1964 12 21    0.0   21.0    1.0
1964 12 22    0.0   26.0    2.0
1964 12 23    0.0   23.0    1.0
1964 12 24    0.0   16.0    2.0
1964 12 25    0.0   20.0    8.0
1964 12 26    0.0   21.0    1.0
1964 12 27    0.0   25.0    0.0
1964 12 28    0.0   24.0    0.0
1964 12 29    0.0   26.0    1.0
1964 12 30    0.0   26.0    0.0
1964 12 31    0.0   24.0   -2.0
1965  1  1    0.0   12.0   -1.0
1965  1  2    0.0   14.0    2.0
1965  1  3    0.0   15.0    4.0
1965  1  4    0.0   21.0    4.0
1965  1  5    0.0   22.0    0.0
1965  1  6    0.0   19.0    0.0
1965  1  7    0.0   20.0    0.0
1965  1  8    0.0   20.0    2.0
1965  1  9    0.0   22.0    1.0
1965  1 10    0.0   21.0    0.0
1965  1 11    0.0   17.0    0.0
1965  1 12    0.0   16.0    2.0
1965  1 13    0.0   21.0    5.0
1965  1 14    0.0   15.0    1.0
1965  1 15    0.0   16.0    7.0
1965  1 16    0.0   13.0    1.0
1965  1 17    0.0   20.0    0.0
1965  1 18    0.0   22.0    0.0
1965  1 19    0.0   15.0    1.0
1965  1 20    0.0   11.0    9.0
1965  1 21    1.0   15.0    0.0
1965  1 22    0.0   17.0    0.0
1965  1 23    0.0   23.0    0.0
1965  1 24    0.0   25.0    0.0
1965  1 25    0.0   24.0    7.0
1965  1 26    0.0   28.0    0.0
1965  1 27    0.0   23.0    0.0
1965  1 28    0.0   26.0    0.0
1965  1 29    0.0   28.0    2.0
1965  1 30    0.0   28.0    2.0
1965  1 31    1.0   27.0    1.0
1965  2  1    0.0   21.0    5.0
1965  2  2    0.0    9.0    7.0
1965  2  3    8.0   10.0   -8.0
1965  2  4    0.0    9.0   -7.0
1965  2  5    0.0   18.0   -5.0
1965  2  6    0.0   14.0  -11.0
1965  2  7    0.0   13.0  -12.0
1965  2  8    5.0   19.0  -10.0
1965  2  9    0.0   20.0   -8.0
1965  2 10    0.0   17.0   -7.0
1965  2 11    0.0   19.0   -8.0
1965  2 12    0.0   23.0   -3.0
1965  2 13    0.0   20.0   -5.0
1965  2 14    0.0   27.0   -3.0
1965  2 15    0.0   20.0   -4.0
1965  2 16    0.0   21.0   -5.0
1965  2 17    0.0   18.0   -8.0
1965  2 18    0.0   18.0   -6.0
1965  2 19    0.0   20.0   -6.0
1965  2 20    0.0   24.0   -5.0
1965  2 21    0.0   20.0   -6.0
1965  2 22    0.0   16.0   -3.0
1965  2 23    0.0   20.0   -8.0
1965  2 24    0.0   20.0   -9.0
1965  2 25    0.0   22.0   -9.0
1965  2 26    0.0   21.0   -9.0
1965  2 27    0.0   20.0  -10.0
1965  2 28    0.0   19.0  -13.0
1965  3  1    0.0   20.0  -11.0
1965  3  2    0.0   20.0   -8.0
1965  3  3    0.0   23.0   -8.0
1965  3  4    0.0   19.0   -6.0
1965  3  5    0.0   25.0   -7.0
1965  3  6    0.0   24.0   -7.0
1965  3  7    0.0   16.0   -8.0
1965  3  8    0.0   21.0  -10.0
1965  3  9    0.0   20.0  -13.0
1965  3 10    2.0   18.0  -14.0
1965  3 11    2.0   17.0   -7.0
1965  3 12    0.0   22.0   -3.0
1965  3 13    0.0   25.0    0.0
1965  3 14    0.0   26.0   -2.0
1965  3 15    0.0   18.0    1.0
1965  3 16    0.0   25.0    7.0
1965  3 17    0.0   26.0    1.0
1965  3 18    0.0   22.0    2.0
1965  3 19    0.0   23.0  -10.0
1965  3 20    0.0   25.0  -12.0
1965  3 21    0.0   25.0  -11.0
1965  3 22    0.0   19.0  -12.0
1965  3 23    0.0   19.0  -15.0
1965  3 24    0.0   18.0  -17.0
1965  3 25    0.0   27.0   -7.0
1965  3 26    0.0   25.0  -13.0
1965  3 27    0.0   22.0  -13.0
1965  3 28    0.0   23.0  -13.0
1965  3 29    0.0   26.0   -4.0
1965  3 30    0.0   18.0    5.0
1965  3 31    0.0   22.0    5.0
1965  4  1    0.0   19.0    3.0
1965  4  2    0.0   20.0    2.0
1965  4  3    0.0   19.0    2.0
1965  4  4    0.0   19.0    6.0
1965  4  5    0.0   22.0    3.0
1965  4  6    0.0   23.0    1.0
1965  4  7    0.0   22.0    4.0
1965  4  8    0.0   23.0    2.0
1965  4  9    0.0   17.0    1.0
1965  4 10    0.0   18.0    4.0
1965  4 11    0.0   24.0    2.0
1965  4 12    0.0   23.0    2.0
1965  4 13    0.0   18.0    4.0
1965  4 14    0.0   23.0    7.0
1965  4 15    0.0   20.0    3.0
1965  4 16    0.0   21.0    4.0
1965  4 17    0.0   19.0    4.0
1965  4 18    0.0   21.0    3.0
1965  4 19    0.0   21.0    6.0
1965  4 20    0.0   22.0    6.0
1965  4 21    0.0   23.0    6.0
1965  4 22    0.0   25.0    5.0
1965  4 23    0.0   23.0    5.0
1965  4 24    0.0   22.0    5.0
1965  4 25    0.0   20.0    4.0
1965  4 26    0.0   18.0    3.0
1965  4 27    0.0   20.0    3.0
1965  4 28    0.0   15.0    3.0
1965  4 29    0.0   15.0    2.0
1965  4 30    0.0   18.0    5.0
1965  5  1    0.0   19.0    9.0
1965  5  2    0.0   19.0    4.0
1965  5  3    0.0   15.0    5.0
1965  5  4    0.0   19.0    3.0
1965  5  5    0.0   18.0    4.0
1965  5  6    0.0   23.0    6.0
1965  5  7    0.0   18.0    4.0
1965  5  8    0.0   19.0    6.0
1965  5  9    0.0   18.0    6.0
1965  5 10    0.0   20.0    6.0
1965  5 11    0.0   22.0    4.0
1965  5 12    0.0   23.0    3.0
1965  5 13    0.0   19.0    6.0
1965  5 14    0.0   19.0    6.0
1965  5 15    0.0   19.0    5.0
1965  5 16    0.0   18.0    6.0
1965  5 17    0.0   20.0    7.0
1965  5 18    0.0   23.0    8.0
1965  5 19    0.0   19.0    3.0
1965  5 20    0.0   18.0    5.0
1965  5 21    0.0   19.0    4.0
1965  5 22    0.0   22.0    4.0
1965  5 23    0.0   18.0    3.0
1965  5 24    0.0   16.0    5.0
1965  5 25    0.0   20.0    8.0
1965  5 26    0.0   22.0    3.0
1965  5 27    0.0   25.0    3.0
1965  5 28    0.0   26.0    7.0
1965  5 29    0.0   26.0    4.0
1965  5 30    0.0   22.0    5.0
1965  5 31    0.0   22.0    8.0
1965  6  1    0.0   27.0    5.0
1965  6  2    0.0   22.0    2.0
1965  6  3    0.0   24.0    5.0
1965  6  4    0.0   27.0    7.0
1965  6  5    0.0   19.0    7.0
1965  6  6    0.0   21.0    7.0
1965  6  7    0.0   24.0    7.0
1965  6  8    0.0   22.0    5.0
1965  6  9    0.0   24.0    6.0
1965  6 10    0.0   24.0    6.0
1965  6 11    0.0   24.0    5.0
1965  6 12    0.0   27.0    5.0
1965  6 13    0.0   26.0    5.0
1965  6 14    0.0   26.0    7.0
1965  6 15    0.0   17.0    6.0
1965  6 16    0.0   17.0    7.0
1965  6 17    0.0   16.0    5.0
1965  6 18    1.0   17.0    6.0
1965  6 19    0.0   15.0    3.0
1965  6 20    0.0   15.0    3.0
1965  6 21    0.0   13.0    4.0
1965  6 22    0.0   17.0    6.0
1965  6 23    0.0   16.0    5.0
1965  6 24    5.5   16.0    3.0
1965  6 25    0.0   15.0    5.0
1965  6 26    0.0   16.0    5.0
1965  6 27    0.0   15.0    5.0
1965  6 28    0.0   18.0    5.0
1965  6 29    0.0   16.0    5.0
1965  6 30    0.0   13.0    4.0
1965  7  1  -99.9  -99.9  -99.9
1965  7  2  -99.9  -99.9  -99.9
1965  7  3  -99.9  -99.9  -99.9
1965  7  4  -99.9  -99.9  -99.9
1965  7  5  -99.9  -99.9  -99.9
1965  7  6  -99.9  -99.9  -99.9
1965  7  7  -99.9  -99.9  -99.9
1965  7  8  -99.9  -99.9  -99.9
1965  7  9  -99.9  -99.9  -99.9
1965  7 10  -99.9  -99.9  -99.9
1965  7 11  -99.9  -99.9  -99.9
1965  7 12  -99.9  -99.9  -99.9
1965  7 13  -99.9  -99.9  -99.9
1965  7 14  -99.9  -99.9  -99.9
1965  7 15  -99.9  -99.9  -99.9
1965  7 16  -99.9  -99.9  -99.9
1965  7 17  -99.9  -99.9  -99.9
1965  7 18  -99.9  -99.9  -99.9
1965  7 19  -99.9  -99.9  -99.9
1965  7 20  -99.9  -99.9  -99.9
1965  7 21  -99.9  -99.9  -99.9
1965  7 22  -99.9  -99.9  -99.9
1965  7 23  -99.9  -99.9  -99.9
1965  7 24  -99.9  -99.9  -99.9
1965  7 25  -99.9  -99.9  -99.9
1965  7 26  -99.9  -99.9  -99.9
1965  7 27  -99.9  -99.9  -99.9
1965  7 28  -99.9  -99.9  -99.9
1965  7 29  -99.9  -99.9  -99.9
1965  7 30  -99.9  -99.9  -99.9
1965  7 31  -99.9  -99.9  -99.9
1965  8  1  -99.9  -99.9  -99.9
1965  8  2  -99.9  -99.9  -99.9
1965  8  3  -99.9  -99.9  -99.9
1965  8  4  -99.9  -99.9  -99.9
1965  8  5  -99.9  -99.9  -99.9
1965  8  6  -99.9  -99.9  -99.9
1965  8  7  -99.9  -99.9  -99.9
1965  8  8  -99.9  -99.9  -99.9
1965  8  9  -99.9  -99.9  -99.9
1965  8 10  -99.9  -99.9  -99.9
1965  8 11  -99.9  -99.9  -99.9
1965  8 12  -99.9  -99.9  -99.9
1965  8 13  -99.9  -99.9  -99.9
1965  8 14  -99.9  -99.9  -99.9
1965  8 15  -99.9  -99.9  -99.9
1965  8 16  -99.9  -99.9  -99.9
1965  8 17  -99.9  -99.9  -99.9
1965  8 18  -99.9  -99.9  -99.9
1965  8 19  -99.9  -99.9  -99.9
1965  8 20  -99.9  -99.9  -99.9
1965  8 21  -99.9  -99.9  -99.9
1965  8 22  -99.9  -99.9  -99.9
1965  8 23  -99.9  -99.9  -99.9
1965  8 24  -99.9  -99.9  -99.9
1965  8 25  -99.9  -99.9  -99.9
1965  8 26  -99.9  -99.9  -99.9
1965  8 27  -99.9  -99.9  -99.9
1965  8 28  -99.9  -99.9  -99.9
1965  8 29  -99.9  -99.9  -99.9
1965  8 30  -99.9  -99.9  -99.9
1965  8 31  -99.9  -99.9  -99.9
1965  9  1  -99.9  -99.9  -99.9
1965  9  2  -99.9  -99.9  -99.9
1965  9  3  -99.9  -99.9  -99.9
1965  9  4  -99.9  -99.9  -99.9
1965  9  5  -99.9  -99.9  -99.9
1965  9  6  -99.9  -99.9  -99.9
1965  9  7  -99.9  -99.9  -99.9
1965  9  8  -99.9  -99.9  -99.9
1965  9  9  -99.9  -99.9  -99.9
1965  9 10  -99.9  -99.9  -99.9
1965  9 11  -99.9  -99.9  -99.9
1965  9 12  -99.9  -99.9  -99.9
1965  9 13  -99.9  -99.9  -99.9
1965  9 14  -99.9  -99.9  -99.9
1965  9 15  -99.9  -99.9  -99.9
1965  9 16  -99.9  -99.9  -99.9
1965  9 17  -99.9  -99.9  -99.9
1965  9 18  -99.9  -99.9  -99.9
1965  9 19  -99.9  -99.9  -99.9
1965  9 20  -99.9  -99.9  -99.9
1965  9 21  -99.9  -99.9  -99.9
1965  9 22  -99.9  -99.9  -99.9
1965  9 23  -99.9  -99.9  -99.9
1965  9 24  -99.9  -99.9  -99.9
1965  9 25  -99.9  -99.9  -99.9
1965  9 26  -99.9  -99.9  -99.9
1965  9 27  -99.9  -99.9  -99.9
1965  9 28  -99.9  -99.9  -99.9
1965  9 29  -99.9  -99.9  -99.9
1965  9 30  -99.9  -99.9  -99.9
1965 10  1  -99.9  -99.9  -99.9
1965 10  2  -99.9  -99.9  -99.9
1965 10  3  -99.9  -99.9  -99.9
1965 10  4  -99.9  -99.9  -99.9
1965 10  5  -99.9  -99.9  -99.9
1965 10  6  -99.9  -99.9  -99.9
1965 10  7  -99.9  -99.9  -99.9
1965 10  8  -99.9  -99.9  -99.9
1965 10  9  -99.9  -99.9  -99.9
1965 10 10  -99.9  -99.9  -99.9
1965 10 11  -99.9  -99.9  -99.9
1965 10 12  -99.9  -99.9  -99.9
1965 10 13  -99.9  -99.9  -99.9
1965 10 14  -99.9  -99.9  -99.9
1965 10 15  -99.9  -99.9  -99.9
1965 10 16  -99.9  -99.9  -99.9
1965 10 17  -99.9  -99.9  -99.9
1965 10 18  -99.9  -99.9  -99.9
1965 10 19  -99.9  -99.9  -99.9
1965 10 20  -99.9  -99.9  -99.9
1965 10 21  -99.9  -99.9  -99.9
1965 10 22  -99.9  -99.9  -99.9
1965 10 23  -99.9  -99.9  -99.9
1965 10 24  -99.9  -99.9  -99.9
1965 10 25  -99.9  -99.9  -99.9
1965 10 26  -99.9  -99.9  -99.9
1965 10 27  -99.9  -99.9  -99.9
1965 10 28  -99.9  -99.9  -99.9
1965 10 29  -99.9  -99.9  -99.9
1965 10 30  -99.9  -99.9  -99.9
1965 10 31  -99.9  -99.9  -99.9
1965 11  1  -99.9  -99.9  -99.9
1965 11  2  -99.9  -99.9  -99.9
1965 11  3  -99.9  -99.9  -99.9
1965 11  4  -99.9  -99.9  -99.9
1965 11  5  -99.9  -99.9  -99.9
1965 11  6  -99.9  -99.9  -99.9
1965 11  7  -99.9  -99.9  -99.9
1965 11  8  -99.9  -99.9  -99.9
1965 11  9  -99.9  -99.9  -99.9
1965 11 10  -99.9  -99.9  -99.9
1965 11 11  -99.9  -99.9  -99.9
1965 11 12  -99.9  -99.9  -99.9
1965 11 13  -99.9  -99.9  -99.9
1965 11 14  -99.9  -99.9  -99.9
1965 11 15  -99.9  -99.9  -99.9
1965 11 16  -99.9  -99.9  -99.9
1965 11 17  -99.9  -99.9  -99.9
1965 11 18  -99.9  -99.9  -99.9
1965 11 19  -99.9  -99.9  -99.9
1965 11 20  -99.9  -99.9  -99.9
1965 11 21  -99.9  -99.9  -99.9
1965 11 22  -99.9  -99.9  -99.9
1965 11 23  -99.9  -99.9  -99.9
1965 11 24  -99.9  -99.9  -99.9
1965 11 25  -99.9  -99.9  -99.9
1965 11 26  -99.9  -99.9  -99.9
1965 11 27  -99.9  -99.9  -99.9
1965 11 28  -99.9  -99.9  -99.9
1965 11 29  -99.9  -99.9  -99.9
1965 11 30  -99.9  -99.9  -99.9
1965 12  1  -99.9  -99.9  -99.9
1965 12  2  -99.9  -99.9  -99.9
1965 12  3  -99.9  -99.9  -99.9
1965 12  4  -99.9  -99.9  -99.9
1965 12  5  -99.9  -99.9  -99.9
1965 12  6  -99.9  -99.9  -99.9
1965 12  7  -99.9  -99.9  -99.9
1965 12  8  -99.9  -99.9  -99.9
1965 12  9  -99.9  -99.9  -99.9
1965 12 10  -99.9  -99.9  -99.9
1965 12 11  -99.9  -99.9  -99.9
1965 12 12  -99.9  -99.9  -99.9
1965 12 13  -99.9  -99.9  -99.9
1965 12 14  -99.9  -99.9  -99.9
1965 12 15  -99.9  -99.9  -99.9
1965 12 16  -99.9  -99.9  -99.9
1965 12 17  -99.9  -99.9  -99.9
1965 12 18  -99.9  -99.9  -99.9
1965 12 19  -99.9  -99.9  -99.9
1965 12 20  -99.9  -99.9  -99.9
1965 12 21  -99.9  -99.9  -99.9
1965 12 22  -99.9  -99.9  -99.9
1965 12 23  -99.9  -99.9  -99.9
1965 12 24  -99.9  -99.9  -99.9
1965 12 25  -99.9  -99.9  -99.9
1965 12 26  -99.9  -99.9  -99.9
1965 12 27  -99.9  -99.9  -99.9
1965 12 28  -99.9  -99.9  -99.9
1965 12 29  -99.9  -99.9  -99.9
1965 12 30  -99.9  -99.9  -99.9
1965 12 31  -99.9  -99.9  -99.9
1966  1  1  -99.9  -99.9  -99.9
1966  1  2  -99.9  -99.9  -99.9
1966  1  3  -99.9  -99.9  -99.9
1966  1  4  -99.9  -99.9  -99.9
1966  1  5  -99.9  -99.9  -99.9
1966  1  6  -99.9  -99.9  -99.9
1966  1  7  -99.9  -99.9  -99.9
1966  1  8  -99.9  -99.9  -99.9
1966  1  9  -99.9  -99.9  -99.9
1966  1 10  -99.9  -99.9  -99.9
1966  1 11  -99.9  -99.9  -99.9
1966  1 12  -99.9  -99.9  -99.9
1966  1 13  -99.9  -99.9  -99.9
1966  1 14  -99.9  -99.9  -99.9
1966  1 15  -99.9  -99.9  -99.9
1966  1 16  -99.9  -99.9  -99.9
1966  1 17  -99.9  -99.9  -99.9
1966  1 18  -99.9  -99.9  -99.9
1966  1 19  -99.9  -99.9  -99.9
1966  1 20  -99.9  -99.9  -99.9
1966  1 21  -99.9  -99.9  -99.9
1966  1 22  -99.9  -99.9  -99.9
1966  1 23  -99.9  -99.9  -99.9
1966  1 24  -99.9  -99.9  -99.9
1966  1 25  -99.9  -99.9  -99.9
1966  1 26  -99.9  -99.9  -99.9
1966  1 27  -99.9  -99.9  -99.9
1966  1 28  -99.9  -99.9  -99.9
1966  1 29  -99.9  -99.9  -99.9
1966  1 30  -99.9  -99.9  -99.9
1966  1 31  -99.9  -99.9  -99.9
1966  2  1  -99.9  -99.9  -99.9
1966  2  2  -99.9  -99.9  -99.9
1966  2  3  -99.9  -99.9  -99.9
1966  2  4  -99.9  -99.9  -99.9
1966  2  5  -99.9  -99.9  -99.9
1966  2  6  -99.9  -99.9  -99.9
1966  2  7  -99.9  -99.9  -99.9
1966  2  8  -99.9  -99.9  -99.9
1966  2  9  -99.9  -99.9  -99.9
1966  2 10  -99.9  -99.9  -99.9
1966  2 11  -99.9  -99.9  -99.9
1966  2 12  -99.9  -99.9  -99.9
1966  2 13  -99.9  -99.9  -99.9
1966  2 14  -99.9  -99.9  -99.9
1966  2 15  -99.9  -99.9  -99.9
1966  2 16  -99.9  -99.9  -99.9
1966  2 17  -99.9  -99.9  -99.9
1966  2 18  -99.9  -99.9  -99.9
1966  2 19  -99.9  -99.9  -99.9
1966  2 20  -99.9  -99.9  -99.9
1966  2 21  -99.9  -99.9  -99.9
1966  2 22  -99.9  -99.9  -99.9
1966  2 23  -99.9  -99.9  -99.9
1966  2 24  -99.9  -99.9  -99.9
1966  2 25  -99.9  -99.9  -99.9
1966  2 26  -99.9  -99.9  -99.9
1966  2 27  -99.9  -99.9  -99.9
1966  2 28  -99.9  -99.9  -99.9
1966  3  1  -99.9  -99.9  -99.9
1966  3  2  -99.9  -99.9  -99.9
1966  3  3  -99.9  -99.9  -99.9
1966  3  4  -99.9  -99.9  -99.9
1966  3  5  -99.9  -99.9  -99.9
1966  3  6  -99.9  -99.9  -99.9
1966  3  7  -99.9  -99.9  -99.9
1966  3  8  -99.9  -99.9  -99.9
1966  3  9  -99.9  -99.9  -99.9
1966  3 10  -99.9  -99.9  -99.9
1966  3 11  -99.9  -99.9  -99.9
1966  3 12  -99.9  -99.9  -99.9
1966  3 13  -99.9  -99.9  -99.9
1966  3 14  -99.9  -99.9  -99.9
1966  3 15  -99.9  -99.9  -99.9
1966  3 16  -99.9  -99.9  -99.9
1966  3 17  -99.9  -99.9  -99.9
1966  3 18  -99.9  -99.9  -99.9
1966  3 19  -99.9  -99.9  -99.9
1966  3 20  -99.9  -99.9  -99.9
1966  3 21  -99.9  -99.9  -99.9
1966  3 22  -99.9  -99.9  -99.9
1966  3 23  -99.9  -99.9  -99.9
1966  3 24  -99.9  -99.9  -99.9
1966  3 25  -99.9  -99.9  -99.9
1966  3 26  -99.9  -99.9  -99.9
1966  3 27  -99.9  -99.9  -99.9
1966  3 28  -99.9  -99.9  -99.9
1966  3 29  -99.9  -99.9  -99.9
1966  3 30  -99.9  -99.9  -99.9
1966  3 31  -99.9  -99.9  -99.9
1966  4  1  -99.9  -99.9  -99.9
1966  4  2  -99.9  -99.9  -99.9
1966  4  3  -99.9  -99.9  -99.9
1966  4  4  -99.9  -99.9  -99.9
1966  4  5  -99.9  -99.9  -99.9
1966  4  6  -99.9  -99.9  -99.9
1966  4  7  -99.9  -99.9  -99.9
1966  4  8  -99.9  -99.9  -99.9
1966  4  9  -99.9  -99.9  -99.9
1966  4 10  -99.9  -99.9  -99.9
1966  4 11  -99.9  -99.9  -99.9
1966  4 12  -99.9  -99.9  -99.9
1966  4 13  -99.9  -99.9  -99.9
1966  4 14  -99.9  -99.9  -99.9
1966  4 15  -99.9  -99.9  -99.9
1966  4 16  -99.9  -99.9  -99.9
1966  4 17  -99.9  -99.9  -99.9
1966  4 18  -99.9  -99.9  -99.9
1966  4 19  -99.9  -99.9  -99.9
1966  4 20  -99.9  -99.9  -99.9
1966  4 21  -99.9  -99.9  -99.9
1966  4 22  -99.9  -99.9  -99.9
1966  4 23  -99.9  -99.9  -99.9
1966  4 24  -99.9  -99.9  -99.9
1966  4 25  -99.9  -99.9  -99.9
1966  4 26  -99.9  -99.9  -99.9
1966  4 27  -99.9  -99.9  -99.9
1966  4 28  -99.9  -99.9  -99.9
1966  4 29  -99.9  -99.9  -99.9
1966  4 30  -99.9  -99.9  -99.9
1966  5  1  -99.9  -99.9  -99.9
1966  5  2  -99.9  -99.9  -99.9
1966  5  3  -99.9  -99.9  -99.9
1966  5  4  -99.9  -99.9  -99.9
1966  5  5  -99.9  -99.9  -99.9
1966  5  6  -99.9  -99.9  -99.9
1966  5  7  -99.9  -99.9  -99.9
1966  5  8  -99.9  -99.9  -99.9
1966  5  9  -99.9  -99.9  -99.9
1966  5 10  -99.9  -99.9  -99.9
1966  5 11  -99.9  -99.9  -99.9
1966  5 12  -99.9  -99.9  -99.9
1966  5 13  -99.9  -99.9  -99.9
1966  5 14  -99.9  -99.9  -99.9
1966  5 15  -99.9  -99.9  -99.9
1966  5 16  -99.9  -99.9  -99.9
1966  5 17  -99.9  -99.9  -99.9
1966  5 18  -99.9  -99.9  -99.9
1966  5 19  -99.9  -99.9  -99.9
1966  5 20  -99.9  -99.9  -99.9
1966  5 21  -99.9  -99.9  -99.9
1966  5 22  -99.9  -99.9  -99.9
1966  5 23  -99.9  -99.9  -99.9
1966  5 24  -99.9  -99.9  -99.9
1966  5 25  -99.9  -99.9  -99.9
1966  5 26  -99.9  -99.9  -99.9
1966  5 27  -99.9  -99.9  -99.9
1966  5 28  -99.9  -99.9  -99.9
1966  5 29  -99.9  -99.9  -99.9
1966  5 30  -99.9  -99.9  -99.9
1966  5 31  -99.9  -99.9  -99.9
1966  6  1  -99.9  -99.9  -99.9
1966  6  2  -99.9  -99.9  -99.9
1966  6  3  -99.9  -99.9  -99.9
1966  6  4  -99.9  -99.9  -99.9
1966  6  5  -99.9  -99.9  -99.9
1966  6  6  -99.9  -99.9  -99.9
1966  6  7  -99.9  -99.9  -99.9
1966  6  8  -99.9  -99.9  -99.9
1966  6  9  -99.9  -99.9  -99.9
1966  6 10  -99.9  -99.9  -99.9
1966  6 11  -99.9  -99.9  -99.9
1966  6 12  -99.9  -99.9  -99.9
1966  6 13  -99.9  -99.9  -99.9
1966  6 14  -99.9  -99.9  -99.9
1966  6 15  -99.9  -99.9  -99.9
1966  6 16  -99.9  -99.9  -99.9
1966  6 17  -99.9  -99.9  -99.9
1966  6 18  -99.9  -99.9  -99.9
1966  6 19  -99.9  -99.9  -99.9
1966  6 20  -99.9  -99.9  -99.9
1966  6 21  -99.9  -99.9  -99.9
1966  6 22  -99.9  -99.9  -99.9
1966  6 23  -99.9  -99.9  -99.9
1966  6 24  -99.9  -99.9  -99.9
1966  6 25  -99.9  -99.9  -99.9
1966  6 26  -99.9  -99.9  -99.9
1966  6 27  -99.9  -99.9  -99.9
1966  6 28  -99.9  -99.9  -99.9
1966  6 29  -99.9  -99.9  -99.9
1966  6 30  -99.9  -99.9  -99.9
1966  7  1  -99.9  -99.9  -99.9
1966  7  2  -99.9  -99.9  -99.9
1966  7  3  -99.9  -99.9  -99.9
1966  7  4  -99.9  -99.9  -99.9
1966  7  5  -99.9  -99.9  -99.9
1966  7  6  -99.9  -99.9  -99.9
1966  7  7  -99.9  -99.9  -99.9
1966  7  8  -99.9  -99.9  -99.9
1966  7  9  -99.9  -99.9  -99.9
1966  7 10  -99.9  -99.9  -99.9
1966  7 11  -99.9  -99.9  -99.9
1966  7 12  -99.9  -99.9  -99.9
1966  7 13  -99.9  -99.9  -99.9
1966  7 14  -99.9  -99.9  -99.9
1966  7 15  -99.9  -99.9  -99.9
1966  7 16  -99.9  -99.9  -99.9
1966  7 17  -99.9  -99.9  -99.9
1966  7 18  -99.9  -99.9  -99.9
1966  7 19  -99.9  -99.9  -99.9
1966  7 20  -99.9  -99.9  -99.9
1966  7 21  -99.9  -99.9  -99.9
1966  7 22  -99.9  -99.9  -99.9
1966  7 23  -99.9  -99.9  -99.9
1966  7 24  -99.9  -99.9  -99.9
1966  7 25  -99.9  -99.9  -99.9
1966  7 26  -99.9  -99.9  -99.9
1966  7 27  -99.9  -99.9  -99.9
1966  7 28  -99.9  -99.9  -99.9
1966  7 29  -99.9  -99.9  -99.9
1966  7 30  -99.9  -99.9  -99.9
1966  7 31  -99.9  -99.9  -99.9
1966  8  1  -99.9  -99.9  -99.9
1966  8  2  -99.9  -99.9  -99.9
1966  8  3  -99.9  -99.9  -99.9
1966  8  4  -99.9  -99.9  -99.9
1966  8  5  -99.9  -99.9  -99.9
1966  8  6  -99.9  -99.9  -99.9
1966  8  7  -99.9  -99.9  -99.9
1966  8  8  -99.9  -99.9  -99.9
1966  8  9  -99.9  -99.9  -99.9
1966  8 10  -99.9  -99.9  -99.9
1966  8 11  -99.9  -99.9  -99.9
1966  8 12  -99.9  -99.9  -99.9
1966  8 13  -99.9  -99.9  -99.9
1966  8 14  -99.9  -99.9  -99.9
1966  8 15  -99.9  -99.9  -99.9
1966  8 16  -99.9  -99.9  -99.9
1966  8 17  -99.9  -99.9  -99.9
1966  8 18  -99.9  -99.9  -99.9
1966  8 19  -99.9  -99.9  -99.9
1966  8 20  -99.9  -99.9  -99.9
1966  8 21  -99.9  -99.9  -99.9
1966  8 22  -99.9  -99.9  -99.9
1966  8 23  -99.9  -99.9  -99.9
1966  8 24  -99.9  -99.9  -99.9
1966  8 25  -99.9  -99.9  -99.9
1966  8 26  -99.9  -99.9  -99.9
1966  8 27  -99.9  -99.9  -99.9
1966  8 28  -99.9  -99.9  -99.9
1966  8 29  -99.9  -99.9  -99.9
1966  8 30  -99.9  -99.9  -99.9
1966  8 31  -99.9  -99.9  -99.9
1966  9  1  -99.9  -99.9  -99.9
1966  9  2  -99.9  -99.9  -99.9
1966  9  3  -99.9  -99.9  -99.9
1966  9  4  -99.9  -99.9  -99.9
1966  9  5  -99.9  -99.9  -99.9
1966  9  6  -99.9  -99.9  -99.9
1966  9  7  -99.9  -99.9  -99.9
1966  9  8  -99.9  -99.9  -99.9
1966  9  9  -99.9  -99.9  -99.9
1966  9 10  -99.9  -99.9  -99.9
1966  9 11  -99.9  -99.9  -99.9
1966  9 12  -99.9  -99.9  -99.9
1966  9 13  -99.9  -99.9  -99.9
1966  9 14  -99.9  -99.9  -99.9
1966  9 15  -99.9  -99.9  -99.9
1966  9 16  -99.9  -99.9  -99.9
1966  9 17  -99.9  -99.9  -99.9
1966  9 18  -99.9  -99.9  -99.9
1966  9 19  -99.9  -99.9  -99.9
1966  9 20  -99.9  -99.9  -99.9
1966  9 21  -99.9  -99.9  -99.9
1966  9 22  -99.9  -99.9  -99.9
1966  9 23  -99.9  -99.9  -99.9
1966  9 24  -99.9  -99.9  -99.9
1966  9 25  -99.9  -99.9  -99.9
1966  9 26  -99.9  -99.9  -99.9
1966  9 27  -99.9  -99.9  -99.9
1966  9 28  -99.9  -99.9  -99.9
1966  9 29  -99.9  -99.9  -99.9
1966  9 30  -99.9  -99.9  -99.9
1966 10  1  -99.9  -99.9  -99.9
1966 10  2  -99.9  -99.9  -99.9
1966 10  3  -99.9  -99.9  -99.9
1966 10  4  -99.9  -99.9  -99.9
1966 10  5  -99.9  -99.9  -99.9
1966 10  6  -99.9  -99.9  -99.9
1966 10  7  -99.9  -99.9  -99.9
1966 10  8  -99.9  -99.9  -99.9
1966 10  9  -99.9  -99.9  -99.9
1966 10 10  -99.9  -99.9  -99.9
1966 10 11  -99.9  -99.9  -99.9
1966 10 12  -99.9  -99.9  -99.9
1966 10 13  -99.9  -99.9  -99.9
1966 10 14  -99.9  -99.9  -99.9
1966 10 15  -99.9  -99.9  -99.9
1966 10 16  -99.9  -99.9  -99.9
1966 10 17  -99.9  -99.9  -99.9
1966 10 18  -99.9  -99.9  -99.9
1966 10 19  -99.9  -99.9  -99.9
1966 10 20  -99.9  -99.9  -99.9
1966 10 21  -99.9  -99.9  -99.9
1966 10 22  -99.9  -99.9  -99.9
1966 10 23  -99.9  -99.9  -99.9
1966 10 24  -99.9  -99.9  -99.9
1966 10 25  -99.9  -99.9  -99.9
1966 10 26  -99.9  -99.9  -99.9
1966 10 27  -99.9  -99.9  -99.9
1966 10 28  -99.9  -99.9  -99.9
1966 10 29  -99.9  -99.9  -99.9
1966 10 30  -99.9  -99.9  -99.9
1966 10 31  -99.9  -99.9  -99.9
1966 11  1  -99.9  -99.9  -99.9
1966 11  2  -99.9  -99.9  -99.9
1966 11  3  -99.9  -99.9  -99.9
1966 11  4  -99.9  -99.9  -99.9
1966 11  5  -99.9  -99.9  -99.9
1966 11  6  -99.9  -99.9  -99.9
1966 11  7  -99.9  -99.9  -99.9
1966 11  8  -99.9  -99.9  -99.9
1966 11  9  -99.9  -99.9  -99.9
1966 11 10  -99.9  -99.9  -99.9
1966 11 11  -99.9  -99.9  -99.9
1966 11 12  -99.9  -99.9  -99.9
1966 11 13  -99.9  -99.9  -99.9
1966 11 14  -99.9  -99.9  -99.9
1966 11 15  -99.9  -99.9  -99.9
1966 11 16  -99.9  -99.9  -99.9
1966 11 17  -99.9  -99.9  -99.9
1966 11 18  -99.9  -99.9  -99.9
1966 11 19  -99.9  -99.9  -99.9
1966 11 20  -99.9  -99.9  -99.9
1966 11 21  -99.9  -99.9  -99.9
1966 11 22  -99.9  -99.9  -99.9
1966 11 23  -99.9  -99.9  -99.9
1966 11 24  -99.9  -99.9  -99.9
1966 11 25  -99.9  -99.9  -99.9
1966 11 26  -99.9  -99.9  -99.9
1966 11 27  -99.9  -99.9  -99.9
1966 11 28  -99.9  -99.9  -99.9
1966 11 29  -99.9  -99.9  -99.9
1966 11 30  -99.9  -99.9  -99.9
1966 12  1  -99.9  -99.9  -99.9
1966 12  2  -99.9  -99.9  -99.9
1966 12  3  -99.9  -99.9  -99.9
1966 12  4  -99.9  -99.9  -99.9
1966 12  5  -99.9  -99.9  -99.9
1966 12  6  -99.9  -99.9  -99.9
1966 12  7  -99.9  -99.9  -99.9
1966 12  8  -99.9  -99.9  -99.9
1966 12  9  -99.9  -99.9  -99.9
1966 12 10  -99.9  -99.9  -99.9
1966 12 11  -99.9  -99.9  -99.9
1966 12 12  -99.9  -99.9  -99.9
1966 12 13  -99.9  -99.9  -99.9
1966 12 14  -99.9  -99.9  -99.9
1966 12 15  -99.9  -99.9  -99.9
1966 12 16  -99.9  -99.9  -99.9
1966 12 17  -99.9  -99.9  -99.9
1966 12 18  -99.9  -99.9  -99.9
1966 12 19  -99.9  -99.9  -99.9
1966 12 20  -99.9  -99.9  -99.9
1966 12 21  -99.9  -99.9  -99.9
1966 12 22  -99.9  -99.9  -99.9
1966 12 23  -99.9  -99.9  -99.9
1966 12 24  -99.9  -99.9  -99.9
1966 12 25  -99.9  -99.9  -99.9
1966 12 26  -99.9  -99.9  -99.9
1966 12 27  -99.9  -99.9  -99.9
1966 12 28  -99.9  -99.9  -99.9
1966 12 29  -99.9  -99.9  -99.9
1966 12 30  -99.9  -99.9  -99.9
1966 12 31  -99.9  -99.9  -99.9
1967  1  1  -99.9  -99.9  -99.9
1967  1  2  -99.9  -99.9  -99.9
1967  1  3  -99.9  -99.9  -99.9
1967  1  4  -99.9  -99.9  -99.9
1967  1  5  -99.9  -99.9  -99.9
1967  1  6  -99.9  -99.9  -99.9
1967  1  7  -99.9  -99.9  -99.9
1967  1  8  -99.9  -99.9  -99.9
1967  1  9  -99.9  -99.9  -99.9
1967  1 10  -99.9  -99.9  -99.9
1967  1 11  -99.9  -99.9  -99.9
1967  1 12  -99.9  -99.9  -99.9
1967  1 13  -99.9  -99.9  -99.9
1967  1 14  -99.9  -99.9  -99.9
1967  1 15  -99.9  -99.9  -99.9
1967  1 16  -99.9  -99.9  -99.9
1967  1 17  -99.9  -99.9  -99.9
1967  1 18  -99.9  -99.9  -99.9
1967  1 19  -99.9  -99.9  -99.9
1967  1 20  -99.9  -99.9  -99.9
1967  1 21  -99.9  -99.9  -99.9
1967  1 22  -99.9  -99.9  -99.9
1967  1 23  -99.9  -99.9  -99.9
1967  1 24  -99.9  -99.9  -99.9
1967  1 25  -99.9  -99.9  -99.9
1967  1 26  -99.9  -99.9  -99.9
1967  1 27  -99.9  -99.9  -99.9
1967  1 28  -99.9  -99.9  -99.9
1967  1 29  -99.9  -99.9  -99.9
1967  1 30  -99.9  -99.9  -99.9
1967  1 31  -99.9  -99.9  -99.9
1967  2  1  -99.9  -99.9  -99.9
1967  2  2  -99.9  -99.9  -99.9
1967  2  3  -99.9  -99.9  -99.9
1967  2  4  -99.9  -99.9  -99.9
1967  2  5  -99.9  -99.9  -99.9
1967  2  6  -99.9  -99.9  -99.9
1967  2  7  -99.9  -99.9  -99.9
1967  2  8  -99.9  -99.9  -99.9
1967  2  9  -99.9  -99.9  -99.9
1967  2 10  -99.9  -99.9  -99.9
1967  2 11  -99.9  -99.9  -99.9
1967  2 12  -99.9  -99.9  -99.9
1967  2 13  -99.9  -99.9  -99.9
1967  2 14  -99.9  -99.9  -99.9
1967  2 15  -99.9  -99.9  -99.9
1967  2 16  -99.9  -99.9  -99.9
1967  2 17  -99.9  -99.9  -99.9
1967  2 18  -99.9  -99.9  -99.9
1967  2 19  -99.9  -99.9  -99.9
1967  2 20  -99.9  -99.9  -99.9
1967  2 21  -99.9  -99.9  -99.9
1967  2 22  -99.9  -99.9  -99.9
1967  2 23  -99.9  -99.9  -99.9
1967  2 24  -99.9  -99.9  -99.9
1967  2 25  -99.9  -99.9  -99.9
1967  2 26  -99.9  -99.9  -99.9
1967  2 27  -99.9  -99.9  -99.9
1967  2 28  -99.9  -99.9  -99.9
1967  3  1  -99.9  -99.9  -99.9
1967  3  2  -99.9  -99.9  -99.9
1967  3  3  -99.9  -99.9  -99.9
1967  3  4  -99.9  -99.9  -99.9
1967  3  5  -99.9  -99.9  -99.9
1967  3  6  -99.9  -99.9  -99.9
1967  3  7  -99.9  -99.9  -99.9
1967  3  8  -99.9  -99.9  -99.9
1967  3  9  -99.9  -99.9  -99.9
1967  3 10  -99.9  -99.9  -99.9
1967  3 11  -99.9  -99.9  -99.9
1967  3 12  -99.9  -99.9  -99.9
1967  3 13  -99.9  -99.9  -99.9
1967  3 14  -99.9  -99.9  -99.9
1967  3 15  -99.9  -99.9  -99.9
1967  3 16  -99.9  -99.9  -99.9
1967  3 17  -99.9  -99.9  -99.9
1967  3 18  -99.9  -99.9  -99.9
1967  3 19  -99.9  -99.9  -99.9
1967  3 20  -99.9  -99.9  -99.9
1967  3 21  -99.9  -99.9  -99.9
1967  3 22  -99.9  -99.9  -99.9
1967  3 23  -99.9  -99.9  -99.9
1967  3 24  -99.9  -99.9  -99.9
1967  3 25  -99.9  -99.9  -99.9
1967  3 26  -99.9  -99.9  -99.9
1967  3 27  -99.9  -99.9  -99.9
1967  3 28  -99.9  -99.9  -99.9
1967  3 29  -99.9  -99.9  -99.9
1967  3 30  -99.9  -99.9  -99.9
1967  3 31  -99.9  -99.9  -99.9
1967  4  1  -99.9  -99.9  -99.9
1967  4  2  -99.9  -99.9  -99.9
1967  4  3  -99.9  -99.9  -99.9
1967  4  4  -99.9  -99.9  -99.9
1967  4  5  -99.9  -99.9  -99.9
1967  4  6  -99.9  -99.9  -99.9
1967  4  7  -99.9  -99.9  -99.9
1967  4  8  -99.9  -99.9  -99.9
1967  4  9  -99.9  -99.9  -99.9
1967  4 10  -99.9  -99.9  -99.9
1967  4 11  -99.9  -99.9  -99.9
1967  4 12  -99.9  -99.9  -99.9
1967  4 13  -99.9  -99.9  -99.9
1967  4 14  -99.9  -99.9  -99.9
1967  4 15  -99.9  -99.9  -99.9
1967  4 16  -99.9  -99.9  -99.9
1967  4 17  -99.9  -99.9  -99.9
1967  4 18  -99.9  -99.9  -99.9
1967  4 19  -99.9  -99.9  -99.9
1967  4 20  -99.9  -99.9  -99.9
1967  4 21  -99.9  -99.9  -99.9
1967  4 22  -99.9  -99.9  -99.9
1967  4 23  -99.9  -99.9  -99.9
1967  4 24  -99.9  -99.9  -99.9
1967  4 25  -99.9  -99.9  -99.9
1967  4 26  -99.9  -99.9  -99.9
1967  4 27  -99.9  -99.9  -99.9
1967  4 28  -99.9  -99.9  -99.9
1967  4 29  -99.9  -99.9  -99.9
1967  4 30  -99.9  -99.9  -99.9
1967  5  1  -99.9  -99.9  -99.9
1967  5  2  -99.9  -99.9  -99.9
1967  5  3  -99.9  -99.9  -99.9
1967  5  4  -99.9  -99.9  -99.9
1967  5  5  -99.9  -99.9  -99.9
1967  5  6  -99.9  -99.9  -99.9
1967  5  7  -99.9  -99.9  -99.9
1967  5  8  -99.9  -99.9  -99.9
1967  5  9  -99.9  -99.9  -99.9
1967  5 10  -99.9  -99.9  -99.9
1967  5 11  -99.9  -99.9  -99.9
1967  5 12  -99.9  -99.9  -99.9
1967  5 13  -99.9  -99.9  -99.9
1967  5 14  -99.9  -99.9  -99.9
1967  5 15  -99.9  -99.9  -99.9
1967  5 16  -99.9  -99.9  -99.9
1967  5 17  -99.9  -99.9  -99.9
1967  5 18  -99.9  -99.9  -99.9
1967  5 19  -99.9  -99.9  -99.9
1967  5 20  -99.9  -99.9  -99.9
1967  5 21  -99.9  -99.9  -99.9
1967  5 22  -99.9  -99.9  -99.9
1967  5 23  -99.9  -99.9  -99.9
1967  5 24  -99.9  -99.9  -99.9
1967  5 25  -99.9  -99.9  -99.9
1967  5 26  -99.9  -99.9  -99.9
1967  5 27  -99.9  -99.9  -99.9
1967  5 28  -99.9  -99.9  -99.9
1967  5 29  -99.9  -99.9  -99.9
1967  5 30  -99.9  -99.9  -99.9
1967  5 31  -99.9  -99.9  -99.9
1967  6  1  -99.9  -99.9  -99.9
1967  6  2  -99.9  -99.9  -99.9
1967  6  3  -99.9  -99.9  -99.9
1967  6  4  -99.9  -99.9  -99.9
1967  6  5  -99.9  -99.9  -99.9
1967  6  6  -99.9  -99.9  -99.9
1967  6  7  -99.9  -99.9  -99.9
1967  6  8  -99.9  -99.9  -99.9
1967  6  9  -99.9  -99.9  -99.9
1967  6 10  -99.9  -99.9  -99.9
1967  6 11  -99.9  -99.9  -99.9
1967  6 12  -99.9  -99.9  -99.9
1967  6 13  -99.9  -99.9  -99.9
1967  6 14  -99.9  -99.9  -99.9
1967  6 15  -99.9  -99.9  -99.9
1967  6 16  -99.9  -99.9  -99.9
1967  6 17  -99.9  -99.9  -99.9
1967  6 18  -99.9  -99.9  -99.9
1967  6 19  -99.9  -99.9  -99.9
1967  6 20  -99.9  -99.9  -99.9
1967  6 21  -99.9  -99.9  -99.9
1967  6 22  -99.9  -99.9  -99.9
1967  6 23  -99.9  -99.9  -99.9
1967  6 24  -99.9  -99.9  -99.9
1967  6 25  -99.9  -99.9  -99.9
1967  6 26  -99.9  -99.9  -99.9
1967  6 27  -99.9  -99.9  -99.9
1967  6 28  -99.9  -99.9  -99.9
1967  6 29  -99.9  -99.9  -99.9
1967  6 30  -99.9  -99.9  -99.9
1967  7  1  -99.9  -99.9  -99.9
1967  7  2  -99.9  -99.9  -99.9
1967  7  3  -99.9  -99.9  -99.9
1967  7  4  -99.9  -99.9  -99.9
1967  7  5  -99.9  -99.9  -99.9
1967  7  6  -99.9  -99.9  -99.9
1967  7  7  -99.9  -99.9  -99.9
1967  7  8  -99.9  -99.9  -99.9
1967  7  9  -99.9  -99.9  -99.9
1967  7 10  -99.9  -99.9  -99.9
1967  7 11  -99.9  -99.9  -99.9
1967  7 12  -99.9  -99.9  -99.9
1967  7 13  -99.9  -99.9  -99.9
1967  7 14  -99.9  -99.9  -99.9
1967  7 15  -99.9  -99.9  -99.9
1967  7 16  -99.9  -99.9  -99.9
1967  7 17  -99.9  -99.9  -99.9
1967  7 18  -99.9  -99.9  -99.9
1967  7 19  -99.9  -99.9  -99.9
1967  7 20  -99.9  -99.9  -99.9
1967  7 21  -99.9  -99.9  -99.9
1967  7 22  -99.9  -99.9  -99.9
1967  7 23  -99.9  -99.9  -99.9
1967  7 24  -99.9  -99.9  -99.9
1967  7 25  -99.9  -99.9  -99.9
1967  7 26  -99.9  -99.9  -99.9
1967  7 27  -99.9  -99.9  -99.9
1967  7 28  -99.9  -99.9  -99.9
1967  7 29  -99.9  -99.9  -99.9
1967  7 30  -99.9  -99.9  -99.9
1967  7 31  -99.9  -99.9  -99.9
1967  8  1  -99.9  -99.9  -99.9
1967  8  2  -99.9  -99.9  -99.9
1967  8  3  -99.9  -99.9  -99.9
1967  8  4  -99.9  -99.9  -99.9
1967  8  5  -99.9  -99.9  -99.9
1967  8  6  -99.9  -99.9  -99.9
1967  8  7  -99.9  -99.9  -99.9
1967  8  8  -99.9  -99.9  -99.9
1967  8  9  -99.9  -99.9  -99.9
1967  8 10  -99.9  -99.9  -99.9
1967  8 11  -99.9  -99.9  -99.9
1967  8 12  -99.9  -99.9  -99.9
1967  8 13  -99.9  -99.9  -99.9
1967  8 14  -99.9  -99.9  -99.9
1967  8 15  -99.9  -99.9  -99.9
1967  8 16  -99.9  -99.9  -99.9
1967  8 17  -99.9  -99.9  -99.9
1967  8 18  -99.9  -99.9  -99.9
1967  8 19  -99.9  -99.9  -99.9
1967  8 20  -99.9  -99.9  -99.9
1967  8 21  -99.9  -99.9  -99.9
1967  8 22  -99.9  -99.9  -99.9
1967  8 23  -99.9  -99.9  -99.9
1967  8 24  -99.9  -99.9  -99.9
1967  8 25  -99.9  -99.9  -99.9
1967  8 26  -99.9  -99.9  -99.9
1967  8 27  -99.9  -99.9  -99.9
1967  8 28  -99.9  -99.9  -99.9
1967  8 29  -99.9  -99.9  -99.9
1967  8 30  -99.9  -99.9  -99.9
1967  8 31  -99.9  -99.9  -99.9
1967  9  1  -99.9  -99.9  -99.9
1967  9  2  -99.9  -99.9  -99.9
1967  9  3  -99.9  -99.9  -99.9
1967  9  4  -99.9  -99.9  -99.9
1967  9  5  -99.9  -99.9  -99.9
1967  9  6  -99.9  -99.9  -99.9
1967  9  7  -99.9  -99.9  -99.9
1967  9  8  -99.9  -99.9  -99.9
1967  9  9  -99.9  -99.9  -99.9
1967  9 10  -99.9  -99.9  -99.9
1967  9 11  -99.9  -99.9  -99.9
1967  9 12  -99.9  -99.9  -99.9
1967  9 13  -99.9  -99.9  -99.9
1967  9 14  -99.9  -99.9  -99.9
1967  9 15  -99.9  -99.9  -99.9
1967  9 16  -99.9  -99.9  -99.9
1967  9 17  -99.9  -99.9  -99.9
1967  9 18  -99.9  -99.9  -99.9
1967  9 19  -99.9  -99.9  -99.9
1967  9 20  -99.9  -99.9  -99.9
1967  9 21  -99.9  -99.9  -99.9
1967  9 22  -99.9  -99.9  -99.9
1967  9 23  -99.9  -99.9  -99.9
1967  9 24  -99.9  -99.9  -99.9
1967  9 25  -99.9  -99.9  -99.9
1967  9 26  -99.9  -99.9  -99.9
1967  9 27  -99.9  -99.9  -99.9
1967  9 28  -99.9  -99.9  -99.9
1967  9 29  -99.9  -99.9  -99.9
1967  9 30  -99.9  -99.9  -99.9
1967 10  1  -99.9  -99.9  -99.9
1967 10  2  -99.9  -99.9  -99.9
1967 10  3  -99.9  -99.9  -99.9
1967 10  4  -99.9  -99.9  -99.9
1967 10  5  -99.9  -99.9  -99.9
1967 10  6  -99.9  -99.9  -99.9
1967 10  7  -99.9  -99.9  -99.9
1967 10  8  -99.9  -99.9  -99.9
1967 10  9  -99.9  -99.9  -99.9
1967 10 10  -99.9  -99.9  -99.9
1967 10 11  -99.9  -99.9  -99.9
1967 10 12  -99.9  -99.9  -99.9
1967 10 13  -99.9  -99.9  -99.9
1967 10 14  -99.9  -99.9  -99.9
1967 10 15  -99.9  -99.9  -99.9
1967 10 16  -99.9  -99.9  -99.9
1967 10 17  -99.9  -99.9  -99.9
1967 10 18  -99.9  -99.9  -99.9
1967 10 19  -99.9  -99.9  -99.9
1967 10 20  -99.9  -99.9  -99.9
1967 10 21  -99.9  -99.9  -99.9
1967 10 22  -99.9  -99.9  -99.9
1967 10 23  -99.9  -99.9  -99.9
1967 10 24  -99.9  -99.9  -99.9
1967 10 25  -99.9  -99.9  -99.9
1967 10 26  -99.9  -99.9  -99.9
1967 10 27  -99.9  -99.9  -99.9
1967 10 28  -99.9  -99.9  -99.9
1967 10 29  -99.9  -99.9  -99.9
1967 10 30  -99.9  -99.9  -99.9
1967 10 31  -99.9  -99.9  -99.9
1967 11  1  -99.9  -99.9  -99.9
1967 11  2  -99.9  -99.9  -99.9
1967 11  3  -99.9  -99.9  -99.9
1967 11  4  -99.9  -99.9  -99.9
1967 11  5  -99.9  -99.9  -99.9
1967 11  6  -99.9  -99.9  -99.9
1967 11  7  -99.9  -99.9  -99.9
1967 11  8  -99.9  -99.9  -99.9
1967 11  9  -99.9  -99.9  -99.9
1967 11 10  -99.9  -99.9  -99.9
1967 11 11  -99.9  -99.9  -99.9
1967 11 12  -99.9  -99.9  -99.9
1967 11 13  -99.9  -99.9  -99.9
1967 11 14  -99.9  -99.9  -99.9
1967 11 15  -99.9  -99.9  -99.9
1967 11 16  -99.9  -99.9  -99.9
1967 11 17  -99.9  -99.9  -99.9
1967 11 18  -99.9  -99.9  -99.9
1967 11 19  -99.9  -99.9  -99.9
1967 11 20  -99.9  -99.9  -99.9
1967 11 21  -99.9  -99.9  -99.9
1967 11 22  -99.9  -99.9  -99.9
1967 11 23  -99.9  -99.9  -99.9
1967 11 24  -99.9  -99.9  -99.9
1967 11 25  -99.9  -99.9  -99.9
1967 11 26  -99.9  -99.9  -99.9
1967 11 27  -99.9  -99.9  -99.9
1967 11 28  -99.9  -99.9  -99.9
1967 11 29  -99.9  -99.9  -99.9
1967 11 30  -99.9  -99.9  -99.9
1967 12  1    0.0   19.0    0.0
1967 12  2    0.0   20.0    0.0
1967 12  3    0.0   17.0   -1.0
1967 12  4    0.0   25.0    0.0
1967 12  5    0.0   26.0    0.0
1967 12  6    0.0   26.0    0.0
1967 12  7    0.0   28.0    0.0
1967 12  8    0.0   18.0    0.0
1967 12  9    0.0   19.0    0.0
1967 12 10    0.0   15.0    0.0
1967 12 11    0.0   23.0    0.0
1967 12 12    0.0   21.0    0.0
1967 12 13    0.0   13.0    0.0
1967 12 14    0.0    8.0    0.0
1967 12 15    7.0    8.0   -3.0
1967 12 16    0.0    9.0   -3.0
1967 12 17    0.0   14.0    0.0
1967 12 18    0.0   20.0    0.0
1967 12 19    0.0   16.0    0.0
1967 12 20    0.0   12.0    0.0
1967 12 21    0.0   19.0   -1.0
1967 12 22    0.0    7.0    0.0
1967 12 23    0.0    6.0    0.0
1967 12 24    0.0   15.0   -2.0
1967 12 25    0.0   19.0   -1.0
1967 12 26    0.0   15.0    0.0
1967 12 27    0.0   20.0   -1.0
1967 12 28    0.0   22.0    0.0
1967 12 29    0.0   19.0    0.0
1967 12 30    0.0   18.0    0.0
1967 12 31    0.0   22.0    0.0
1968  1  1    0.0   21.0    0.0
1968  1  2    0.0   23.0    0.0
1968  1  3    0.0   25.0    0.0
1968  1  4    0.0   20.0    0.0
1968  1  5    0.0   21.0    0.0
1968  1  6    0.0   14.0    5.0
1968  1  7    0.0   17.0    4.0
1968  1  8    0.0   22.0    4.0
1968  1  9    0.0   23.0    0.0
1968  1 10    0.0   22.0    0.0
1968  1 11    0.0   31.0    4.0
1968  1 12    0.0   19.0    4.0
1968  1 13    0.0   24.0    3.0
1968  1 14    0.0   28.0    0.0
1968  1 15    0.0   25.0    0.0
1968  1 16    0.0   27.0    2.0
1968  1 17    0.0   20.0    1.0
1968  1 18    0.0   18.0    3.0
1968  1 19    0.0   11.0    0.0
1968  1 20    0.0   17.0   -2.0
1968  1 21    0.0   22.0   -4.0
1968  1 22    0.0   15.0   -4.0
1968  1 23    0.0   22.0   -5.0
1968  1 24    0.0   24.0    6.0
1968  1 25    0.0   20.0    4.0
1968  1 26    0.0   10.0    5.0
1968  1 27    5.0   14.0    2.0
1968  1 28    0.0   13.0    0.0
1968  1 29    0.0   10.0    3.0
1968  1 30    0.0   21.0    2.0
1968  1 31    0.0   22.0    1.0
1968  2  1    0.0   26.0   -2.0
1968  2  2    0.0   21.0   -3.0
1968  2  3    0.0   26.0   -1.0
1968  2  4    0.0   25.0   -2.0
1968  2  5    0.0   23.0   -1.0
1968  2  6    0.0   20.0   -2.0
1968  2  7    0.0   14.0   -3.0
1968  2  8    0.0   18.0   -4.0
1968  2  9    0.0   10.0    3.0
1968  2 10    1.5    6.0   -1.0
1968  2 11    6.0   16.0   -2.0
1968  2 12    0.0   14.0   -1.0
1968  2 13    0.0    6.0   -2.0
1968  2 14    0.0   14.0   -3.0
1968  2 15    0.0   15.0    1.0
1968  2 16    0.0   17.0    1.0
1968  2 17    0.0   18.0    1.0
1968  2 18    0.0   22.0    1.0
1968  2 19    0.0   21.0    1.0
1968  2 20    0.0   23.0    1.0
1968  2 21    0.0   19.0    1.0
1968  2 22    0.0   19.0    3.0
1968  2 23    0.0   23.0    1.0
1968  2 24    0.0   24.0    1.0
1968  2 25    0.0   21.0    1.0
1968  2 26    0.0   16.0    3.0
1968  2 27    0.0   16.0    3.0
1968  2 28    0.0   15.0    1.0
1968  2 29    0.0    9.0    1.0
1968  3  1    1.5    8.0    1.0
1968  3  2    0.0   15.0    1.0
1968  3  3    0.0   10.0    1.0
1968  3  4    3.0   13.0    1.0
1968  3  5    6.0   10.0    1.0
1968  3  6    0.0   19.0    1.0
1968  3  7    0.0   16.0    1.0
1968  3  8    0.0   16.0    1.0
1968  3  9    0.0   12.0    1.0
1968  3 10    9.0   16.0    1.0
1968  3 11    0.0   13.0    1.0
1968  3 12    0.0   14.0    1.0
1968  3 13    0.0   20.0    1.0
1968  3 14    0.0   20.0    1.0
1968  3 15    0.0   21.0    1.0
1968  3 16    0.0   20.0    1.0
1968  3 17    0.0   24.0    1.0
1968  3 18    0.0   22.0    1.0
1968  3 19    0.0   19.0    1.0
1968  3 20    0.0   19.0    1.0
1968  3 21    3.0   12.0    1.0
1968  3 22    0.0   18.0    1.0
1968  3 23    0.0   24.0    1.0
1968  3 24    0.0   26.0    2.0
1968  3 25    0.0   25.0    2.0
1968  3 26    0.0   24.0    2.0
1968  3 27    0.0   18.0    1.0
1968  3 28    0.0   22.0    1.0
1968  3 29    0.0   24.0    1.0
1968  3 30    0.0   26.0    1.0
1968  3 31    0.0   18.0    1.0
1968  4  1    0.0   19.0    2.0
1968  4  2    0.0   14.0    1.0
1968  4  3    0.0   24.0    5.0
1968  4  4    0.0   21.0   -2.0
1968  4  5    0.0   24.0    6.0
1968  4  6    0.0   23.0    1.0
1968  4  7    0.0   14.0    1.0
1968  4  8    0.0   14.0    6.0
1968  4  9    0.0   15.0    3.0
1968  4 10   15.0   10.0    2.0
1968  4 11   11.0   14.0    2.0
1968  4 12    0.0   15.0    1.0
1968  4 13    0.0   18.0    4.0
1968  4 14    0.0   20.0    3.0
1968  4 15    0.0   18.0    1.0
1968  4 16    0.0   18.0    5.0
1968  4 17    0.0   18.0    2.0
1968  4 18    1.0   19.0    1.0
1968  4 19    0.0   15.0    3.0
1968  4 20    0.0   10.0    3.0
1968  4 21    0.0   13.0    2.0
1968  4 22    0.0   18.0    4.0
1968  4 23    0.0   20.0    4.0
1968  4 24    0.0   18.0    3.0
1968  4 25    0.0   20.0    5.0
1968  4 26    0.0   21.0    3.0
1968  4 27    0.0   22.0    4.0
1968  4 28    0.0   21.0    2.0
1968  4 29    4.0   14.0    4.0
1968  4 30    0.0   16.0    3.0
1968  5  1    0.0  -99.9  -99.9
1968  5  2    0.0  -99.9  -99.9
1968  5  3    0.0  -99.9  -99.9
1968  5  4    0.0  -99.9  -99.9
1968  5  5    0.0  -99.9  -99.9
1968  5  6    0.0  -99.9  -99.9
1968  5  7    0.0  -99.9  -99.9
1968  5  8    0.0  -99.9  -99.9
1968  5  9    0.0  -99.9  -99.9
1968  5 10    0.0  -99.9  -99.9
1968  5 11    0.0  -99.9  -99.9
1968  5 12    0.0  -99.9  -99.9
1968  5 13    0.0  -99.9  -99.9
1968  5 14    0.0  -99.9  -99.9
1968  5 15    0.0  -99.9  -99.9
1968  5 16    0.0  -99.9  -99.9
1968  5 17    0.0  -99.9  -99.9
1968  5 18    0.0  -99.9  -99.9
1968  5 19    0.0  -99.9  -99.9
1968  5 20    0.0  -99.9  -99.9
1968  5 21    0.0  -99.9  -99.9
1968  5 22    0.0  -99.9  -99.9
1968  5 23    0.0  -99.9  -99.9
1968  5 24    0.0  -99.9  -99.9
1968  5 25    0.0  -99.9  -99.9
1968  5 26    0.0  -99.9  -99.9
1968  5 27    0.0  -99.9  -99.9
1968  5 28    0.0  -99.9  -99.9
1968  5 29    0.0  -99.9  -99.9
1968  5 30    0.0  -99.9  -99.9
1968  5 31    0.0  -99.9  -99.9
1968  6  1    0.0   13.0    7.0
1968  6  2    0.0   17.0    8.0
1968  6  3    0.0   13.0    6.0
1968  6  4    0.0   14.0    6.0
1968  6  5    0.0   18.0    7.0
1968  6  6    0.0   15.0    3.0
1968  6  7    0.0   15.0    1.0
1968  6  8    0.0   15.0    7.0
1968  6  9    0.0   15.0    8.0
1968  6 10    0.0   18.0    8.0
1968  6 11    0.0   15.0   10.0
1968  6 12    0.0   13.0    7.0
1968  6 13    0.0   18.0    7.0
1968  6 14    0.0   14.0    3.0
1968  6 15    0.0   12.0    7.0
1968  6 16    0.0   13.0    6.0
1968  6 17    0.0   12.0    8.0
1968  6 18    0.0   14.0    7.0
1968  6 19    0.0   13.0    8.0
1968  6 20    0.0   14.0    8.0
1968  6 21    0.0   18.0    8.0
1968  6 22    0.0   16.0    5.0
1968  6 23    0.0   19.0    6.0
1968  6 24    0.0   18.0    6.0
1968  6 25    0.0   15.0    1.0
1968  6 26    0.0   15.0    5.0
1968  6 27    0.0   16.0    5.0
1968  6 28    0.0   19.0    5.0
1968  6 29    0.0   12.0    2.0
1968  6 30    1.0   16.0    3.0
1968  7  1   23.0   13.0    3.0
1968  7  2   31.0   13.0    2.0
1968  7  3   69.0   18.0    1.0
1968  7  4    2.0   16.0    1.0
1968  7  5    2.0   16.0    1.0
1968  7  6    9.0   11.0    3.0
1968  7  7    2.0   10.0    1.0
1968  7  8    7.0   10.0    1.0
1968  7  9   18.0   12.0    2.0
1968  7 10    0.0   17.0    2.0
1968  7 11    0.0   10.0    4.0
1968  7 12    0.0   12.0    4.0
1968  7 13    9.0   15.0    5.0
1968  7 14    8.0   13.0    2.0
1968  7 15   11.0   13.0    4.0
1968  7 16    3.0   12.0    2.0
1968  7 17    4.0   13.0    4.0
1968  7 18    4.0   13.0    2.0
1968  7 19    0.0   11.0    3.0
1968  7 20   29.0   10.0    2.0
1968  7 21    6.0   13.0    4.0
1968  7 22    9.0   12.0    2.0
1968  7 23    0.0   14.0    4.0
1968  7 24    8.0   19.0    1.0
1968  7 25    4.0   10.0    3.0
1968  7 26    6.0   10.0    2.0
1968  7 27   27.0   13.0    3.0
1968  7 28   14.0   12.0    2.0
1968  7 29    0.0   10.0    2.0
1968  7 30    3.0   17.0    5.0
1968  7 31    2.0   13.0    3.0
1968  8  1    0.0   10.0    3.0
1968  8  2    1.0   12.0    4.0
1968  8  3    6.0   12.0    3.0
1968  8  4    1.0   11.0    2.0
1968  8  5    2.0   10.0    3.0
1968  8  6    8.0   11.0    3.0
1968  8  7    0.0   10.0    3.0
1968  8  8    2.0   13.0    3.0
1968  8  9    0.0   14.0    3.0
1968  8 10    0.0   15.0    4.0
1968  8 11   20.0   14.0    3.0
1968  8 12    0.0   14.0    3.0
1968  8 13    0.0   14.0    3.0
1968  8 14    0.0   14.0    4.0
1968  8 15    0.0   15.0    4.0
1968  8 16    0.0   10.0    2.0
1968  8 17    4.0   14.0    3.0
1968  8 18    0.0   19.0    3.0
1968  8 19    0.0   13.0    2.0
1968  8 20    0.0   14.0    2.0
1968  8 21    0.0   11.0    2.0
1968  8 22    3.0   11.0    4.0
1968  8 23    8.0   12.0    2.0
1968  8 24    4.0   12.0    1.0
1968  8 25    0.0   11.0    1.0
1968  8 26    5.0   11.0    3.0
1968  8 27    4.0   12.0    3.0
1968  8 28    0.0   12.0    3.0
1968  8 29    0.0   12.0    3.0
1968  8 30    1.0   10.0    1.0
1968  8 31    9.0   19.0    2.0
1968  9  1    1.3   11.0    2.0
1968  9  2    0.0   14.0    2.0
1968  9  3    4.0   15.0    2.0
1968  9  4    0.0   12.0    2.0
1968  9  5    0.0   11.0    2.0
1968  9  6    2.0   14.0   -1.0
1968  9  7    0.0   11.0    2.0
1968  9  8    0.0   13.0   -1.0
1968  9  9    9.0   13.0    3.0
1968  9 10    0.0    8.0    3.0
1968  9 11    0.0    6.0    3.0
1968  9 12    1.3    3.0    2.0
1968  9 13    4.0    8.0   -1.0
1968  9 14    0.0   12.0    2.0
1968  9 15    0.0   15.0    3.0
1968  9 16    0.0   15.0    3.0
1968  9 17    0.0   15.0    2.0
1968  9 18    0.0   15.0    2.0
1968  9 19    0.0   18.0    3.0
1968  9 20    0.0   17.0    2.0
1968  9 21    0.0   17.0    3.0
1968  9 22    5.0   16.0    2.0
1968  9 23    2.0   15.0    2.0
1968  9 24    0.0   13.0    2.0
1968  9 25    0.0   17.0   -1.0
1968  9 26    0.0   18.0    3.0
1968  9 27    0.0   17.0    2.0
1968  9 28    0.0   19.0    3.0
1968  9 29    0.0   19.0    4.0
1968  9 30    0.0   13.0    1.5
1968 10  1    0.0   15.0    2.0
1968 10  2   12.0   18.0    2.0
1968 10  3    0.0   19.0    2.0
1968 10  4    0.0   22.0    2.0
1968 10  5    0.0   23.0    2.0
1968 10  6    0.0   25.0    2.0
1968 10  7    0.0   25.0    2.0
1968 10  8    0.0   26.0    2.0
1968 10  9    0.0   23.0    2.0
1968 10 10    1.0   15.0    2.0
1968 10 11   22.0   15.0    2.0
1968 10 12    4.0   14.0    1.0
1968 10 13    0.0   16.0    1.0
1968 10 14   21.0   19.0    2.0
1968 10 15    0.0   19.0    1.0
1968 10 16    0.0   21.0    1.0
1968 10 17    0.0   19.0    2.0
1968 10 18    0.0   17.0    2.0
1968 10 19    0.0   20.0    2.0
1968 10 20    0.0   21.0    2.0
1968 10 21    0.0   23.0    2.0
1968 10 22    0.0   22.0    2.0
1968 10 23    0.0   22.0    2.0
1968 10 24    0.0   22.0    3.0
1968 10 25    0.0   21.0    2.0
1968 10 26    0.0   24.0    2.0
1968 10 27    0.0   24.0    2.0
1968 10 28    0.0   25.0    1.0
1968 10 29    0.0   26.0    2.0
1968 10 30    0.0   22.0    2.0
1968 10 31    0.0   22.0    2.0
1968 11  1    0.0   26.0    2.0
1968 11  2    0.0   24.0    1.0
1968 11  3    0.0   23.0    2.0
1968 11  4    0.0   23.0    2.0
1968 11  5    0.0   23.0    2.0
1968 11  6    0.0   25.0    2.0
1968 11  7    0.0   17.0    2.0
1968 11  8    0.0   23.0    2.0
1968 11  9    0.0   21.0    1.0
1968 11 10    0.0   27.0    3.0
1968 11 11    0.0   24.0    2.0
1968 11 12    0.0   22.0    1.0
1968 11 13    0.8   18.0    1.0
1968 11 14    0.4   17.0    2.0
1968 11 15    0.0   20.0   -1.0
1968 11 16    0.0   17.0   -2.0
1968 11 17    0.0   20.0   -2.0
1968 11 18    0.0   20.0    1.0
1968 11 19    0.0   25.0    1.0
1968 11 20    0.0   22.0    2.0
1968 11 21    0.0   19.0    2.0
1968 11 22    0.0   24.0    3.0
1968 11 23    0.0   25.0    1.0
1968 11 24    0.0   22.0    1.0
1968 11 25    0.4   11.0   -2.0
1968 11 26    0.0   20.0   -2.0
1968 11 27    0.0   19.0    1.0
1968 11 28    0.0   15.0    1.0
1968 11 29    1.0   11.0    1.0
1968 11 30    0.0   11.0    1.0
1968 12  1    0.0   22.0   -1.0
1968 12  2    0.0   26.0   -1.0
1968 12  3    0.0   21.0   -1.0
1968 12  4    0.0   26.0   -1.0
1968 12  5    0.0   27.0   -3.0
1968 12  6    0.0   28.0   -2.0
1968 12  7    0.0   22.0   -1.0
1968 12  8    0.0   21.0   -2.0
1968 12  9    0.0   23.0    2.0
1968 12 10    0.0   22.0    1.0
1968 12 11    0.0   17.0   -1.0
1968 12 12    0.0   23.0    2.0
1968 12 13    0.0   23.0    2.0
1968 12 14    0.0   24.0   -1.0
1968 12 15    0.0   27.0   -1.0
1968 12 16    0.0   23.0    1.0
1968 12 17    0.0   14.0   -1.0
1968 12 18    0.0   20.0  -10.0
1968 12 19    0.0   19.0   -1.0
1968 12 20    0.0   15.0    1.0
1968 12 21    0.0   22.0   -9.0
1968 12 22    0.0   26.0   -9.0
1968 12 23    0.0   25.0   -1.0
1968 12 24    0.0   23.0   -1.0
1968 12 25    0.0   11.0   -5.0
1968 12 26    0.0    8.0  -13.0
1968 12 27    0.0   21.0  -13.0
1968 12 28    0.0   26.0   -1.0
1968 12 29    0.0   21.0   -1.0
1968 12 30    0.0   18.0    6.0
1968 12 31    0.3   11.0    1.0
1969  1  1    1.0   12.0    1.0
1969  1  2    0.0   19.0    2.0
1969  1  3    0.0   18.0   -1.0
1969  1  4    0.0   18.0    1.0
1969  1  5    0.0   24.0    1.0
1969  1  6    0.0   27.0   -2.0
1969  1  7    0.0   27.0    1.0
1969  1  8    0.0   26.0    1.0
1969  1  9    0.0   28.0    2.0
1969  1 10    0.0   24.0    1.0
1969  1 11    0.0   26.0    1.0
1969  1 12    0.0   26.0   -1.0
1969  1 13    0.0   25.0    1.0
1969  1 14    0.0   14.0    1.0
1969  1 15    0.0   21.0   11.0
1969  1 16    0.0   21.0    1.0
1969  1 17    0.0   21.0    1.0
1969  1 18    0.0   17.0    2.0
1969  1 19    0.0   19.0    2.0
1969  1 20    0.0   22.0    1.0
1969  1 21    0.0   22.0    1.0
1969  1 22    0.0   26.0    1.0
1969  1 23    0.0   22.0    1.0
1969  1 24    0.0   27.0    1.0
1969  1 25    0.0   23.0    2.0
1969  1 26    0.0   18.0    2.0
1969  1 27    0.0   18.0    4.0
1969  1 28    0.0   14.0    3.0
1969  1 29    0.0   15.0    2.0
1969  1 30    0.0   16.0    1.0
1969  1 31    0.0   14.0    0.0
1969  2  1    0.0   22.0    0.0
1969  2  2    0.0   21.0    0.0
1969  2  3    2.0   12.0    1.0
1969  2  4    1.0   15.0   -1.0
1969  2  5    0.0   13.0    4.0
1969  2  6    0.0   10.0   -1.0
1969  2  7    0.0   18.0   -1.0
1969  2  8    4.0   10.0    2.0
1969  2  9    2.0   13.0    2.0
1969  2 10    0.0   17.0    1.0
1969  2 11    0.0   21.0    1.0
1969  2 12    0.0   18.0    1.0
1969  2 13    3.0   18.0    1.0
1969  2 14    0.0   18.0    1.0
1969  2 15    0.0   23.0   -1.0
1969  2 16    0.0   25.0    1.0
1969  2 17    0.0   23.0    1.0
1969  2 18    0.0   21.0    1.0
1969  2 19    0.0   21.0    2.0
1969  2 20    0.0   17.0    1.0
1969  2 21    0.0   25.0    2.0
1969  2 22    0.0   19.0    1.0
1969  2 23    0.0   23.0    2.0
1969  2 24    0.0   23.0    1.0
1969  2 25    0.0   17.0    2.0
1969  2 26    0.0   22.0    2.0
1969  2 27    0.0   21.0    1.0
1969  2 28    0.0   15.0    3.0
1969  3  1    0.0   19.0    2.0
1969  3  2    0.0   24.0    0.0
1969  3  3    0.0   21.0    1.0
1969  3  4    0.0   14.0    1.0
1969  3  5    0.0   15.0   -3.0
1969  3  6    0.0   14.0   -4.0
1969  3  7    0.0   12.0   -4.0
1969  3  8    0.0   15.0   -6.0
1969  3  9    0.0   19.0   -1.0
1969  3 10    0.0   21.0   -3.0
1969  3 11    0.0   23.0    1.0
1969  3 12    0.0   21.0    1.0
1969  3 13    0.0   19.0    2.0
1969  3 14    0.0   21.0    1.0
1969  3 15    0.0   15.0   -1.0
1969  3 16    0.0   17.0   -2.0
1969  3 17    0.0   22.0   -1.0
1969  3 18    0.0   24.0   -1.0
1969  3 19    0.0   22.0    0.0
1969  3 20    0.0   22.0    2.0
1969  3 21    0.0   23.0    2.0
1969  3 22    0.0   22.0    2.0
1969  3 23    0.0   26.0    1.0
1969  3 24    0.0   28.0    1.0
1969  3 25    0.0   20.0    3.0
1969  3 26    0.0   24.0    1.0
1969  3 27    0.0   23.0    2.0
1969  3 28    0.0   25.0    2.0
1969  3 29    0.0   25.0    3.0
1969  3 30    0.0   24.0    1.0
1969  3 31    0.0   25.0    2.0
1969  4  1    0.0  -99.9  -99.9
1969  4  2    0.0  -99.9  -99.9
1969  4  3    0.0  -99.9  -99.9
1969  4  4    0.0  -99.9  -99.9
1969  4  5    0.0  -99.9  -99.9
1969  4  6    0.0  -99.9  -99.9
1969  4  7    0.0  -99.9  -99.9
1969  4  8    0.0  -99.9  -99.9
1969  4  9    0.0  -99.9  -99.9
1969  4 10    0.0  -99.9  -99.9
1969  4 11    0.0  -99.9  -99.9
1969  4 12    0.0  -99.9  -99.9
1969  4 13    0.0  -99.9  -99.9
1969  4 14    0.0  -99.9  -99.9
1969  4 15    0.0  -99.9  -99.9
1969  4 16    0.0  -99.9  -99.9
1969  4 17    0.0  -99.9  -99.9
1969  4 18    0.0  -99.9  -99.9
1969  4 19    0.0  -99.9  -99.9
1969  4 20    0.0  -99.9  -99.9
1969  4 21    0.0  -99.9  -99.9
1969  4 22    0.0  -99.9  -99.9
1969  4 23    0.0  -99.9  -99.9
1969  4 24    0.0  -99.9  -99.9
1969  4 25    0.0  -99.9  -99.9
1969  4 26    0.0  -99.9  -99.9
1969  4 27    0.0  -99.9  -99.9
1969  4 28    0.0  -99.9  -99.9
1969  4 29    0.0  -99.9  -99.9
1969  4 30    0.0  -99.9  -99.9
1969  5  1    0.0  -99.9  -99.9
1969  5  2    0.0  -99.9  -99.9
1969  5  3    0.0  -99.9  -99.9
1969  5  4    0.0  -99.9  -99.9
1969  5  5    0.0  -99.9  -99.9
1969  5  6    0.0  -99.9  -99.9
1969  5  7    0.0  -99.9  -99.9
1969  5  8    0.0  -99.9  -99.9
1969  5  9    0.0  -99.9  -99.9
1969  5 10    0.0  -99.9  -99.9
1969  5 11    0.0  -99.9  -99.9
1969  5 12    0.0  -99.9  -99.9
1969  5 13    0.0  -99.9  -99.9
1969  5 14    0.0  -99.9  -99.9
1969  5 15    0.0  -99.9  -99.9
1969  5 16    0.0  -99.9  -99.9
1969  5 17    0.0  -99.9  -99.9
1969  5 18    0.0  -99.9  -99.9
1969  5 19    0.0  -99.9  -99.9
1969  5 20    0.0  -99.9  -99.9
1969  5 21    0.0  -99.9  -99.9
1969  5 22    0.0  -99.9  -99.9
1969  5 23    0.0  -99.9  -99.9
1969  5 24    0.0  -99.9  -99.9
1969  5 25    0.0  -99.9  -99.9
1969  5 26    0.0  -99.9  -99.9
1969  5 27    0.0  -99.9  -99.9
1969  5 28    0.0  -99.9  -99.9
1969  5 29    0.0  -99.9  -99.9
1969  5 30    0.0  -99.9  -99.9
1969  5 31    0.0  -99.9  -99.9
1969  6  1    0.0  -99.9  -99.9
1969  6  2    0.0  -99.9  -99.9
1969  6  3    0.0  -99.9  -99.9
1969  6  4    0.0  -99.9  -99.9
1969  6  5    0.0  -99.9  -99.9
1969  6  6    0.0  -99.9  -99.9
1969  6  7    0.0  -99.9  -99.9
1969  6  8    0.0  -99.9  -99.9
1969  6  9    0.0  -99.9  -99.9
1969  6 10    0.0  -99.9  -99.9
1969  6 11    0.0  -99.9  -99.9
1969  6 12    0.0  -99.9  -99.9
1969  6 13    0.0  -99.9  -99.9
1969  6 14    0.0  -99.9  -99.9
1969  6 15    6.0  -99.9  -99.9
1969  6 16    0.0  -99.9  -99.9
1969  6 17    0.0  -99.9  -99.9
1969  6 18    0.0  -99.9  -99.9
1969  6 19    0.0  -99.9  -99.9
1969  6 20    0.0  -99.9  -99.9
1969  6 21    0.0  -99.9  -99.9
1969  6 22    0.0  -99.9  -99.9
1969  6 23    0.0  -99.9  -99.9
1969  6 24    0.0  -99.9  -99.9
1969  6 25    0.0  -99.9  -99.9
1969  6 26    0.0  -99.9  -99.9
1969  6 27    0.0  -99.9  -99.9
1969  6 28    0.0  -99.9  -99.9
1969  6 29    0.0  -99.9  -99.9
1969  6 30    0.0  -99.9  -99.9
1969  7  1   10.0  -99.9  -99.9
1969  7  2    0.0  -99.9  -99.9
1969  7  3    0.0  -99.9  -99.9
1969  7  4    3.0  -99.9  -99.9
1969  7  5    0.0  -99.9  -99.9
1969  7  6    0.0  -99.9  -99.9
1969  7  7   19.0  -99.9  -99.9
1969  7  8    5.0  -99.9  -99.9
1969  7  9   14.0  -99.9  -99.9
1969  7 10   18.0  -99.9  -99.9
1969  7 11    8.0  -99.9  -99.9
1969  7 12    0.0  -99.9  -99.9
1969  7 13    0.0  -99.9  -99.9
1969  7 14    3.0  -99.9  -99.9
1969  7 15   15.0  -99.9  -99.9
1969  7 16   20.0  -99.9  -99.9
1969  7 17    0.0  -99.9  -99.9
1969  7 18    0.0  -99.9  -99.9
1969  7 19    0.0  -99.9  -99.9
1969  7 20    0.0  -99.9  -99.9
1969  7 21    0.0  -99.9  -99.9
1969  7 22    5.0  -99.9  -99.9
1969  7 23   10.0  -99.9  -99.9
1969  7 24   15.0  -99.9  -99.9
1969  7 25    0.0  -99.9  -99.9
1969  7 26    0.0  -99.9  -99.9
1969  7 27    0.0  -99.9  -99.9
1969  7 28    7.0  -99.9  -99.9
1969  7 29    0.0  -99.9  -99.9
1969  7 30    0.0  -99.9  -99.9
1969  7 31    0.0  -99.9  -99.9
1969  8  1    0.0  -99.9  -99.9
1969  8  2    0.0  -99.9  -99.9
1969  8  3    0.0  -99.9  -99.9
1969  8  4    0.0  -99.9  -99.9
1969  8  5    0.0  -99.9  -99.9
1969  8  6    0.0  -99.9  -99.9
1969  8  7    0.0  -99.9  -99.9
1969  8  8    0.0  -99.9  -99.9
1969  8  9    0.0  -99.9  -99.9
1969  8 10    0.0  -99.9  -99.9
1969  8 11    2.0  -99.9  -99.9
1969  8 12    0.0  -99.9  -99.9
1969  8 13    0.0  -99.9  -99.9
1969  8 14    0.0  -99.9  -99.9
1969  8 15    0.0  -99.9  -99.9
1969  8 16    0.0  -99.9  -99.9
1969  8 17    0.0  -99.9  -99.9
1969  8 18    0.0  -99.9  -99.9
1969  8 19    0.0  -99.9  -99.9
1969  8 20    0.0  -99.9  -99.9
1969  8 21    0.0  -99.9  -99.9
1969  8 22    0.0  -99.9  -99.9
1969  8 23    0.0  -99.9  -99.9
1969  8 24    0.0  -99.9  -99.9
1969  8 25    5.0  -99.9  -99.9
1969  8 26    0.0  -99.9  -99.9
1969  8 27    2.8  -99.9  -99.9
1969  8 28    0.0  -99.9  -99.9
1969  8 29    7.0  -99.9  -99.9
1969  8 30    0.0  -99.9  -99.9
1969  8 31    0.0  -99.9  -99.9
1969  9  1    0.0  -99.9  -99.9
1969  9  2    0.0  -99.9  -99.9
1969  9  3    0.0  -99.9  -99.9
1969  9  4    0.0  -99.9  -99.9
1969  9  5    0.0  -99.9  -99.9
1969  9  6    0.0  -99.9  -99.9
1969  9  7    0.0  -99.9  -99.9
1969  9  8    0.0  -99.9  -99.9
1969  9  9    0.0  -99.9  -99.9
1969  9 10    0.0  -99.9  -99.9
1969  9 11    0.0  -99.9  -99.9
1969  9 12    0.0  -99.9  -99.9
1969  9 13    1.0  -99.9  -99.9
1969  9 14    0.0  -99.9  -99.9
1969  9 15    0.0  -99.9  -99.9
1969  9 16    0.0  -99.9  -99.9
1969  9 17    0.0  -99.9  -99.9
1969  9 18    0.0  -99.9  -99.9
1969  9 19   14.0  -99.9  -99.9
1969  9 20    2.0  -99.9  -99.9
1969  9 21    0.0  -99.9  -99.9
1969  9 22    0.0  -99.9  -99.9
1969  9 23    0.0  -99.9  -99.9
1969  9 24    0.0  -99.9  -99.9
1969  9 25    0.0  -99.9  -99.9
1969  9 26    0.0  -99.9  -99.9
1969  9 27    0.0  -99.9  -99.9
1969  9 28    0.0  -99.9  -99.9
1969  9 29    0.0  -99.9  -99.9
1969  9 30    0.0  -99.9  -99.9
1969 10  1    0.0  -99.9  -99.9
1969 10  2    0.0  -99.9  -99.9
1969 10  3    0.0  -99.9  -99.9
1969 10  4    0.0  -99.9  -99.9
1969 10  5    0.0  -99.9  -99.9
1969 10  6    0.0  -99.9  -99.9
1969 10  7    0.0  -99.9  -99.9
1969 10  8    0.0  -99.9  -99.9
1969 10  9    3.9  -99.9  -99.9
1969 10 10    0.0  -99.9  -99.9
1969 10 11    0.0  -99.9  -99.9
1969 10 12    0.0  -99.9  -99.9
1969 10 13    0.0  -99.9  -99.9
1969 10 14    0.0  -99.9  -99.9
1969 10 15    0.0  -99.9  -99.9
1969 10 16    0.0  -99.9  -99.9
1969 10 17    0.0  -99.9  -99.9
1969 10 18    0.0  -99.9  -99.9
1969 10 19    0.0  -99.9  -99.9
1969 10 20    0.0  -99.9  -99.9
1969 10 21    0.0  -99.9  -99.9
1969 10 22    0.0  -99.9  -99.9
1969 10 23    0.0  -99.9  -99.9
1969 10 24    0.0  -99.9  -99.9
1969 10 25    0.0  -99.9  -99.9
1969 10 26    0.0  -99.9  -99.9
1969 10 27    0.0  -99.9  -99.9
1969 10 28    0.0  -99.9  -99.9
1969 10 29    0.0  -99.9  -99.9
1969 10 30    0.0  -99.9  -99.9
1969 10 31    0.0  -99.9  -99.9
1969 11  1    0.0  -99.9  -99.9
1969 11  2    0.0  -99.9  -99.9
1969 11  3    0.0  -99.9  -99.9
1969 11  4    0.0  -99.9  -99.9
1969 11  5    0.0  -99.9  -99.9
1969 11  6    0.0  -99.9  -99.9
1969 11  7    0.0  -99.9  -99.9
1969 11  8    0.0  -99.9  -99.9
1969 11  9    0.0  -99.9  -99.9
1969 11 10    5.0  -99.9  -99.9
1969 11 11    0.0  -99.9  -99.9
1969 11 12    0.0  -99.9  -99.9
1969 11 13    0.0  -99.9  -99.9
1969 11 14    0.0  -99.9  -99.9
1969 11 15    0.0  -99.9  -99.9
1969 11 16    0.0  -99.9  -99.9
1969 11 17    0.0  -99.9  -99.9
1969 11 18    0.0  -99.9  -99.9
1969 11 19    0.0  -99.9  -99.9
1969 11 20    0.0  -99.9  -99.9
1969 11 21    0.0  -99.9  -99.9
1969 11 22    0.0  -99.9  -99.9
1969 11 23    0.0  -99.9  -99.9
1969 11 24    0.0  -99.9  -99.9
1969 11 25    0.0  -99.9  -99.9
1969 11 26    0.0  -99.9  -99.9
1969 11 27    0.0  -99.9  -99.9
1969 11 28    0.0  -99.9  -99.9
1969 11 29    0.0  -99.9  -99.9
1969 11 30    0.0  -99.9  -99.9
1969 12  1    0.0  -99.9  -99.9
1969 12  2    8.0  -99.9  -99.9
1969 12  3    1.0  -99.9  -99.9
1969 12  4    0.0  -99.9  -99.9
1969 12  5    0.0  -99.9  -99.9
1969 12  6    0.0  -99.9  -99.9
1969 12  7    0.0  -99.9  -99.9
1969 12  8    0.0  -99.9  -99.9
1969 12  9    0.0  -99.9  -99.9
1969 12 10    0.0  -99.9  -99.9
1969 12 11    0.0  -99.9  -99.9
1969 12 12    0.0  -99.9  -99.9
1969 12 13    0.0  -99.9  -99.9
1969 12 14    0.0  -99.9  -99.9
1969 12 15    0.0  -99.9  -99.9
1969 12 16    0.0  -99.9  -99.9
1969 12 17    0.0  -99.9  -99.9
1969 12 18    0.0  -99.9  -99.9
1969 12 19    0.0  -99.9  -99.9
1969 12 20    0.0  -99.9  -99.9
1969 12 21    0.0  -99.9  -99.9
1969 12 22    0.0  -99.9  -99.9
1969 12 23    0.0  -99.9  -99.9
1969 12 24    0.0  -99.9  -99.9
1969 12 25    0.0  -99.9  -99.9
1969 12 26    0.0  -99.9  -99.9
1969 12 27    7.0  -99.9  -99.9
1969 12 28    8.0  -99.9  -99.9
1969 12 29    0.0  -99.9  -99.9
1969 12 30    0.0  -99.9  -99.9
1969 12 31    0.0  -99.9  -99.9
1970  1  1    0.0  -99.9  -99.9
1970  1  2    0.0  -99.9  -99.9
1970  1  3    0.0  -99.9  -99.9
1970  1  4    0.0  -99.9  -99.9
1970  1  5    0.0  -99.9  -99.9
1970  1  6    0.0  -99.9  -99.9
1970  1  7    0.0  -99.9  -99.9
1970  1  8    0.0  -99.9  -99.9
1970  1  9    0.0  -99.9  -99.9
1970  1 10    0.0  -99.9  -99.9
1970  1 11    0.0  -99.9  -99.9
1970  1 12    0.0  -99.9  -99.9
1970  1 13    0.0  -99.9  -99.9
1970  1 14    0.0  -99.9  -99.9
1970  1 15    0.0  -99.9  -99.9
1970  1 16    0.0  -99.9  -99.9
1970  1 17    0.0  -99.9  -99.9
1970  1 18    0.0  -99.9  -99.9
1970  1 19    0.0  -99.9  -99.9
1970  1 20    0.0  -99.9  -99.9
1970  1 21    0.0  -99.9  -99.9
1970  1 22    0.0  -99.9  -99.9
1970  1 23    0.0  -99.9  -99.9
1970  1 24    0.0  -99.9  -99.9
1970  1 25    0.0  -99.9  -99.9
1970  1 26    0.0  -99.9  -99.9
1970  1 27    0.0  -99.9  -99.9
1970  1 28    0.0  -99.9  -99.9
1970  1 29    0.0  -99.9  -99.9
1970  1 30    0.0  -99.9  -99.9
1970  1 31    0.0  -99.9  -99.9
1970  2  1    0.0  -99.9  -99.9
1970  2  2    0.0  -99.9  -99.9
1970  2  3    0.0  -99.9  -99.9
1970  2  4    0.0  -99.9  -99.9
1970  2  5    0.0  -99.9  -99.9
1970  2  6    0.0  -99.9  -99.9
1970  2  7    0.0  -99.9  -99.9
1970  2  8    0.0  -99.9  -99.9
1970  2  9    0.0  -99.9  -99.9
1970  2 10    0.0  -99.9  -99.9
1970  2 11   10.0  -99.9  -99.9
1970  2 12    0.0  -99.9  -99.9
1970  2 13    0.0  -99.9  -99.9
1970  2 14    0.0  -99.9  -99.9
1970  2 15    0.0  -99.9  -99.9
1970  2 16    0.0  -99.9  -99.9
1970  2 17    0.0  -99.9  -99.9
1970  2 18    0.0  -99.9  -99.9
1970  2 19    0.0  -99.9  -99.9
1970  2 20    6.0  -99.9  -99.9
1970  2 21   10.0  -99.9  -99.9
1970  2 22    0.0  -99.9  -99.9
1970  2 23    1.0  -99.9  -99.9
1970  2 24    0.0  -99.9  -99.9
1970  2 25    0.0  -99.9  -99.9
1970  2 26    0.0  -99.9  -99.9
1970  2 27    0.0  -99.9  -99.9
1970  2 28    0.0  -99.9  -99.9
1970  3  1    0.0  -99.9  -99.9
1970  3  2    0.0  -99.9  -99.9
1970  3  3    0.0  -99.9  -99.9
1970  3  4    0.0  -99.9  -99.9
1970  3  5    0.0  -99.9  -99.9
1970  3  6    0.0  -99.9  -99.9
1970  3  7    0.0  -99.9  -99.9
1970  3  8    0.0  -99.9  -99.9
1970  3  9    0.0  -99.9  -99.9
1970  3 10    0.0  -99.9  -99.9
1970  3 11    0.0  -99.9  -99.9
1970  3 12    0.0  -99.9  -99.9
1970  3 13    0.0  -99.9  -99.9
1970  3 14    0.0  -99.9  -99.9
1970  3 15    0.0  -99.9  -99.9
1970  3 16    0.0  -99.9  -99.9
1970  3 17    0.0  -99.9  -99.9
1970  3 18    0.0  -99.9  -99.9
1970  3 19    0.0  -99.9  -99.9
1970  3 20    0.0  -99.9  -99.9
1970  3 21    0.0  -99.9  -99.9
1970  3 22    0.0  -99.9  -99.9
1970  3 23    0.0  -99.9  -99.9
1970  3 24    0.0  -99.9  -99.9
1970  3 25    0.0  -99.9  -99.9
1970  3 26    0.0  -99.9  -99.9
1970  3 27    0.0  -99.9  -99.9
1970  3 28    0.0  -99.9  -99.9
1970  3 29    0.0  -99.9  -99.9
1970  3 30    0.0  -99.9  -99.9
1970  3 31    0.0  -99.9  -99.9
1970  4  1    0.0  -99.9  -99.9
1970  4  2    0.0  -99.9  -99.9
1970  4  3    0.0  -99.9  -99.9
1970  4  4    0.0  -99.9  -99.9
1970  4  5    0.0  -99.9  -99.9
1970  4  6    0.0  -99.9  -99.9
1970  4  7    0.0  -99.9  -99.9
1970  4  8    0.0  -99.9  -99.9
1970  4  9    0.0  -99.9  -99.9
1970  4 10    0.0  -99.9  -99.9
1970  4 11    0.0  -99.9  -99.9
1970  4 12    0.0  -99.9  -99.9
1970  4 13    0.0  -99.9  -99.9
1970  4 14    0.0  -99.9  -99.9
1970  4 15    0.0  -99.9  -99.9
1970  4 16    0.0  -99.9  -99.9
1970  4 17    0.0  -99.9  -99.9
1970  4 18    0.0  -99.9  -99.9
1970  4 19    0.0  -99.9  -99.9
1970  4 20    0.0  -99.9  -99.9
1970  4 21    0.0  -99.9  -99.9
1970  4 22    0.0  -99.9  -99.9
1970  4 23    0.0  -99.9  -99.9
1970  4 24    0.0  -99.9  -99.9
1970  4 25    0.0  -99.9  -99.9
1970  4 26    0.0  -99.9  -99.9
1970  4 27    0.0  -99.9  -99.9
1970  4 28    0.0  -99.9  -99.9
1970  4 29    0.0  -99.9  -99.9
1970  4 30    0.0  -99.9  -99.9
1970  5  1  -99.9  -99.9  -99.9
1970  5  2    0.0  -99.9  -99.9
1970  5  3    0.0  -99.9  -99.9
1970  5  4    0.0  -99.9  -99.9
1970  5  5    0.0  -99.9  -99.9
1970  5  6    0.0  -99.9  -99.9
1970  5  7    0.0  -99.9  -99.9
1970  5  8    0.0  -99.9  -99.9
1970  5  9    0.0  -99.9  -99.9
1970  5 10    0.0  -99.9  -99.9
1970  5 11    0.0  -99.9  -99.9
1970  5 12    0.0  -99.9  -99.9
1970  5 13    0.0  -99.9  -99.9
1970  5 14    0.0  -99.9  -99.9
1970  5 15    0.0  -99.9  -99.9
1970  5 16    0.0  -99.9  -99.9
1970  5 17    0.0  -99.9  -99.9
1970  5 18    0.0  -99.9  -99.9
1970  5 19    0.0  -99.9  -99.9
1970  5 20    0.0  -99.9  -99.9
1970  5 21    0.0  -99.9  -99.9
1970  5 22    0.0  -99.9  -99.9
1970  5 23    0.0  -99.9  -99.9
1970  5 24    0.0  -99.9  -99.9
1970  5 25    0.0  -99.9  -99.9
1970  5 26    0.0  -99.9  -99.9
1970  5 27    0.0  -99.9  -99.9
1970  5 28    0.0  -99.9  -99.9
1970  5 29    0.0  -99.9  -99.9
1970  5 30    0.0  -99.9  -99.9
1970  5 31  -99.9  -99.9  -99.9
1970  6  1    4.5  -99.9  -99.9
1970  6  2    0.0  -99.9  -99.9
1970  6  3    0.0  -99.9  -99.9
1970  6  4    0.0  -99.9  -99.9
1970  6  5    0.0  -99.9  -99.9
1970  6  6    0.0  -99.9  -99.9
1970  6  7    0.0  -99.9  -99.9
1970  6  8    0.0  -99.9  -99.9
1970  6  9    0.0  -99.9  -99.9
1970  6 10    0.0  -99.9  -99.9
1970  6 11    0.0  -99.9  -99.9
1970  6 12    0.0  -99.9  -99.9
1970  6 13    0.0  -99.9  -99.9
1970  6 14    0.0  -99.9  -99.9
1970  6 15    0.0  -99.9  -99.9
1970  6 16    0.0  -99.9  -99.9
1970  6 17    0.0  -99.9  -99.9
1970  6 18    0.0  -99.9  -99.9
1970  6 19    0.0  -99.9  -99.9
1970  6 20    0.0  -99.9  -99.9
1970  6 21    0.0  -99.9  -99.9
1970  6 22    0.0  -99.9  -99.9
1970  6 23    0.0  -99.9  -99.9
1970  6 24    0.0  -99.9  -99.9
1970  6 25    0.0  -99.9  -99.9
1970  6 26    0.0  -99.9  -99.9
1970  6 27    0.0  -99.9  -99.9
1970  6 28    0.0  -99.9  -99.9
1970  6 29    0.0  -99.9  -99.9
1970  6 30    6.5  -99.9  -99.9
1970  7  1    0.0  -99.9  -99.9
1970  7  2    0.0  -99.9  -99.9
1970  7  3    0.0  -99.9  -99.9
1970  7  4    0.0  -99.9  -99.9
1970  7  5    0.0  -99.9  -99.9
1970  7  6    0.0  -99.9  -99.9
1970  7  7    0.0  -99.9  -99.9
1970  7  8    0.0  -99.9  -99.9
1970  7  9    0.0  -99.9  -99.9
1970  7 10    0.0  -99.9  -99.9
1970  7 11    0.0  -99.9  -99.9
1970  7 12    0.0  -99.9  -99.9
1970  7 13    0.0  -99.9  -99.9
1970  7 14    0.0  -99.9  -99.9
1970  7 15    8.5  -99.9  -99.9
1970  7 16    0.0  -99.9  -99.9
1970  7 17    0.0  -99.9  -99.9
1970  7 18    0.0  -99.9  -99.9
1970  7 19    0.0  -99.9  -99.9
1970  7 20    0.0  -99.9  -99.9
1970  7 21    0.0  -99.9  -99.9
1970  7 22    0.0  -99.9  -99.9
1970  7 23    5.5  -99.9  -99.9
1970  7 24   14.5  -99.9  -99.9
1970  7 25    3.0  -99.9  -99.9
1970  7 26   14.0  -99.9  -99.9
1970  7 27   15.0  -99.9  -99.9
1970  7 28    7.5  -99.9  -99.9
1970  7 29    0.0  -99.9  -99.9
1970  7 30    0.0  -99.9  -99.9
1970  7 31    0.0  -99.9  -99.9
1970  8  1    2.0  -99.9  -99.9
1970  8  2   19.0  -99.9  -99.9
1970  8  3    0.0  -99.9  -99.9
1970  8  4    0.0  -99.9  -99.9
1970  8  5    0.0  -99.9  -99.9
1970  8  6    7.0  -99.9  -99.9
1970  8  7   13.0  -99.9  -99.9
1970  8  8    0.0  -99.9  -99.9
1970  8  9    0.0  -99.9  -99.9
1970  8 10    0.0  -99.9  -99.9
1970  8 11    2.0  -99.9  -99.9
1970  8 12    2.6  -99.9  -99.9
1970  8 13    0.0  -99.9  -99.9
1970  8 14    4.0  -99.9  -99.9
1970  8 15    0.0  -99.9  -99.9
1970  8 16    0.0  -99.9  -99.9
1970  8 17    0.0  -99.9  -99.9
1970  8 18    0.0  -99.9  -99.9
1970  8 19    0.0  -99.9  -99.9
1970  8 20    3.0  -99.9  -99.9
1970  8 21    0.0  -99.9  -99.9
1970  8 22    9.0  -99.9  -99.9
1970  8 23    0.0  -99.9  -99.9
1970  8 24    9.0  -99.9  -99.9
1970  8 25    3.0  -99.9  -99.9
1970  8 26    9.0  -99.9  -99.9
1970  8 27    0.0  -99.9  -99.9
1970  8 28    0.0  -99.9  -99.9
1970  8 29    0.0  -99.9  -99.9
1970  8 30    0.0  -99.9  -99.9
1970  8 31    0.0  -99.9  -99.9
1970  9  1    0.0   29.0   15.0
1970  9  2    0.0   31.0   15.0
1970  9  3    0.0   32.0   16.0
1970  9  4    0.0   31.0   17.0
1970  9  5    0.0   32.0   15.0
1970  9  6    0.0   29.0   16.0
1970  9  7    0.0   28.0   11.0
1970  9  8    0.0   27.0   11.0
1970  9  9    0.0   29.0   16.0
1970  9 10    0.0   28.0   16.0
1970  9 11    0.0   28.0   14.0
1970  9 12    0.0   30.0   15.0
1970  9 13    0.0   29.0   15.0
1970  9 14    0.0   29.0   17.0
1970  9 15    0.0   24.0   17.0
1970  9 16    0.0   28.0   16.0
1970  9 17    0.0   26.0   17.0
1970  9 18    0.0   25.0   17.0
1970  9 19    0.0   27.0   16.0
1970  9 20    0.0   28.0   13.0
1970  9 21    0.0   29.0   13.0
1970  9 22    0.0   30.0   13.0
1970  9 23    0.0   28.0   13.0
1970  9 24    0.0   29.0   13.0
1970  9 25    0.0   28.0   15.0
1970  9 26    0.0   23.0   13.0
1970  9 27    0.0   13.0    7.0
1970  9 28    0.0   13.0    7.0
1970  9 29    0.0   15.0    7.0
1970  9 30    0.0   20.0   11.0
1970 10  1    0.0   25.0   14.0
1970 10  2    0.0   23.0   13.0
1970 10  3    0.0   24.0   11.0
1970 10  4    0.0   27.0   11.0
1970 10  5    0.0   27.0    6.0
1970 10  6    0.0   29.0    6.0
1970 10  7    0.0   29.0    7.0
1970 10  8    0.0   29.0   12.0
1970 10  9    0.0   27.0    6.0
1970 10 10    0.0   28.0    5.0
1970 10 11    0.0   25.0    9.0
1970 10 12    0.0   23.0    4.0
1970 10 13    0.0   28.0    3.0
1970 10 14    0.0   29.0    6.0
1970 10 15    0.0   28.0    4.0
1970 10 16    0.0   19.0    8.0
1970 10 17    0.0   26.0    7.0
1970 10 18    0.0   25.0    4.0
1970 10 19    0.0   25.0    5.0
1970 10 20    0.0   27.0    3.0
1970 10 21    0.0   22.0   10.0
1970 10 22    0.0   25.0   13.0
1970 10 23    0.0   27.0    9.0
1970 10 24    0.0   27.0    5.0
1970 10 25    0.0   27.0    5.0
1970 10 26    0.0   20.0    6.0
1970 10 27    0.0   24.0    7.0
1970 10 28    0.0   18.0    4.0
1970 10 29    0.0   21.0    2.0
1970 10 30    0.0   27.0   -1.0
1970 10 31    0.0   25.0    1.0
1970 11  1    0.0   29.0    2.0
1970 11  2    0.0   23.0    2.0
1970 11  3    0.0   19.0    2.0
1970 11  4    0.0   15.0    3.0
1970 11  5    0.0   23.0   -1.0
1970 11  6    0.0   27.0   -1.0
1970 11  7    0.0   26.0    4.0
1970 11  8    0.0   26.0    8.0
1970 11  9    0.0   22.0    3.0
1970 11 10    0.0   27.0    1.0
1970 11 11    0.0   25.0    5.0
1970 11 12    0.0   26.0    3.0
1970 11 13    0.0   24.0    6.0
1970 11 14    0.0   13.0    4.0
1970 11 15    0.0   13.0   -7.0
1970 11 16    0.0   23.0   -7.0
1970 11 17    0.0   28.0   -4.0
1970 11 18    0.0   26.0   -3.0
1970 11 19    0.0   25.0    2.0
1970 11 20    0.0   22.0   -1.0
1970 11 21    0.0   27.0   -1.0
1970 11 22    0.0   23.0   -1.0
1970 11 23    0.0   24.0    1.0
1970 11 24    0.0   25.0   -1.0
1970 11 25    0.0   29.0   -1.0
1970 11 26    0.0   27.0    2.0
1970 11 27    0.0   27.0   -1.0
1970 11 28    0.0   25.0   -1.0
1970 11 29    0.0   27.0    2.0
1970 11 30    0.0   26.0    1.0
1970 12  1    0.0   26.0    1.0
1970 12  2    0.0   26.0   -1.0
1970 12  3    0.0   27.0   -1.0
1970 12  4    0.0   26.0    1.0
1970 12  5    0.0   24.0   -1.0
1970 12  6    0.0   22.0   -1.0
1970 12  7    0.0   25.0    1.0
1970 12  8    0.0   24.0   -1.0
1970 12  9    0.0   25.0   -2.0
1970 12 10    0.0   24.0    1.0
1970 12 11    0.0   18.0    3.0
1970 12 12    0.0   10.0    4.0
1970 12 13    0.0   15.0    5.0
1970 12 14    0.0   18.0    4.0
1970 12 15    0.0   23.0    3.0
1970 12 16    0.0   22.0   -2.0
1970 12 17    0.0   23.0   -3.0
1970 12 18    0.0   23.0    1.0
1970 12 19    0.0   24.0    2.0
1970 12 20    0.0   22.0    4.0
1970 12 21    0.0   16.0    4.0
1970 12 22    0.0   19.0   -1.0
1970 12 23    0.0   21.0   -2.0
1970 12 24    0.0   24.0   -2.0
1970 12 25    0.0   24.0   -1.0
1970 12 26    0.0   27.0   -1.0
1970 12 27    0.0   23.0    2.0
1970 12 28    0.0   23.0    1.0
1970 12 29    0.0   22.0    0.0
1970 12 30    0.0   21.0   -4.0
1970 12 31    0.0   21.0   -3.0
