1961  1  1    0.0   20.0    0.0
1961  1  2    0.0   19.0   -4.0
1961  1  3    0.0   17.0   -4.0
1961  1  4    0.0   15.0   -4.0
1961  1  5    0.0   14.0    2.0
1961  1  6    3.0   19.0    2.0
1961  1  7    2.0   18.0    3.0
1961  1  8    0.0   10.0    3.0
1961  1  9    0.0   14.0    2.0
1961  1 10    0.0   20.0   -3.0
1961  1 11    0.0   16.0   -2.0
1961  1 12    0.0   13.0   -6.0
1961  1 13    0.0   21.0   -6.0
1961  1 14    0.0   20.0   -5.0
1961  1 15    0.0   20.0   -4.0
1961  1 16    0.0   19.0   -4.0
1961  1 17    0.0   22.0   -3.0
1961  1 18   10.0   20.0   -1.0
1961  1 19    7.0   23.0    1.0
1961  1 20    5.0   10.0    2.0
1961  1 21    1.0   14.0    4.0
1961  1 22    0.0   12.0    4.0
1961  1 23    7.0   11.0    6.0
1961  1 24    0.0   17.0    3.0
1961  1 25    0.0   10.0    2.0
1961  1 26    0.0   19.0    1.0
1961  1 27    0.0   21.0    0.0
1961  1 28    0.0   21.0    9.0
1961  1 29    0.0   16.0    0.0
1961  1 30    0.0   19.0   -1.0
1961  1 31    0.0   24.0    0.0
1961  2  1    0.0   20.0    2.0
1961  2  2    0.0   19.0   -1.0
1961  2  3    0.0   20.0    0.0
1961  2  4    0.0   20.0    1.0
1961  2  5    0.0   11.0    0.0
1961  2  6    0.0    6.0   -4.0
1961  2  7    0.0   15.0   -5.0
1961  2  8    0.0   12.0   -3.0
1961  2  9    0.0   19.0   -3.0
1961  2 10    0.0   19.0   -2.0
1961  2 11    0.0   19.0   -3.0
1961  2 12    0.0   28.0   -3.0
1961  2 13    0.0   25.0    1.0
1961  2 14    0.0   26.0    6.0
1961  2 15    0.0   24.0    3.0
1961  2 16    0.0   25.0    3.0
1961  2 17    0.0   24.0    3.0
1961  2 18    0.0   24.0    1.0
1961  2 19    0.0   25.0    3.0
1961  2 20    0.0   16.0    1.0
1961  2 21    0.0   15.0    0.0
1961  2 22    0.0   21.0   -1.0
1961  2 23    0.0   24.0    0.0
1961  2 24    0.0   24.0    3.0
1961  2 25    0.0   21.0   -6.0
1961  2 26    0.0   26.0   -5.0
1961  2 27    0.0   25.0    1.0
1961  2 28    0.0   27.0   -1.0
1961  3  1    0.0   20.0   -1.0
1961  3  2    0.0   27.0    1.0
1961  3  3    0.0   26.0    3.0
1961  3  4    0.0   26.0   10.0
1961  3  5    0.0   25.0    8.0
1961  3  6    0.0   26.0    6.0
1961  3  7    0.0   26.0    7.0
1961  3  8    0.0   20.0    1.0
1961  3  9    0.0   23.0    1.0
1961  3 10    0.0   29.0    1.0
1961  3 11    0.0   26.0    6.0
1961  3 12    0.0   25.0    3.0
1961  3 13    0.0   28.0    3.0
1961  3 14    0.0   27.0    3.0
1961  3 15    0.0   26.0    5.0
1961  3 16    0.0   22.0    7.0
1961  3 17    0.0   24.0    1.0
1961  3 18    0.0   24.0    3.0
1961  3 19    0.0   23.0    2.0
1961  3 20    0.0   21.0   -1.0
1961  3 21    0.0   27.0    0.0
1961  3 22    0.0   27.0    3.0
1961  3 23    0.0   27.0    6.0
1961  3 24    0.0   25.0    7.0
1961  3 25    0.0   26.0    8.0
1961  3 26    0.0   25.0    8.0
1961  3 27    0.0   27.0    8.0
1961  3 28    0.0   29.0   10.0
1961  3 29    0.0   27.0    7.0
1961  3 30    0.0   20.0   10.0
1961  3 31    0.0   20.0    0.0
1961  4  1    0.0   23.0    1.0
1961  4  2    0.0   24.0    2.0
1961  4  3    0.0   27.0    3.0
1961  4  4    2.0   27.0    5.0
1961  4  5    0.0   24.0    5.0
1961  4  6    0.0   28.0    6.0
1961  4  7    0.0   20.0    8.0
1961  4  8    0.0   27.0   11.0
1961  4  9    0.0   26.0    3.0
1961  4 10    0.0   29.0    6.0
1961  4 11    0.0   27.0    5.0
1961  4 12    0.0   28.0    8.0
1961  4 13    0.0   32.0    4.0
1961  4 14    0.0   29.0    4.0
1961  4 15    0.0   24.0    6.0
1961  4 16    0.0   29.0    3.0
1961  4 17    2.0   30.0    7.0
1961  4 18    0.0   30.0    9.0
1961  4 19    0.0   34.0   12.0
1961  4 20    0.0   29.0   13.0
1961  4 21    0.0   35.0   16.0
1961  4 22    0.0   36.0   14.0
1961  4 23    0.0   35.0   18.0
1961  4 24    0.0   35.0   15.0
1961  4 25    0.0   30.0   13.0
1961  4 26    0.0   31.0   11.0
1961  4 27    0.0   32.0    7.0
1961  4 28    0.0   33.0    8.0
1961  4 29    0.0   24.0    6.0
1961  4 30    0.0   35.0    6.0
1961  5  1    0.0   34.0   11.0
1961  5  2    0.0   34.0    9.0
1961  5  3    0.0   34.0   12.0
1961  5  4    0.0   31.0   12.0
1961  5  5    0.0   32.0   13.0
1961  5  6    0.0   35.0   10.0
1961  5  7    0.0   34.0   13.0
1961  5  8    0.0   29.0   11.0
1961  5  9    0.0   31.0    7.0
1961  5 10    0.0   35.0    8.0
1961  5 11    0.0   38.0   12.0
1961  5 12    0.0   36.0   14.0
1961  5 13    0.0   33.0   14.0
1961  5 14    0.0   29.0    5.0
1961  5 15    0.0   35.0    7.0
1961  5 16    0.0   37.0   10.0
1961  5 17    0.0   35.0   10.0
1961  5 18    0.0   35.0   16.0
1961  5 19    1.0   34.0   14.0
1961  5 20    0.0   36.0   16.0
1961  5 21    0.0   36.0   13.0
1961  5 22    0.0   37.0   11.0
1961  5 23    0.0   35.0   11.0
1961  5 24    0.0   35.0   13.0
1961  5 25    0.0   33.0   13.0
1961  5 26    0.0   35.0   11.0
1961  5 27    0.0   36.0   15.0
1961  5 28    0.0   36.0   12.0
1961  5 29    0.0   37.0   12.0
1961  5 30    2.5   36.0   15.0
1961  5 31    0.0   37.0   15.0
1961  6  1    0.0   36.0   15.0
1961  6  2    0.0   37.0   16.0
1961  6  3    0.0   36.0   15.0
1961  6  4    0.0   36.0   14.0
1961  6  5    0.0   37.0   15.0
1961  6  6    0.0   36.0   16.0
1961  6  7    0.0   36.0   18.0
1961  6  8    0.0   35.0   15.0
1961  6  9    0.0   37.0   14.0
1961  6 10    0.0   37.0   16.0
1961  6 11    0.0   36.0   16.0
1961  6 12    0.0   36.0   17.0
1961  6 13    2.5   36.0   17.0
1961  6 14   11.0   31.0   16.0
1961  6 15   37.0   23.0   18.0
1961  6 16   27.0   20.0   17.0
1961  6 17    0.0   26.0   16.0
1961  6 18    0.0   29.0   17.0
1961  6 19    0.0   31.0   14.0
1961  6 20    0.0   33.0   16.0
1961  6 21    0.0   31.0   16.0
1961  6 22    0.0   32.0   14.0
1961  6 23    0.0   34.0   14.0
1961  6 24    0.0   35.0   15.0
1961  6 25    0.0   37.0   18.0
1961  6 26    0.0   33.0   21.0
1961  6 27    0.0   35.0   18.0
1961  6 28    5.0   34.0   19.0
1961  6 29    5.0   29.0   17.0
1961  6 30    0.0   27.0   18.0
1961  7  1    3.0   33.0   18.0
1961  7  2    0.0   28.0   16.0
1961  7  3    0.0   31.0   18.0
1961  7  4    0.0   33.0   18.0
1961  7  5    0.0   32.0   16.0
1961  7  6    0.0   31.0   17.0
1961  7  7    0.0   30.0   13.0
1961  7  8    0.0   30.0   12.0
1961  7  9    7.0   34.0   15.0
1961  7 10    0.0   29.0   17.0
1961  7 11    0.0   32.0   15.0
1961  7 12    0.0   34.0   16.0
1961  7 13    0.0   35.0   18.0
1961  7 14    0.0   34.0   16.0
1961  7 15    0.0   35.0   17.0
1961  7 16    9.0   33.0   17.0
1961  7 17    0.0   32.0   18.0
1961  7 18    0.0   32.0   15.0
1961  7 19    0.0   32.0   16.0
1961  7 20    0.0   34.0   17.0
1961  7 21    7.0   34.0   16.0
1961  7 22   30.0   31.0   16.0
1961  7 23   22.5   29.0   11.0
1961  7 24    0.0   30.0   17.0
1961  7 25    0.0   28.0   18.0
1961  7 26    0.0   32.0   16.0
1961  7 27    0.0   30.0   16.0
1961  7 28    0.0   29.0   16.0
1961  7 29   13.0   27.0   18.0
1961  7 30    3.0   28.0   17.0
1961  7 31    5.0   29.0   17.0
1961  8  1    0.0   26.0   17.0
1961  8  2    2.5   26.0   13.0
1961  8  3    4.0   26.0   15.0
1961  8  4    3.0   29.0   15.0
1961  8  5    0.0   30.0   14.0
1961  8  6    0.0   30.0   15.0
1961  8  7    0.0   31.0   14.0
1961  8  8    0.0   32.0   13.0
1961  8  9    0.0   33.0   15.0
1961  8 10    1.0   27.0   14.0
1961  8 11   22.0   33.0   18.0
1961  8 12    0.0   27.0   16.0
1961  8 13    0.0   30.0   16.0
1961  8 14   24.0   29.0   18.0
1961  8 15    4.0   27.0   15.0
1961  8 16    3.0   28.0   15.0
1961  8 17    4.0   28.0   16.0
1961  8 18    0.0   28.0   15.0
1961  8 19    0.0   28.0   17.0
1961  8 20    4.0   29.0   16.0
1961  8 21    0.0   28.0   17.0
1961  8 22    0.0   30.0   13.0
1961  8 23    0.0   32.0   13.0
1961  8 24    0.0   33.0   14.0
1961  8 25    0.0   35.0   16.0
1961  8 26    5.0   34.0   16.0
1961  8 27    0.0   33.0   15.0
1961  8 28    0.0   31.0   16.0
1961  8 29    0.0   30.0   17.0
1961  8 30   14.0   32.0   16.0
1961  8 31   10.0   30.0   17.0
1961  9  1    0.0   29.0   16.0
1961  9  2    0.0   30.0   16.0
1961  9  3    0.0   30.0   16.0
1961  9  4   10.0   26.0   17.0
1961  9  5    0.0   27.0   17.0
1961  9  6    0.0   30.0   14.0
1961  9  7    3.0   31.0   15.0
1961  9  8    0.0   31.0   16.0
1961  9  9    0.0   32.0   15.0
1961  9 10    0.0   31.0   15.0
1961  9 11    0.0   31.0   14.0
1961  9 12    0.0   32.0   13.0
1961  9 13   18.0   29.0   16.0
1961  9 14    0.0   26.0   17.0
1961  9 15    0.0   23.0   18.0
1961  9 16    0.0   22.0   16.0
1961  9 17    0.0   28.0   14.0
1961  9 18    1.0   32.0   14.0
1961  9 19    0.0   30.0   15.0
1961  9 20    0.0   31.0   15.0
1961  9 21    0.0   33.0   12.0
1961  9 22    0.0   33.0   12.0
1961  9 23    0.0   33.0   16.0
1961  9 24    2.0   32.0   12.0
1961  9 25    0.0   29.0   16.0
1961  9 26    0.0   31.0   13.0
1961  9 27    0.0   32.0   14.0
1961  9 28    0.0   30.0   14.0
1961  9 29    1.0   29.0   14.0
1961  9 30    0.0   32.0   13.0
1961 10  1    0.0   31.0   14.0
1961 10  2    0.0   24.0   15.0
1961 10  3    0.0   24.0    7.0
1961 10  4    0.0   27.0    4.0
1961 10  5    0.0   29.0    6.0
1961 10  6    0.0   29.0    9.0
1961 10  7    0.0   29.0   10.0
1961 10  8    2.5   26.0   12.0
1961 10  9    0.0   20.0   16.0
1961 10 10    0.0   28.0   11.0
1961 10 11    0.0   29.0    9.0
1961 10 12   16.0   31.0   10.0
1961 10 13    0.0   31.0   13.0
1961 10 14    0.0   25.0   13.0
1961 10 15    0.0   21.0   11.0
1961 10 16    0.0   18.0   13.0
1961 10 17    0.0   25.0   -2.0
1961 10 18    0.0   28.0    4.0
1961 10 19    0.0   28.0    8.0
1961 10 20    0.0   29.0    7.0
1961 10 21    0.0   30.0    8.0
1961 10 22    0.0   31.0    9.0
1961 10 23    0.0   29.0    8.0
1961 10 24    0.0   29.0   10.0
1961 10 25    0.0   28.0    8.0
1961 10 26    0.0   22.0   10.0
1961 10 27    0.0   29.0    8.0
1961 10 28    0.0   27.0    9.0
1961 10 29    0.0   27.0   13.0
1961 10 30    0.0   22.0    9.0
1961 10 31    0.0   28.0   10.0
1961 11  1    0.0   22.0   15.0
1961 11  2    0.0   21.0    4.0
1961 11  3    0.0   21.0   -1.0
1961 11  4    0.0   29.0    2.0
1961 11  5    0.0   21.0    3.0
1961 11  6    3.0   21.0    5.0
1961 11  7    0.0    7.0    3.0
1961 11  8    1.0   12.0    4.0
1961 11  9    0.0   22.0    5.0
1961 11 10    0.0   23.0    0.0
1961 11 11    0.0   24.0    3.0
1961 11 12    0.0   26.0    3.0
1961 11 13    0.0   24.0    3.0
1961 11 14    0.0   20.0    2.0
1961 11 15    0.0   20.0   -5.0
1961 11 16    0.0   22.0   -3.0
1961 11 17    0.0   27.0    7.0
1961 11 18    0.0   22.0    7.0
1961 11 19    0.0   23.0    8.0
1961 11 20    0.0   26.0    4.0
1961 11 21    0.0   25.0    4.0
1961 11 22    0.0   20.0    7.0
1961 11 23    0.0   25.0   -4.0
1961 11 24    0.0   28.0   -3.0
1961 11 25    0.0   29.0   -3.0
1961 11 26    0.0   30.0    2.0
1961 11 27    0.0   29.0    2.0
1961 11 28    0.0   27.0    2.0
1961 11 29    0.0   24.0    2.0
1961 11 30    0.0   26.0    2.0
1961 12  1    0.0   28.0   -1.0
1961 12  2    0.0   25.0    1.0
1961 12  3    0.0   25.0    1.0
1961 12  4    0.0   24.0    2.0
1961 12  5    0.0   24.0    6.0
1961 12  6    0.0   20.0    4.0
1961 12  7    0.0   21.0    4.0
1961 12  8    0.0   20.0    4.0
1961 12  9    0.0   21.0   10.0
1961 12 10    0.0   19.0    4.0
1961 12 11    0.0   21.0    5.0
1961 12 12    0.0   22.0    3.0
1961 12 13    0.0   22.0    1.0
1961 12 14    0.0   22.0    0.0
1961 12 15    0.0   23.0   -2.0
1961 12 16    0.0   21.0    1.0
1961 12 17    0.0   17.0    0.0
1961 12 18    0.0   22.0    0.0
1961 12 19    0.0   21.0   -4.0
1961 12 20    0.0   21.0   -3.0
1961 12 21    0.0   23.0   -2.0
1961 12 22    0.0   19.0   -2.0
1961 12 23    0.0   18.0   -4.0
1961 12 24    0.0   12.0   -4.0
1961 12 25    0.0   22.0   -3.0
1961 12 26    0.0   20.0   -3.0
1961 12 27    0.0   21.0    0.0
1961 12 28    0.0   20.0   -4.0
1961 12 29    0.0   21.0   -5.0
1961 12 30    0.0   14.0   -4.0
1961 12 31    0.0   17.0   -4.0
1962  1  1    0.0   16.0   -4.0
1962  1  2    0.0   20.0    1.0
1962  1  3    0.0   18.0    1.0
1962  1  4    0.0   18.0   -1.0
1962  1  5    0.0   12.0   -1.0
1962  1  6    0.0   22.0   -9.0
1962  1  7    0.0   23.0   -1.0
1962  1  8    0.0   22.0   -1.0
1962  1  9    0.0   22.0  -12.0
1962  1 10    0.0   10.0   -1.0
1962  1 11    0.0   12.0  -15.0
1962  1 12    0.0   13.0    3.0
1962  1 13    0.0   22.0    2.0
1962  1 14    0.0   25.0    8.0
1962  1 15    0.0   20.0   -4.0
1962  1 16    0.0   20.0   -2.0
1962  1 17    0.0   24.0   -3.0
1962  1 18    0.0   23.0   -3.0
1962  1 19    0.0   21.0   -4.0
1962  1 20    0.0   24.0   -5.0
1962  1 21    0.0   25.0   -1.0
1962  1 22    0.0   26.0   -2.0
1962  1 23    0.0   22.0    0.0
1962  1 24    0.0   18.0   -3.0
1962  1 25    0.0   17.0   -4.0
1962  1 26    0.0   23.0   -6.0
1962  1 27    0.0   25.0   -3.0
1962  1 28    0.0   20.0   -3.0
1962  1 29    0.0   19.0   -2.0
1962  1 30    0.0   23.0   -4.0
1962  1 31    0.0   26.0   -1.0
1962  2  1    0.0   21.0    0.0
1962  2  2    0.0   27.0   -4.0
1962  2  3    0.0   24.0    0.0
1962  2  4    0.0   25.0    2.0
1962  2  5    0.0   26.0    2.0
1962  2  6    0.0   27.0    1.0
1962  2  7    0.0   23.0    2.0
1962  2  8    0.0   25.0    0.0
1962  2  9    0.0   25.0    1.0
1962  2 10    0.0   27.0    5.0
1962  2 11    0.0   28.0    4.0
1962  2 12    0.0   27.0    6.0
1962  2 13    0.0   28.0    7.0
1962  2 14    0.0   22.0    7.0
1962  2 15    0.0   26.0    4.0
1962  2 16    0.0   21.0    3.0
1962  2 17    0.0   22.0    3.0
1962  2 18    0.0   22.0    3.0
1962  2 19    0.0   22.0    0.0
1962  2 20    0.0   23.0    1.0
1962  2 21    0.0   24.0    4.0
1962  2 22    0.0   19.0    5.0
1962  2 23    0.0   19.0   -2.0
1962  2 24    0.0   25.0   -3.0
1962  2 25    0.0   24.0    1.0
1962  2 26    0.0   24.0    3.0
1962  2 27    0.0   22.0    5.0
1962  2 28    0.0   14.0   -1.0
1962  3  1    0.0   21.0   -4.0
1962  3  2    0.0   20.0   -4.0
1962  3  3    0.0   23.0   -1.0
1962  3  4    0.0   19.0    2.0
1962  3  5    0.0   21.0   -3.0
1962  3  6    0.0   21.0   -1.0
1962  3  7    0.0   21.0    3.0
1962  3  8    0.0   24.0    5.0
1962  3  9    0.0   22.0    8.0
1962  3 10    0.0   19.0    5.0
1962  3 11    0.0   22.0    5.0
1962  3 12    0.0   22.0   -1.0
1962  3 13    0.0   20.0   -2.0
1962  3 14    0.0   19.0    0.0
1962  3 15    0.0   14.0   -5.0
1962  3 16    0.0   14.0   -5.0
1962  3 17    0.0   27.0   -0.5
1962  3 18    0.0   24.0   -7.0
1962  3 19    0.0   29.0   -4.0
1962  3 20    0.0   22.0    9.0
1962  3 21    0.0   24.0    3.0
1962  3 22    0.0   25.0    5.0
1962  3 23    0.0   27.0    0.0
1962  3 24    0.0   22.0    1.0
1962  3 25    0.0   22.0   -1.0
1962  3 26    0.0   25.0   -1.0
1962  3 27    0.0   29.0    1.0
1962  3 28    0.0   27.0    5.0
1962  3 29    0.0   29.0    5.0
1962  3 30    0.0   28.0    6.0
1962  3 31    0.0   22.0    7.0
1962  4  1    0.0   27.0    1.0
1962  4  2    0.0   26.0    2.0
1962  4  3    0.0   22.0    4.0
1962  4  4    0.0   21.0    9.0
1962  4  5    0.0   26.0    3.0
1962  4  6    0.0   27.0    5.0
1962  4  7    0.0   26.0    3.0
1962  4  8    0.0   31.0    2.0
1962  4  9    0.0   30.0    4.0
1962  4 10    0.0   28.0    6.0
1962  4 11    0.0   27.0   10.0
1962  4 12    0.0   22.0    5.0
1962  4 13    0.0   28.0    8.0
1962  4 14    0.0   30.0    8.0
1962  4 15    0.0   31.0    9.0
1962  4 16    0.0   30.0   10.0
1962  4 17    0.0   32.0    9.0
1962  4 18    0.0   33.0   10.0
1962  4 19    0.0   31.0   12.0
1962  4 20    0.0   29.0   11.0
1962  4 21    0.0   30.0   12.0
1962  4 22    0.0   28.0   10.0
1962  4 23    0.0   26.0   12.0
1962  4 24    0.0   28.0    8.0
1962  4 25    0.0   30.0   10.0
1962  4 26    0.0   27.0   13.0
1962  4 27    0.0   26.0    7.0
1962  4 28    0.0   31.0    6.0
1962  4 29    0.0   32.0   11.0
1962  4 30    0.0   32.0   12.0
1962  5  1    0.0   26.0    9.0
1962  5  2    0.0   25.0    9.0
1962  5  3    0.0   30.0    7.0
1962  5  4    0.0   33.0    8.0
1962  5  5    0.0   33.0    9.0
1962  5  6    0.0   33.0    9.0
1962  5  7    0.0   33.0   11.0
1962  5  8    0.0   34.0   12.0
1962  5  9    0.0   35.0   13.0
1962  5 10    0.0   36.0   14.0
1962  5 11    0.0   38.0   14.0
1962  5 12    0.0   33.0   15.0
1962  5 13    0.0   35.0   11.0
1962  5 14    0.0   37.0   12.0
1962  5 15    0.0   33.0   14.0
1962  5 16    0.0   32.0   17.0
1962  5 17    0.0   33.0   10.0
1962  5 18    0.0   32.0   10.0
1962  5 19    0.0   35.0   10.0
1962  5 20    0.0   34.0   12.0
1962  5 21    0.0   35.0   13.0
1962  5 22    0.0   35.0   15.0
1962  5 23    0.0   35.0   11.0
1962  5 24    0.0   35.0   11.0
1962  5 25    0.0   34.0   10.0
1962  5 26    0.0   31.0   10.0
1962  5 27    0.0   34.0   10.0
1962  5 28    0.0   34.0    9.0
1962  5 29    0.0   30.0    5.0
1962  5 30    0.0   30.0    7.0
1962  5 31    0.0   36.0    8.0
1962  6  1    0.0   33.0   10.0
1962  6  2    0.0   33.0   11.0
1962  6  3    0.0   33.0   11.0
1962  6  4    0.0   34.0   14.0
1962  6  5    0.0   35.0   12.0
1962  6  6    0.0   36.0   12.0
1962  6  7    0.0   35.0   14.0
1962  6  8    0.0   36.0   12.0
1962  6  9    0.0   35.0   14.0
1962  6 10    0.0   37.0   14.0
1962  6 11    0.0   37.0   15.0
1962  6 12    0.0   38.0   16.0
1962  6 13    0.0   36.0   14.0
1962  6 14    0.0   38.0   14.0
1962  6 15    0.0   36.0   16.0
1962  6 16    0.0   38.0   20.0
1962  6 17    0.0   38.0   14.0
1962  6 18    0.0   36.0   15.0
1962  6 19    0.0   34.0   22.0
1962  6 20    0.0   33.0   16.0
1962  6 21    0.0   34.0   15.0
1962  6 22    0.0   36.0   14.0
1962  6 23    0.0   35.0   14.0
1962  6 24    0.0   34.0   16.0
1962  6 25    0.0   33.0   18.0
1962  6 26    0.0   35.0   16.0
1962  6 27    0.0   36.0   15.0
1962  6 28   10.0   35.0   18.0
1962  6 29    0.0   36.0   17.0
1962  6 30    6.0   33.7   17.0
1962  7  1    0.0   35.0   17.0
1962  7  2    0.0   36.0   17.0
1962  7  3    0.0   35.0   17.0
1962  7  4    4.0   34.0   17.0
1962  7  5   17.0   32.0   17.0
1962  7  6    0.0   36.0   17.0
1962  7  7    0.0   37.0   18.0
1962  7  8    4.0   34.0   18.0
1962  7  9    2.0   34.0   18.0
1962  7 10    5.0   31.0   19.0
1962  7 11   12.0   32.0   19.0
1962  7 12    0.0   30.0   18.0
1962  7 13    2.0   31.0   17.0
1962  7 14    0.0   31.0   18.0
1962  7 15    0.0   30.0   17.0
1962  7 16   18.0   33.0   19.0
1962  7 17   15.0   26.0   17.0
1962  7 18    5.0   28.0   17.0
1962  7 19    0.0   30.0   17.0
1962  7 20    0.0   33.0   18.0
1962  7 21    0.0   34.0   19.0
1962  7 22    0.0   30.0   20.0
1962  7 23    0.0   34.0   15.0
1962  7 24    0.0   35.0   20.0
1962  7 25    0.0   34.0   17.0
1962  7 26   13.0   29.0   20.0
1962  7 27    8.0   30.0   16.0
1962  7 28    6.0   33.0   17.0
1962  7 29    0.0   34.0   19.0
1962  7 30    0.0   35.0   20.0
1962  7 31    0.0   34.0   20.0
1962  8  1    0.0   32.0   20.0
1962  8  2    8.0   32.0   15.0
1962  8  3    0.0   33.0   19.0
1962  8  4    3.0   27.0   18.0
1962  8  5    0.0   30.0   17.0
1962  8  6    0.0   34.0   19.0
1962  8  7    0.0   34.0   19.0
1962  8  8    0.0   34.0   16.0
1962  8  9    0.0   34.0   16.0
1962  8 10    0.0   33.0   15.0
1962  8 11    0.0   33.0   18.0
1962  8 12    0.0   35.0   15.0
1962  8 13    0.0   33.0   15.0
1962  8 14    0.0   32.0   14.0
1962  8 15    0.0   32.0   16.0
1962  8 16    0.0   32.0   14.0
1962  8 17    0.0   32.0   16.0
1962  8 18    0.0   34.0   16.0
1962  8 19    2.0   33.0   12.0
1962  8 20    0.0   32.0   16.0
1962  8 21    0.0   33.0   16.0
1962  8 22    0.0   34.0   17.0
1962  8 23    0.0   34.0   16.0
1962  8 24    3.0   34.0   17.0
1962  8 25   15.0   30.0   19.0
1962  8 26    0.0   32.0   15.0
1962  8 27    0.0   30.0   17.0
1962  8 28    0.0   33.0   16.0
1962  8 29    0.0   36.0   12.0
1962  8 30    0.0   35.0   14.0
1962  8 31    0.0   36.0   15.0
1962  9  1    0.0   34.0   17.0
1962  9  2    0.0   30.0   23.0
1962  9  3   10.0   35.0   10.0
1962  9  4   15.0   29.0   19.0
1962  9  5   13.0   29.0   17.0
1962  9  6    0.0   30.0   16.0
1962  9  7    0.0   29.0   16.0
1962  9  8    0.0   29.0   15.0
1962  9  9    0.0   29.0   17.0
1962  9 10    8.0   29.0   18.0
1962  9 11    3.0   27.0   18.0
1962  9 12    0.0   30.0   16.0
1962  9 13    0.0   31.0   16.0
1962  9 14    0.0   30.0   19.0
1962  9 15    0.0   31.0   17.0
1962  9 16    5.0   32.0   16.0
1962  9 17    0.0   31.0   16.0
1962  9 18    0.0   24.0   15.0
1962  9 19    0.0   29.0   14.0
1962  9 20    0.0   30.0   11.0
1962  9 21    0.0   30.0   13.0
1962  9 22    0.0   29.0   11.0
1962  9 23    0.0   30.0   11.0
1962  9 24    0.0   32.0   11.0
1962  9 25    9.0   32.0   12.0
1962  9 26    0.0   33.0   17.0
1962  9 27    0.0   25.0    9.0
1962  9 28    0.0   28.0   13.0
1962  9 29    0.0   30.0   14.0
1962  9 30    0.0   30.0   12.0
1962 10  1    0.0   30.0   12.0
1962 10  2    0.0   27.0   12.0
1962 10  3    3.0   28.0   14.0
1962 10  4    6.0   29.0   15.0
1962 10  5    0.0   27.0   16.0
1962 10  6    0.0   28.0   11.0
1962 10  7    0.0   30.0   13.0
1962 10  8   23.0   30.0   14.0
1962 10  9    0.0   29.0   16.0
1962 10 10    0.0   29.0   15.0
1962 10 11   23.0   27.0   16.0
1962 10 12    0.0   26.0   15.0
1962 10 13    0.0   28.0   14.0
1962 10 14    0.0   28.0   13.0
1962 10 15    0.0   29.0   12.0
1962 10 16    1.0   29.0   12.0
1962 10 17    3.0   27.0   14.0
1962 10 18    0.0   28.0   16.0
1962 10 19    0.0   27.0   15.0
1962 10 20    0.0   29.0   11.0
1962 10 21    0.0   24.0    9.0
1962 10 22    0.0   27.0    9.0
1962 10 23    0.0   25.0    9.0
1962 10 24    0.0   26.0    8.0
1962 10 25    0.0   27.0    8.0
1962 10 26    0.0   28.0    8.0
1962 10 27    0.0   29.0    9.0
1962 10 28    0.0   26.0    8.0
1962 10 29    0.0   21.0    8.0
1962 10 30    0.0   21.0    5.0
1962 10 31    0.0   26.0    3.0
1962 11  1    0.0   25.0    4.0
1962 11  2    0.0   26.0    5.0
1962 11  3    0.0   26.0    6.0
1962 11  4    0.0   28.0    5.0
1962 11  5    0.0   22.0    9.0
1962 11  6    0.0   24.0    5.0
1962 11  7    0.0   23.0    4.0
1962 11  8    0.0   21.0    3.0
1962 11  9    0.0   23.0    1.0
1962 11 10    0.0   24.0    2.0
1962 11 11    0.0   24.0    2.0
1962 11 12    0.0   23.0    4.0
1962 11 13    0.0   25.0    2.0
1962 11 14    0.0   28.0    2.0
1962 11 15    0.0   25.0    3.0
1962 11 16    0.0   26.0    8.0
1962 11 17    0.0   27.0    9.0
1962 11 18    0.0   26.0    7.0
1962 11 19    0.0   25.0    6.0
1962 11 20    0.0   24.0    4.0
1962 11 21    0.0   23.0    2.0
1962 11 22    0.0   21.0   -1.0
1962 11 23    0.0   22.0    0.0
1962 11 24    0.0   24.0   -1.0
1962 11 25    0.0   27.0   -1.0
1962 11 26    0.0   26.0    2.0
1962 11 27    0.0   25.0   -1.0
1962 11 28    0.0   24.0   -0.5
1962 11 29    0.0   23.0    3.0
1962 11 30    0.0   24.0    0.0
1962 12  1    0.0   20.0    0.0
1962 12  2    0.0   21.0   -1.0
1962 12  3    0.0   22.0   -1.0
1962 12  4    0.0   22.0    1.0
1962 12  5    0.0   14.0    2.0
1962 12  6    0.0   19.0    4.0
1962 12  7    0.0   20.0    3.0
1962 12  8    0.0   19.0   -1.0
1962 12  9    0.0   19.0   -2.0
1962 12 10    0.0   21.0   -3.0
1962 12 11    0.0   19.0   -2.0
1962 12 12    4.0   19.0    2.0
1962 12 13    0.0   14.0    0.0
1962 12 14    0.0   19.0   -2.0
1962 12 15    0.0   22.0    2.0
1962 12 16    0.0   23.0    1.0
1962 12 17    0.0   24.0    4.0
1962 12 18    0.0   23.0    1.0
1962 12 19    0.0   23.0    8.0
1962 12 20    0.0   19.0    8.0
1962 12 21    0.0   17.0    5.0
1962 12 22    0.0   16.0    3.0
1962 12 23   11.0   14.0    1.0
1962 12 24    0.0   17.0    3.0
1962 12 25    0.0   11.0   -1.0
1962 12 26    0.0   19.0   -1.0
1962 12 27    0.0   17.0   -1.0
1962 12 28    0.0   18.0   -1.0
1962 12 29    0.0   19.0   -2.0
1962 12 30    0.0   20.0   -3.0
1962 12 31    0.0   22.0   -1.0
1963  1  1    0.0   22.0    2.0
1963  1  2    0.0   19.0    1.0
1963  1  3    0.0   19.0    4.0
1963  1  4    0.0   20.0    6.0
1963  1  5    0.0   20.0    4.0
1963  1  6    0.0   21.0    6.0
1963  1  7    0.0   16.0    7.0
1963  1  8    0.0   19.0    4.0
1963  1  9    0.0   18.0    4.0
1963  1 10    0.0   17.0    8.0
1963  1 11    0.0   15.0   -5.0
1963  1 12    0.0   14.0   -8.0
1963  1 13    0.0    5.0  -11.0
1963  1 14    0.0   14.0  -10.0
1963  1 15    0.0   14.0   -9.0
1963  1 16    0.0   21.0   -7.0
1963  1 17    0.0   19.0   -7.0
1963  1 18    0.0   18.0   -1.0
1963  1 19    0.0   16.0    1.0
1963  1 20    0.0   15.0   -1.0
1963  1 21    0.0   16.0   -2.0
1963  1 22    0.0   21.0   -7.0
1963  1 23    0.0   22.0   -5.0
1963  1 24    0.0   20.0   -3.0
1963  1 25    0.0   24.0   -2.0
1963  1 26    0.0   22.0   11.0
1963  1 27    0.0   21.0   10.0
1963  1 28    0.0   22.0    8.0
1963  1 29    0.0   24.0    7.0
1963  1 30    0.0   25.0    6.0
1963  1 31    0.0   24.0    4.0
1963  2  1    0.0   29.0    5.0
1963  2  2    0.0   30.0    5.0
1963  2  3    0.0   28.0    5.0
1963  2  4    0.0   27.0    3.0
1963  2  5    0.0   26.0    4.0
1963  2  6    0.0   23.0    4.0
1963  2  7    0.0   23.0    3.0
1963  2  8    0.0   25.0    1.0
1963  2  9    0.0   21.0    2.0
1963  2 10    1.0   21.0    7.0
1963  2 11    2.0   19.0    3.0
1963  2 12    0.0   11.0   -4.0
1963  2 13    0.0   10.0   -5.0
1963  2 14    0.0   19.0   -6.0
1963  2 15    0.0   17.0    3.0
1963  2 16    0.0   20.0    1.0
1963  2 17    1.0   18.0    2.0
1963  2 18    0.0   16.0    4.0
1963  2 19    0.0   21.0    1.0
1963  2 20    0.0   27.0    0.0
1963  2 21    0.0   24.0    2.0
1963  2 22    0.0   23.0    1.0
1963  2 23    0.0   22.0    3.0
1963  2 24    0.0   24.0    3.0
1963  2 25    0.0   22.0    4.0
1963  2 26    0.0   22.0    0.0
1963  2 27    0.0   22.0    2.0
1963  2 28    0.0   22.0    5.0
1963  3  1    0.0   26.0   -1.0
1963  3  2    0.0   28.0    4.0
1963  3  3    0.0   27.0    5.0
1963  3  4    0.0   20.0    9.0
1963  3  5    0.0   15.0    0.0
1963  3  6    0.0   25.0   -2.0
1963  3  7    0.0   27.0   -1.0
1963  3  8    0.0   28.0    3.0
1963  3  9    0.0   28.0    3.0
1963  3 10    0.0   24.0    4.0
1963  3 11    0.0   22.0    5.0
1963  3 12    0.0   27.0    1.0
1963  3 13    0.0   27.0    4.0
1963  3 14    0.0   28.0    4.0
1963  3 15    0.0   27.0    5.0
1963  3 16    0.0   28.0    7.0
1963  3 17    0.0   27.0    7.0
1963  3 18    0.0   25.0    7.0
1963  3 19    0.0   18.0    4.0
1963  3 20    0.0   21.0    2.0
1963  3 21    0.0   25.0    4.0
1963  3 22    0.0   24.0    5.0
1963  3 23    0.0   29.0    4.0
1963  3 24    0.0   30.0    6.0
1963  3 25    0.0   29.0    6.0
1963  3 26    0.0   29.0    7.0
1963  3 27    0.0   29.0   10.0
1963  3 28    0.0   32.0   11.0
1963  3 29    0.0   32.0   11.0
1963  3 30    0.0   31.0   11.0
1963  3 31    0.0   32.0   10.0
1963  4  1    0.0   27.0   11.0
1963  4  2    0.0   27.0   12.0
1963  4  3    0.0   27.0   10.0
1963  4  4    2.0   25.0   16.0
1963  4  5    0.0   27.0    8.0
1963  4  6    0.0   30.0    5.0
1963  4  7    0.0   31.0    5.0
1963  4  8    0.0   34.0   11.0
1963  4  9    0.0   30.0   10.0
1963  4 10    0.0   33.0    9.0
1963  4 11    0.0   32.0   14.0
1963  4 12    0.0   30.0    8.0
1963  4 13    0.0   33.0    9.0
1963  4 14    0.0   34.0   15.0
1963  4 15    0.0   33.0   14.0
1963  4 16    0.0   32.0   12.0
1963  4 17    0.0   31.0   14.0
1963  4 18    0.0   30.0   15.0
1963  4 19    0.0   31.0    6.0
1963  4 20    0.0   30.0    8.0
1963  4 21    0.0   33.0    9.0
1963  4 22    0.0   31.0   12.0
1963  4 23    0.0   34.0   11.0
1963  4 24    0.0   30.0   12.0
1963  4 25    0.0   31.0   14.0
1963  4 26    0.0   32.0   13.0
1963  4 27    0.0   31.0   10.0
1963  4 28    0.0   31.0    8.0
1963  4 29    0.0   32.0    9.0
1963  4 30    0.0   36.0    7.0
1963  5  1    0.0   31.0   14.0
1963  5  2    0.0   32.0    8.0
1963  5  3    0.0   35.0    9.0
1963  5  4    0.0   31.0   10.0
1963  5  5    0.0   32.0    9.0
1963  5  6    0.0   33.0    8.0
1963  5  7    0.0   32.0    7.0
1963  5  8    0.0   30.0   12.0
1963  5  9    0.0   33.0   10.0
1963  5 10    0.0   33.0   11.0
1963  5 11    0.0   35.0   16.0
1963  5 12    0.0   35.0   10.0
1963  5 13    0.0   34.0   10.0
1963  5 14    0.0   35.0   10.0
1963  5 15    0.0   34.0   11.0
1963  5 16    0.0   34.0   14.0
1963  5 17   11.0   33.0   15.0
1963  5 18    0.0   31.0   14.0
1963  5 19    0.0   34.0   16.0
1963  5 20    3.0   33.0   15.0
1963  5 21    0.0   29.0   14.0
1963  5 22    0.0   33.0   14.0
1963  5 23    0.0   33.0   15.0
1963  5 24    0.0   35.0   15.0
1963  5 25    0.0   35.0    9.0
1963  5 26    0.0   35.0    8.0
1963  5 27    0.0   35.0   18.0
1963  5 28    0.0   35.0   14.0
1963  5 29    0.0   37.0   18.0
1963  5 30    0.0   37.0   16.0
1963  5 31    0.0   37.0   12.0
1963  6  1    0.0   35.0   14.0
1963  6  2    0.0   34.0   10.0
1963  6  3    0.0   35.0   11.0
1963  6  4    0.0   36.0   10.0
1963  6  5    0.0   36.0   14.0
1963  6  6    0.0   35.0   10.0
1963  6  7    0.0   32.0   16.0
1963  6  8    0.0   33.0   13.0
1963  6  9    0.0   34.0   13.0
1963  6 10    0.0   35.0   16.0
1963  6 11    0.0   32.0   17.0
1963  6 12    3.0   28.0   18.0
1963  6 13    4.0   32.0   15.0
1963  6 14    0.0   33.0   17.0
1963  6 15    2.0   32.0   18.0
1963  6 16    0.0   33.0   16.0
1963  6 17    0.0   35.0   19.0
1963  6 18    0.0   36.0   17.0
1963  6 19    0.0   36.0   19.0
1963  6 20    0.0   35.0   17.0
1963  6 21    0.0   34.0   16.0
1963  6 22    0.0   34.0   16.0
1963  6 23    2.0   36.0   15.0
1963  6 24    1.0   36.0   14.0
1963  6 25    0.0   33.0   18.0
1963  6 26    0.0   34.0   16.0
1963  6 27    0.0   35.0   16.0
1963  6 28    0.0   34.0   16.0
1963  6 29    0.0   36.0   16.0
1963  6 30    0.0   35.0   17.0
1963  7  1    0.0   34.0   18.0
1963  7  2    3.0   29.0   16.0
1963  7  3   42.0   29.0   19.0
1963  7  4   20.0   28.0   16.0
1963  7  5   24.0   27.0   14.0
1963  7  6   21.0   29.0   17.0
1963  7  7    0.0   31.0   15.0
1963  7  8    0.0   31.0   17.0
1963  7  9    0.0   32.0   17.0
1963  7 10    0.0   34.0   16.0
1963  7 11    0.0   35.0   18.0
1963  7 12    0.0   30.0   19.0
1963  7 13    1.0   36.0   19.0
1963  7 14    0.0   35.0   20.0
1963  7 15    0.0   36.0   17.0
1963  7 16    0.0   36.0   18.0
1963  7 17    0.0   35.0   18.0
1963  7 18    0.0   34.0   16.0
1963  7 19    0.0   35.0   16.0
1963  7 20    0.0   36.0   18.0
1963  7 21    0.0   35.0   14.0
1963  7 22    0.0   36.0   15.0
1963  7 23    0.0   35.0   14.0
1963  7 24    0.0   35.0   15.0
1963  7 25    0.0   35.5   17.0
1963  7 26   30.0   31.0   18.0
1963  7 27    5.0   33.0   18.0
1963  7 28    7.0   29.0   16.0
1963  7 29    5.0   32.0   16.0
1963  7 30    2.0   33.0   15.0
1963  7 31    6.0   30.0   16.0
1963  8  1    0.0   34.0   16.0
1963  8  2    0.0   31.0   15.0
1963  8  3   20.0   29.0   16.0
1963  8  4    1.5   28.0   14.0
1963  8  5   29.0   29.0   14.0
1963  8  6   15.0   26.0   16.0
1963  8  7    0.0   32.0   14.0
1963  8  8    3.0   30.0   15.0
1963  8  9    0.0   36.0   16.0
1963  8 10    0.0   30.0   14.0
1963  8 11    0.0   35.0   13.0
1963  8 12    0.0   32.0   14.0
1963  8 13   10.0   34.0   15.0
1963  8 14    3.0   29.0   14.0
1963  8 15    0.0   31.0   16.0
1963  8 16    3.0   32.0   14.0
1963  8 17    0.0   32.0   16.0
1963  8 18    0.0   30.0   16.0
1963  8 19    1.0   30.0   16.0
1963  8 20    0.0   32.0   16.0
1963  8 21    0.0   33.0   13.0
1963  8 22    1.5   34.0   13.0
1963  8 23   36.0   32.0   17.0
1963  8 24    0.0   31.0   14.0
1963  8 25    0.0   31.0   15.0
1963  8 26    0.0   31.0   14.0
1963  8 27    0.0   31.0   16.0
1963  8 28   14.0   33.0   16.0
1963  8 29    0.0   32.0   15.0
1963  8 30   35.0   30.0   14.0
1963  8 31    0.0   28.0   14.0
1963  9  1    7.0   30.0   15.0
1963  9  2   12.0   27.0   13.0
1963  9  3   25.0   29.0   16.0
1963  9  4    5.0   27.0   15.0
1963  9  5    0.0   27.0   15.0
1963  9  6    6.0   33.0   14.0
1963  9  7    0.0   31.0   17.0
1963  9  8    0.0   30.0   14.0
1963  9  9    1.0   29.0   12.0
1963  9 10    0.0   30.0   12.0
1963  9 11    1.0   30.0   12.0
1963  9 12    4.0   29.0   13.0
1963  9 13    0.0   28.0   14.0
1963  9 14    2.0   31.0   11.0
1963  9 15    0.0   27.0   15.0
1963  9 16    0.0   29.0   13.0
1963  9 17    0.0   31.0   17.0
1963  9 18    0.0   32.0   15.0
1963  9 19    0.0   31.0   15.0
1963  9 20    0.0   29.0   12.0
1963  9 21   16.0   32.0   12.0
1963  9 22    4.0   28.0   14.0
1963  9 23    0.0   27.0   14.0
1963  9 24    0.0   27.0   10.0
1963  9 25    0.0   28.0   11.0
1963  9 26    0.0   27.0   15.0
1963  9 27    0.0   26.0   10.0
1963  9 28    0.0   27.0    6.0
1963  9 29    0.0   26.0    2.0
1963  9 30    0.0   26.0    2.0
1963 10  1    0.0   27.0    2.0
1963 10  2    0.0   26.0    1.0
1963 10  3    0.0   22.0    1.0
1963 10  4    0.0   23.0    5.0
1963 10  5    0.0   25.0    6.0
1963 10  6    0.0   26.0   10.0
1963 10  7    0.0   27.0   10.0
1963 10  8    0.0   26.0   10.5
1963 10  9    0.0   27.0   10.0
1963 10 10    0.0   29.0   10.0
1963 10 11    0.0   30.0    8.0
1963 10 12    0.0   31.0    6.0
1963 10 13    9.0   32.0   11.0
1963 10 14    0.0   26.0   10.0
1963 10 15    0.0   26.0   11.0
1963 10 16    2.0   25.0   11.0
1963 10 17    2.0   26.0   10.0
1963 10 18   23.0   26.0   10.0
1963 10 19    0.0   27.0   10.0
1963 10 20    0.0   26.0   10.0
1963 10 21    0.0   27.0    9.0
1963 10 22    0.0   26.0    9.0
1963 10 23    0.0   25.0   10.0
1963 10 24    0.0   24.0    8.0
1963 10 25   11.0   26.0    7.0
1963 10 26    0.0   23.0    7.0
1963 10 27    0.0   27.0    5.0
1963 10 28    0.0   24.0    5.0
1963 10 29    0.0   24.0    6.0
1963 10 30    0.0   24.0    7.0
1963 10 31    0.0   25.0    9.0
1963 11  1    0.0   21.0    8.0
1963 11  2    0.0   22.0    7.0
1963 11  3    0.0   26.0    6.0
1963 11  4    0.0   25.0   11.0
1963 11  5    0.0   20.0    0.0
1963 11  6    0.0   20.0    1.0
1963 11  7    0.0   26.0    1.0
1963 11  8    0.0   12.0    2.0
1963 11  9    0.0   12.0    1.0
1963 11 10    0.0   23.0    1.0
1963 11 11    0.0   25.0    1.0
1963 11 12    0.0   24.0    1.0
1963 11 13    0.0   26.0    1.0
1963 11 14    0.0   27.0    1.0
1963 11 15    0.0   27.0    1.0
1963 11 16    0.0   24.0    5.0
1963 11 17    0.0   24.0    4.0
1963 11 18    0.0   23.0   -1.0
1963 11 19    0.0   21.0    2.0
1963 11 20    0.0   25.0    1.0
1963 11 21    0.0   23.0    1.0
1963 11 22    0.0   18.0    4.0
1963 11 23    0.0   18.0   -3.0
1963 11 24    0.0   26.0   -3.0
1963 11 25    0.0   23.0   -2.0
1963 11 26   20.0   17.0    1.0
1963 11 27    0.0   14.0   -2.0
1963 11 28    0.0   13.0    0.0
1963 11 29    0.0   18.0    1.0
1963 11 30    5.0   16.0   -3.0
1963 12  1    0.0   21.0    1.0
1963 12  2    0.0   15.0    5.0
1963 12  3    0.0   19.0   -1.0
1963 12  4    0.0   17.0   -1.0
1963 12  5    0.0   19.0   -1.0
1963 12  6    0.0   20.0    2.0
1963 12  7    0.0   20.0    2.0
1963 12  8    0.0   19.0   -1.0
1963 12  9    0.0   24.0   -1.0
1963 12 10    0.0   21.0    4.0
1963 12 11    0.0   21.0    7.0
1963 12 12    0.0   20.0    8.0
1963 12 13    0.0   11.0    4.0
1963 12 14    0.0   15.0   -5.0
1963 12 15    0.0   12.0   -3.0
1963 12 16    0.0   11.0    0.0
1963 12 17    0.0   17.0   -1.0
1963 12 18    0.0   16.0    2.0
1963 12 19    0.0   12.0    1.0
1963 12 20    0.0   19.0   -1.0
1963 12 21    0.0   22.0   -2.0
1963 12 22    0.0   14.0    0.0
1963 12 23    0.0   12.0   -5.0
1963 12 24    0.0   20.0   -9.0
1963 12 25    0.0   22.0   -3.0
1963 12 26    0.0   23.0   -3.0
1963 12 27    0.0   20.0   -5.0
1963 12 28    0.0   21.0   -3.0
1963 12 29    0.0   20.0   -4.0
1963 12 30    0.0   18.0   -6.0
1963 12 31    0.0   11.0  -10.0
1964  1  1    0.0   17.0   -8.0
1964  1  2    0.0   22.0   -8.0
1964  1  3    0.0   21.0   -7.0
1964  1  4    0.0   13.0   -4.0
1964  1  5    0.0   18.0   -3.0
1964  1  6    0.0   17.0   -3.0
1964  1  7    0.0   20.0   -4.0
1964  1  8    0.0   19.0    9.0
1964  1  9    0.0    9.0  -10.0
1964  1 10    0.0   21.0  -11.0
1964  1 11    0.0   20.0   -5.0
1964  1 12    0.0   10.0   -6.0
1964  1 13    0.0    9.0   -7.0
1964  1 14    0.0   12.0  -11.0
1964  1 15    0.0    9.0   -8.0
1964  1 16    0.0   13.0  -12.0
1964  1 17    0.0   21.0  -11.0
1964  1 18    0.0   22.0    5.0
1964  1 19    0.0   21.0    1.0
1964  1 20    0.0   18.0    3.0
1964  1 21    0.0   21.0    2.0
1964  1 22    0.0   22.0    7.0
1964  1 23    0.0   22.0   -1.0
1964  1 24    0.0   21.0    4.0
1964  1 25    0.0   22.0   -9.0
1964  1 26    0.0   19.0   -6.0
1964  1 27    0.0   20.0   -8.0
1964  1 28    0.0   22.0    1.0
1964  1 29    0.0   21.0    0.0
1964  1 30    0.0   23.0   -1.0
1964  1 31    0.0   22.0    0.0
1964  2  1    1.0   22.0    1.0
1964  2  2    0.0   21.0   -3.0
1964  2  3    0.0   19.0    1.0
1964  2  4    0.0   12.0   -9.0
1964  2  5    0.0   20.0   -8.0
1964  2  6    0.0   22.0   -2.0
1964  2  7    0.0   18.0   -3.0
1964  2  8    0.0   19.0   -4.0
1964  2  9    0.0   18.0   -4.0
1964  2 10    0.0   22.0   -6.0
1964  2 11    0.0   28.0    2.0
1964  2 12    0.0   29.0    6.0
1964  2 13    0.0   23.0   11.0
1964  2 14    0.0   20.0    6.0
1964  2 15    0.0   25.0   -6.0
1964  2 16    0.0   19.0   -4.0
1964  2 17    0.0   18.0    6.0
1964  2 18    0.0   19.0   -6.0
1964  2 19    0.0   19.0   -6.0
1964  2 20    0.0   22.0    0.0
1964  2 21    0.0   13.0   -7.0
1964  2 22    0.0   10.0   -5.0
1964  2 23    0.0   15.0   -7.0
1964  2 24    0.0   13.0    3.0
1964  2 25    0.0   24.0   -3.0
1964  2 26    0.0   22.0    1.0
1964  2 27    0.0   21.0    4.0
1964  2 28    0.0   16.0    2.0
1964  2 29    0.0   20.0    5.0
1964  3  1    0.0   14.0   -1.0
1964  3  2    0.0   18.0   -7.0
1964  3  3    2.0   17.0    7.0
1964  3  4    0.0   16.0   -6.0
1964  3  5    0.0   26.0   -6.0
1964  3  6    0.0   24.0    7.0
1964  3  7    0.0   19.0    7.0
1964  3  8    0.0   17.0    7.0
1964  3  9    0.0   19.0   -3.0
1964  3 10    0.0   24.0   -3.0
1964  3 11    0.0   22.0    2.0
1964  3 12    0.0   27.0    1.0
1964  3 13    0.0   27.0    0.0
1964  3 14    0.0   24.0    1.0
1964  3 15    0.0   24.0    1.0
1964  3 16    0.0   25.0    1.0
1964  3 17    0.0   23.0    3.0
1964  3 18    0.0   16.0    5.0
1964  3 19    0.0   21.0    2.0
1964  3 20    0.0   23.0    2.0
1964  3 21    0.0   23.0    2.0
1964  3 22    0.0   25.0    0.0
1964  3 23    0.0   26.0    3.0
1964  3 24    0.0   25.0    7.0
1964  3 25    0.0   24.0    6.0
1964  3 26    0.0   23.0    5.0
1964  3 27    0.0   22.0    4.0
1964  3 28    2.0   24.0    6.0
1964  3 29    0.0   26.0    4.0
1964  3 30    0.0   26.0    5.0
1964  3 31    0.0   27.0    9.0
1964  4  1    0.0   26.0   10.0
1964  4  2    0.0   27.0   15.0
1964  4  3    0.0   25.0   13.0
1964  4  4    0.0   26.0   12.0
1964  4  5    0.0   26.0   12.0
1964  4  6    0.0   29.0    2.0
1964  4  7    0.0   24.0    3.0
1964  4  8    0.0   16.0    4.0
1964  4  9    0.0   29.0    1.0
1964  4 10    0.0   30.0    2.0
1964  4 11    0.0   30.0   11.0
1964  4 12    0.0   27.0   15.0
1964  4 13    0.0   28.0    4.0
1964  4 14    0.0   28.0    1.0
1964  4 15    0.0   28.0    5.0
1964  4 16    0.0   29.0    8.0
1964  4 17    0.0   31.0    5.0
1964  4 18    0.0   30.0    8.0
1964  4 19    0.0   29.0   10.0
1964  4 20    0.0   28.0   11.0
1964  4 21    0.0   32.0    8.0
1964  4 22    0.0   31.0   10.0
1964  4 23    0.0   29.0    7.0
1964  4 24    0.0   30.0    9.0
1964  4 25    0.0   30.0   12.0
1964  4 26    0.0   30.0   12.0
1964  4 27    0.0   30.0    7.0
1964  4 28    0.0   29.0   13.0
1964  4 29    0.0   31.0   12.0
1964  4 30    0.0   29.0   11.0
1964  5  1    0.0   27.0    5.0
1964  5  2    0.0   29.0    5.0
1964  5  3    0.0   25.0    7.0
1964  5  4    0.0   25.0    6.0
1964  5  5    0.0   32.0    7.0
1964  5  6    0.0   34.0    6.0
1964  5  7    0.0   33.0    6.0
1964  5  8    0.0   31.0   16.0
1964  5  9    0.0   31.0   16.0
1964  5 10    0.0   32.0    8.0
1964  5 11    0.0   29.0    6.0
1964  5 12    0.0   32.0    6.0
1964  5 13    0.0   34.0   11.0
1964  5 14    1.0   36.0   12.0
1964  5 15    0.0   32.0   13.0
1964  5 16    5.0   34.0   14.0
1964  5 17    2.0   32.0   15.0
1964  5 18    8.0   30.0   13.0
1964  5 19    7.0   28.0   11.0
1964  5 20    0.0   27.0   11.0
1964  5 21    0.0   30.0   11.0
1964  5 22    4.0   32.0   13.0
1964  5 23    0.0   28.0   14.0
1964  5 24    0.0   33.0   12.0
1964  5 25    0.0   32.0   14.0
1964  5 26    0.0   32.0   15.0
1964  5 27    0.0   33.0   12.0
1964  5 28    0.0   32.0   14.0
1964  5 29    0.0   28.0   14.0
1964  5 30    0.0   32.0   10.0
1964  5 31    0.0   26.0   10.0
1964  6  1   18.0   28.0   14.0
1964  6  2    0.0   27.0   14.0
1964  6  3    0.0   29.0   10.0
1964  6  4    0.0   32.0   11.0
1964  6  5    0.0   35.0   14.0
1964  6  6    0.0   35.0   15.0
1964  6  7    0.0   35.0   16.0
1964  6  8    0.0   35.0   17.0
1964  6  9    0.0   34.0   15.0
1964  6 10    0.0   35.0   16.0
1964  6 11    7.0   34.0   18.0
1964  6 12    5.0   34.0   16.0
1964  6 13   23.0   34.0   17.0
1964  6 14    0.0   29.0   17.0
1964  6 15    0.0   33.0   16.0
1964  6 16    0.0   34.0   16.0
1964  6 17    0.0   35.0   19.0
1964  6 18    2.0   34.0   16.0
1964  6 19    7.0   34.0   19.0
1964  6 20    2.0   32.0   18.0
1964  6 21    2.0   32.0   16.0
1964  6 22    0.0   30.0   16.0
1964  6 23   14.0   29.0   17.0
1964  6 24    8.0   25.0   14.0
1964  6 25    4.0   26.0   14.0
1964  6 26    0.0   26.0   14.0
1964  6 27    0.0   29.0   15.0
1964  6 28    0.0   32.0   16.0
1964  6 29    0.0   38.0   15.0
1964  6 30    0.0   37.0   16.0
1964  7  1    0.0   33.0   16.0
1964  7  2    0.0   34.0   17.0
1964  7  3    0.0   31.0   15.0
1964  7  4    0.0   36.0   18.0
1964  7  5    0.0   38.0   16.0
1964  7  6    2.0   34.0   18.0
1964  7  7    0.0   32.0   18.0
1964  7  8    1.0   38.0   18.0
1964  7  9    5.0   37.0   16.0
1964  7 10    0.0   33.0   15.0
1964  7 11    0.0   39.0   17.0
1964  7 12    0.0   34.0   18.0
1964  7 13   15.0   33.0   18.0
1964  7 14    6.0   36.0   16.0
1964  7 15    0.0   38.0   15.0
1964  7 16   12.0   36.0   16.0
1964  7 17    0.0   32.0   16.0
1964  7 18    0.0   38.0   17.0
1964  7 19    0.0   39.0   16.0
1964  7 20    4.0   36.0   18.0
1964  7 21    0.0   31.0   15.0
1964  7 22    0.0   34.0   15.0
1964  7 23    1.0   28.0   16.0
1964  7 24   13.0   28.0   17.0
1964  7 25    0.0   30.0   17.0
1964  7 26    0.0   30.0   17.0
1964  7 27   11.0   34.0   15.0
1964  7 28    0.0   31.0   16.0
1964  7 29   20.0   30.0   15.0
1964  7 30    3.0   31.0   16.0
1964  7 31    4.0   29.0   18.0
1964  8  1    4.0   29.0   16.0
1964  8  2    2.0   30.0   15.0
1964  8  3    0.0   31.0   15.0
1964  8  4    0.0   32.0   17.0
1964  8  5    0.0   31.0   15.0
1964  8  6    0.0   36.0   16.0
1964  8  7    0.0   32.0   18.0
1964  8  8    0.0   34.0   15.0
1964  8  9    0.0   33.0   16.0
1964  8 10    0.0   34.0   17.0
1964  8 11    0.0   33.0   18.0
1964  8 12    6.0   35.0   16.0
1964  8 13    0.0   32.0   17.0
1964  8 14    0.0   31.0   18.0
1964  8 15    8.0   32.0   16.0
1964  8 16   33.0   30.0   17.0
1964  8 17    0.0   29.0   17.0
1964  8 18    0.0   31.0   17.0
1964  8 19    0.0   30.0   16.0
1964  8 20    0.0   31.0   14.0
1964  8 21    1.0   30.0   16.0
1964  8 22    0.0   30.0   17.0
1964  8 23    0.0   34.0   17.0
1964  8 24   34.0   26.0   17.0
1964  8 25    0.0   29.0   17.0
1964  8 26    0.0   31.0   18.0
1964  8 27    0.0   30.0   15.0
1964  8 28    0.0   29.0   15.0
1964  8 29    0.0   30.0   16.0
1964  8 30    6.0   33.0   15.0
1964  8 31    0.0   32.0   16.0
1964  9  1    0.0   32.0   15.0
1964  9  2    0.0   31.0   15.0
1964  9  3    0.0   32.0   16.0
1964  9  4    0.0   30.0   15.0
1964  9  5    2.0   33.0   16.0
1964  9  6    0.0   32.0   14.0
1964  9  7    0.0   30.0   15.0
1964  9  8   15.0   27.0   14.0
1964  9  9    0.0   29.0   16.0
1964  9 10    0.0   30.0   15.0
1964  9 11    0.0   29.0   16.0
1964  9 12    0.0   28.0   14.0
1964  9 13    7.0   29.0   17.0
1964  9 14    6.0   28.0   16.0
1964  9 15    0.0   28.0   14.0
1964  9 16    0.0   28.0   16.0
1964  9 17    0.0   27.0   13.0
1964  9 18   13.0   30.0   14.0
1964  9 19    0.0   30.0   15.0
1964  9 20    0.0   29.0   14.0
1964  9 21    0.0   28.0   13.0
1964  9 22    0.0   29.5   16.0
1964  9 23    0.0   30.0   15.0
1964  9 24    0.0   28.0   14.0
1964  9 25    3.0   29.0   12.0
1964  9 26    0.0   27.0   13.0
1964  9 27    0.0   25.0   15.0
1964  9 28    0.0   26.0   14.0
1964  9 29    0.0   27.0   13.0
1964  9 30    0.0   28.0   14.0
1964 10  1    0.0   22.0   14.0
1964 10  2    0.0   27.0   15.0
1964 10  3    0.0   27.0   14.0
1964 10  4    0.0   25.0   12.0
1964 10  5    0.0   18.0   12.0
1964 10  6    0.0   18.0    8.0
1964 10  7    0.0   18.0    8.0
1964 10  8    0.0   21.0    8.0
1964 10  9    0.0   25.0    4.0
1964 10 10    0.0   19.0    4.0
1964 10 11    0.0   21.0    4.0
1964 10 12    0.0   22.0    5.0
1964 10 13    0.0   24.0    6.0
1964 10 14    0.0   23.0    8.0
1964 10 15    0.0   26.0   11.0
1964 10 16    0.0   25.0   13.0
1964 10 17    1.0   28.0   12.0
1964 10 18    0.0   28.0   12.0
1964 10 19    1.0   17.0    8.0
1964 10 20    0.0   19.0    4.0
1964 10 21    0.0   19.0    5.0
1964 10 22    0.0   21.0    5.0
1964 10 23    0.0   22.0    5.0
1964 10 24    0.0   24.0    7.0
1964 10 25    0.0   23.0    8.0
1964 10 26    0.0   18.0    6.0
1964 10 27    0.0   21.0    6.0
1964 10 28    0.0   22.0    5.0
1964 10 29    0.0   23.0    5.0
1964 10 30    0.0   24.0    4.0
1964 10 31    0.0   23.0    5.0
1964 11  1    0.0   25.0    6.0
1964 11  2    0.0   24.0    4.0
1964 11  3    0.0   21.0    4.0
1964 11  4    0.0   16.0    2.0
1964 11  5    0.0   14.0   -1.0
1964 11  6    0.0   17.0    0.0
1964 11  7    0.0   20.0    1.0
1964 11  8    0.0   22.0    2.0
1964 11  9    0.0   24.0    4.0
1964 11 10    0.0   24.0    4.0
1964 11 11    0.0   25.0    7.0
1964 11 12    0.0   24.0    4.0
1964 11 13    0.0   24.0    1.0
1964 11 14    0.0   23.0    3.0
1964 11 15    0.0   25.0    5.0
1964 11 16    0.0   22.0    5.0
1964 11 17    0.0   22.0    4.0
1964 11 18    0.0   23.0    9.0
1964 11 19    0.0   15.0    6.0
1964 11 20    0.0   15.0    1.0
1964 11 21    0.0   12.0   -2.0
1964 11 22    0.0   15.0   -1.0
1964 11 23    0.0   22.0   -3.0
1964 11 24    0.0   21.0   -2.0
1964 11 25    0.0   26.0    2.0
1964 11 26    0.0   25.0    2.0
1964 11 27    0.0   20.0    4.0
1964 11 28    0.0   21.0   -1.0
1964 11 29    0.0   18.0    0.0
1964 11 30    0.0   20.0    1.0
1964 12  1    0.0   25.0   -1.0
1964 12  2    0.0   20.0    0.0
1964 12  3    0.0   22.0    2.0
1964 12  4    0.0   24.0   -4.0
1964 12  5    0.0   16.0   -1.0
1964 12  6    0.0   15.0    0.0
1964 12  7    0.0   16.0    2.0
1964 12  8   14.0   10.0    1.0
1964 12  9    5.0    8.0    0.0
1964 12 10    0.0    8.0    1.0
1964 12 11    0.0   17.0   -5.0
1964 12 12    0.0   14.0   -2.0
1964 12 13    0.0   13.0   -1.0
1964 12 14    0.0   13.0   -4.0
1964 12 15    0.0   20.0   -4.0
1964 12 16    7.0   15.0    4.0
1964 12 17    0.0   18.0    8.0
1964 12 18    2.0   10.0    7.0
1964 12 19    0.0   18.0    5.0
1964 12 20    0.0   15.0    1.0
1964 12 21    0.0   20.0    1.0
1964 12 22    0.0   24.0    1.0
1964 12 23    0.0   23.0    3.0
1964 12 24    0.0   24.0    4.0
1964 12 25    0.0   25.0    5.0
1964 12 26    0.0   20.0    5.0
1964 12 27    0.0   24.0    2.0
1964 12 28    0.0   24.0    1.0
1964 12 29    0.0   25.0    3.0
1964 12 30    0.0   21.0   -1.0
1964 12 31    0.0   18.0    3.0
1965  1  1    1.0   20.0    1.0
1965  1  2    0.0   14.0    2.0
1965  1  3    0.0   16.0    6.0
1965  1  4    0.0   15.0    9.0
1965  1  5    0.0   19.0    5.0
1965  1  6    0.0   21.0    6.0
1965  1  7    0.0   26.0    4.0
1965  1  8    0.0   21.0    8.0
1965  1  9    0.0   20.0    0.0
1965  1 10    0.0   21.0   -1.0
1965  1 11    0.0   24.0   -5.0
1965  1 12    0.0   20.0    6.0
1965  1 13    0.0   19.0    6.0
1965  1 14    0.0   19.0    4.0
1965  1 15    0.0   18.0    5.0
1965  1 16    0.0   21.0    5.0
1965  1 17    0.0   19.0   -2.0
1965  1 18    0.0   19.0   -1.0
1965  1 19    0.0   22.0   -1.0
1965  1 20    0.0   18.0    4.0
1965  1 21    0.0   19.0    5.0
1965  1 22    0.0   19.0   -1.0
1965  1 23    0.0   21.0    0.0
1965  1 24    0.0   24.0   -1.0
1965  1 25    0.0   21.0    0.0
1965  1 26    0.0   20.0   -6.0
1965  1 27    0.0   14.0   -4.0
1965  1 28    0.0   18.0  -11.0
1965  1 29    0.0   22.0   -8.0
1965  1 30    0.0   25.0   -5.0
1965  1 31    0.0   24.0   -3.0
1965  2  1  -99.9  -99.9  -99.9
1965  2  2  -99.9  -99.9  -99.9
1965  2  3  -99.9  -99.9  -99.9
1965  2  4  -99.9  -99.9  -99.9
1965  2  5  -99.9  -99.9  -99.9
1965  2  6  -99.9  -99.9  -99.9
1965  2  7  -99.9  -99.9  -99.9
1965  2  8  -99.9  -99.9  -99.9
1965  2  9  -99.9  -99.9  -99.9
1965  2 10  -99.9  -99.9  -99.9
1965  2 11  -99.9  -99.9  -99.9
1965  2 12  -99.9  -99.9  -99.9
1965  2 13  -99.9  -99.9  -99.9
1965  2 14  -99.9  -99.9  -99.9
1965  2 15  -99.9  -99.9  -99.9
1965  2 16  -99.9  -99.9  -99.9
1965  2 17  -99.9  -99.9  -99.9
1965  2 18  -99.9  -99.9  -99.9
1965  2 19  -99.9  -99.9  -99.9
1965  2 20  -99.9  -99.9  -99.9
1965  2 21  -99.9  -99.9  -99.9
1965  2 22  -99.9  -99.9  -99.9
1965  2 23  -99.9  -99.9  -99.9
1965  2 24  -99.9  -99.9  -99.9
1965  2 25  -99.9  -99.9  -99.9
1965  2 26  -99.9  -99.9  -99.9
1965  2 27  -99.9  -99.9  -99.9
1965  2 28  -99.9  -99.9  -99.9
1965  3  1    0.0   21.0    4.0
1965  3  2    0.0   18.0    2.0
1965  3  3    0.0   15.0   -4.0
1965  3  4    0.0   14.0   -3.0
1965  3  5    0.0   13.0   -2.0
1965  3  6    0.0   21.0   -6.0
1965  3  7    0.0   24.0   -1.0
1965  3  8    0.0   25.0    0.0
1965  3  9    0.0   27.0    8.0
1965  3 10    0.0   26.0    6.0
1965  3 11    0.0   15.0    7.0
1965  3 12    0.0   19.0    2.0
1965  3 13    0.0   12.0    2.0
1965  3 14    0.0   18.0    6.0
1965  3 15    0.0   23.0    4.0
1965  3 16    0.0   25.0    8.0
1965  3 17    0.0   23.0   -2.0
1965  3 18    0.0   25.0    0.0
1965  3 19    0.0   25.0    2.0
1965  3 20    0.0   22.0    2.0
1965  3 21    0.0   23.0    0.0
1965  3 22    0.0   26.0    3.0
1965  3 23    0.0   27.0    1.0
1965  3 24    0.0   22.0    6.0
1965  3 25    0.0   26.0    7.0
1965  3 26    0.0   24.0    3.0
1965  3 27    0.0   27.0    7.0
1965  3 28    0.0   28.0    8.0
1965  3 29    0.0   24.0    5.0
1965  3 30    0.0   25.0    5.0
1965  3 31    0.0   27.0    4.0
1965  4  1    0.0   26.0    6.0
1965  4  2    0.0   27.0    5.0
1965  4  3    0.0   30.0    3.0
1965  4  4    0.0   26.0    5.0
1965  4  5    0.0   27.0    7.0
1965  4  6    0.0   28.0    7.0
1965  4  7    0.0   31.0    9.0
1965  4  8    0.0   30.0   11.0
1965  4  9    0.0   28.0    8.0
1965  4 10    0.0   28.0   10.0
1965  4 11    0.0   27.0    7.0
1965  4 12    0.0   30.0    5.0
1965  4 13    0.0   30.0    7.0
1965  4 14    0.0   29.0    9.0
1965  4 15    0.0   28.0   10.0
1965  4 16    0.0   27.0    9.0
1965  4 17    0.0   24.0   11.0
1965  4 18    0.0   31.0    8.0
1965  4 19    0.0   30.0    6.0
1965  4 20    0.0   28.0    5.0
1965  4 21    0.0   33.0    7.0
1965  4 22    0.0   33.0    7.0
1965  4 23    0.0   33.0   10.0
1965  4 24    0.0   31.0   10.0
1965  4 25    0.0   29.0   11.0
1965  4 26    0.0   28.0   11.0
1965  4 27    0.0   28.0    9.0
1965  4 28    0.0   26.0    7.0
1965  4 29    0.0   21.0   12.0
1965  4 30    0.0   28.0   14.0
1965  5  1    3.0   31.0   12.0
1965  5  2    0.0   30.0    9.0
1965  5  3    0.0   34.0   10.0
1965  5  4    0.0   31.0   12.0
1965  5  5    0.0   33.0   10.0
1965  5  6    0.0   32.0    7.0
1965  5  7    0.0   32.0    5.0
1965  5  8    0.0   32.0   11.0
1965  5  9    0.0   31.0   11.0
1965  5 10    0.0   30.0    7.0
1965  5 11    0.0   35.0    8.0
1965  5 12    0.0   34.0   10.0
1965  5 13    0.0   31.0   14.0
1965  5 14    0.0   30.0   14.0
1965  5 15    0.0   31.0   12.0
1965  5 16    0.0   31.0    9.0
1965  5 17    0.0   29.0    9.0
1965  5 18    0.0   31.0   10.0
1965  5 19    0.0   32.0   12.0
1965  5 20    0.0   29.0   15.0
1965  5 21    0.0   36.0   15.0
1965  5 22    0.0   35.0   16.0
1965  5 23    0.0   34.0   16.0
1965  5 24    0.0   35.0   17.0
1965  5 25    0.0   34.0   12.0
1965  5 26    0.0   32.0   10.0
1965  5 27    0.0   34.0   14.0
1965  5 28    0.0   35.0   14.0
1965  5 29    0.0   33.0   20.0
1965  5 30    0.0   35.0   15.0
1965  5 31    0.0   34.0   10.0
1965  6  1    0.0   30.0   16.0
1965  6  2    0.0   34.0   14.0
1965  6  3    0.0   33.0   13.0
1965  6  4    0.0   26.0   15.0
1965  6  5    0.0   32.0    8.0
1965  6  6    0.0   34.0   12.0
1965  6  7    0.0   36.0    9.0
1965  6  8    0.0   35.0   13.0
1965  6  9    0.0   34.0   14.0
1965  6 10    0.0   32.0   12.0
1965  6 11    0.0   31.0   13.0
1965  6 12    0.0   30.0   14.0
1965  6 13    0.0   36.0   15.0
1965  6 14    0.0   38.0   17.0
1965  6 15    0.0   36.0   14.0
1965  6 16    0.0   36.0   12.0
1965  6 17    0.0   37.0   19.0
1965  6 18   10.0   36.0   19.0
1965  6 19    0.0   34.0   16.0
1965  6 20    0.0   32.0   14.0
1965  6 21    0.0   34.0   15.0
1965  6 22    0.0   35.0   16.0
1965  6 23    0.0   37.0   18.0
1965  6 24    1.0   34.0   20.0
1965  6 25    0.0   34.0   18.0
1965  6 26    0.0   34.0   16.0
1965  6 27    0.0   36.0   15.0
1965  6 28    0.0   35.0   16.0
1965  6 29    0.0   36.0   17.0
1965  6 30    0.0   37.0   14.0
1965  7  1  -99.9  -99.9  -99.9
1965  7  2  -99.9  -99.9  -99.9
1965  7  3  -99.9  -99.9  -99.9
1965  7  4  -99.9  -99.9  -99.9
1965  7  5  -99.9  -99.9  -99.9
1965  7  6  -99.9  -99.9  -99.9
1965  7  7  -99.9  -99.9  -99.9
1965  7  8  -99.9  -99.9  -99.9
1965  7  9  -99.9  -99.9  -99.9
1965  7 10  -99.9  -99.9  -99.9
1965  7 11  -99.9  -99.9  -99.9
1965  7 12  -99.9  -99.9  -99.9
1965  7 13  -99.9  -99.9  -99.9
1965  7 14  -99.9  -99.9  -99.9
1965  7 15  -99.9  -99.9  -99.9
1965  7 16  -99.9  -99.9  -99.9
1965  7 17  -99.9  -99.9  -99.9
1965  7 18  -99.9  -99.9  -99.9
1965  7 19  -99.9  -99.9  -99.9
1965  7 20  -99.9  -99.9  -99.9
1965  7 21  -99.9  -99.9  -99.9
1965  7 22  -99.9  -99.9  -99.9
1965  7 23  -99.9  -99.9  -99.9
1965  7 24  -99.9  -99.9  -99.9
1965  7 25  -99.9  -99.9  -99.9
1965  7 26  -99.9  -99.9  -99.9
1965  7 27  -99.9  -99.9  -99.9
1965  7 28  -99.9  -99.9  -99.9
1965  7 29  -99.9  -99.9  -99.9
1965  7 30  -99.9  -99.9  -99.9
1965  7 31  -99.9  -99.9  -99.9
1965  8  1    0.0   32.0   16.0
1965  8  2    0.0   29.0   16.0
1965  8  3    0.0   30.0   17.0
1965  8  4    0.0   30.0   17.0
1965  8  5    0.0   28.0   18.0
1965  8  6    0.0   31.0   17.0
1965  8  7    0.0   30.0   15.0
1965  8  8    0.0   30.0   16.0
1965  8  9    0.0   32.0   15.0
1965  8 10    0.0   33.0   16.0
1965  8 11    0.0   32.0   18.0
1965  8 12    0.0   29.0   13.0
1965  8 13    0.0   32.0   11.0
1965  8 14    0.0   39.0   12.0
1965  8 15    0.0   35.0   14.0
1965  8 16    1.0   30.0   15.0
1965  8 17   12.0   31.0   14.0
1965  8 18    0.0   32.0   14.0
1965  8 19    0.0   32.0   13.0
1965  8 20    0.0   30.0   12.0
1965  8 21    0.0   30.0   11.0
1965  8 22    0.0   32.0    9.0
1965  8 23    0.0   33.0   11.0
1965  8 24    0.0   35.0   15.0
1965  8 25    0.0   30.0   12.0
1965  8 26    0.0   30.0   15.0
1965  8 27    0.0   31.0   15.0
1965  8 28    0.0   30.0   17.0
1965  8 29    0.0   26.0   16.0
1965  8 30    0.0   31.0   10.0
1965  8 31  -99.9  -99.9  -99.9
1965  9  1    0.0   26.0   15.0
1965  9  2    2.0   28.0   14.0
1965  9  3    0.0   27.0   16.0
1965  9  4    1.0   29.0   16.0
1965  9  5    0.0   27.0   16.0
1965  9  6    0.0   30.0   16.0
1965  9  7    0.0   23.0   14.0
1965  9  8    0.0   28.0   15.0
1965  9  9    0.0   27.0   14.0
1965  9 10    0.0   31.0   13.0
1965  9 11    0.0   29.0   14.0
1965  9 12    0.0   28.0   12.0
1965  9 13    0.0   29.0   13.0
1965  9 14    0.0   33.0   12.0
1965  9 15    0.0   34.0   14.0
1965  9 16    2.0   29.0   15.0
1965  9 17    0.0   29.0   14.0
1965  9 18    0.0   29.0   15.0
1965  9 19    0.0   30.0   12.0
1965  9 20    0.0   30.0   12.0
1965  9 21    0.0   24.0   10.0
1965  9 22    0.0   29.0   10.0
1965  9 23    0.0   29.0   12.0
1965  9 24   10.0   27.0   12.0
1965  9 25    0.0   27.0   15.0
1965  9 26    0.0   22.0   15.0
1965  9 27    0.0   22.0   16.0
1965  9 28    0.0   27.0   16.0
1965  9 29    0.0   29.0   12.0
1965  9 30    0.0   23.0   13.0
1965 10  1    0.0   20.0    9.0
1965 10  2    0.0   21.0    2.0
1965 10  3    0.0   21.0    2.0
1965 10  4    0.0   23.0    3.0
1965 10  5    0.0   27.0    4.0
1965 10  6    0.0   29.0    5.0
1965 10  7    0.0   29.0    6.0
1965 10  8    0.0   30.0    7.0
1965 10  9    0.0   29.0    7.0
1965 10 10    0.0   31.0    7.0
1965 10 11    0.0   26.0    7.0
1965 10 12    0.0   26.0    6.0
1965 10 13    0.0   31.0    6.0
1965 10 14    0.0   30.0    7.0
1965 10 15    0.0   30.0   10.0
1965 10 16    0.0   30.0   11.0
1965 10 17    0.0   28.0    8.0
1965 10 18    0.0   24.0    6.0
1965 10 19    0.0   26.0    5.0
1965 10 20    0.0   25.0    5.0
1965 10 21    0.0   30.0    8.0
1965 10 22    0.0   20.0    1.0
1965 10 23    0.0   23.0    0.0
1965 10 24    0.0   23.0    2.0
1965 10 25    0.0   25.0    2.0
1965 10 26    0.0   24.0    3.0
1965 10 27    0.0   21.0    1.0
1965 10 28    0.0   23.0   -1.0
1965 10 29    0.0   22.0   -1.0
1965 10 30    0.0   20.0   -1.0
1965 10 31    0.0   21.0    0.0
1965 11  1    0.0   17.0    3.0
1965 11  2    0.0   18.0    6.0
1965 11  3    0.0   22.0    9.0
1965 11  4    0.0   23.0    7.0
1965 11  5    0.0   24.0    6.0
1965 11  6    0.0   30.0    5.0
1965 11  7    0.0   30.0   10.0
1965 11  8    0.0   25.0    4.0
1965 11  9    0.0   25.0    7.0
1965 11 10    0.0   24.0    8.0
1965 11 11    0.0   21.0    4.0
1965 11 12    0.0   23.0   -1.0
1965 11 13    0.0   26.0   -1.0
1965 11 14    0.0   24.0    1.0
1965 11 15    0.0   27.0    4.0
1965 11 16    0.0   27.0    1.0
1965 11 17    0.0   29.0   -1.0
1965 11 18    0.0   27.0    2.0
1965 11 19    0.0   26.0    4.0
1965 11 20    0.0   27.0    2.0
1965 11 21    0.0   25.0    5.0
1965 11 22    0.0   28.0    4.0
1965 11 23    0.0   29.0    6.0
1965 11 24    0.0   30.0    6.0
1965 11 25    0.0   29.0    5.0
1965 11 26    0.0   29.0    5.0
1965 11 27    0.0   26.0    4.0
1965 11 28    0.0   22.0    6.0
1965 11 29    0.0   22.0    3.0
1965 11 30    2.0   17.0    1.0
1965 12  1   12.0   16.0    1.0
1965 12  2    0.0   10.0    5.0
1965 12  3    0.0   14.0    5.0
1965 12  4    0.0   13.0   -1.0
1965 12  5    0.0   13.0   -2.0
1965 12  6    0.0   16.0   -3.0
1965 12  7    0.0   16.0    5.0
1965 12  8    0.0   18.0    1.0
1965 12  9    2.5   21.0    6.0
1965 12 10    0.0   20.0    1.0
1965 12 11    0.0   20.0    9.0
1965 12 12    0.0   14.0    4.0
1965 12 13    0.0   14.0    5.0
1965 12 14    0.0   12.0    6.0
1965 12 15    0.0   17.0    5.0
1965 12 16    0.0   18.0   -4.0
1965 12 17    0.0   20.0   -3.0
1965 12 18    0.0   17.0    3.0
1965 12 19    0.0    9.0   -3.0
1965 12 20    0.0   13.0   -3.0
1965 12 21    0.0   18.0    1.0
1965 12 22    0.0   20.0    4.0
1965 12 23    0.0   20.0   11.0
1965 12 24    0.0   18.0   -2.0
1965 12 25    0.0   15.0   -2.0
1965 12 26    0.0   22.0    3.0
1965 12 27    0.0   20.0    6.0
1965 12 28    0.0   21.0    7.0
1965 12 29    0.0   22.0    8.0
1965 12 30    0.0   22.0   10.0
1965 12 31    0.0   22.0   10.0
1966  1  1  -99.9  -99.9  -99.9
1966  1  2  -99.9  -99.9  -99.9
1966  1  3  -99.9  -99.9  -99.9
1966  1  4  -99.9  -99.9  -99.9
1966  1  5  -99.9  -99.9  -99.9
1966  1  6  -99.9  -99.9  -99.9
1966  1  7  -99.9  -99.9  -99.9
1966  1  8  -99.9  -99.9  -99.9
1966  1  9  -99.9  -99.9  -99.9
1966  1 10  -99.9  -99.9  -99.9
1966  1 11  -99.9  -99.9  -99.9
1966  1 12  -99.9  -99.9  -99.9
1966  1 13  -99.9  -99.9  -99.9
1966  1 14  -99.9  -99.9  -99.9
1966  1 15  -99.9  -99.9  -99.9
1966  1 16  -99.9  -99.9  -99.9
1966  1 17  -99.9  -99.9  -99.9
1966  1 18  -99.9  -99.9  -99.9
1966  1 19  -99.9  -99.9  -99.9
1966  1 20  -99.9  -99.9  -99.9
1966  1 21  -99.9  -99.9  -99.9
1966  1 22  -99.9  -99.9  -99.9
1966  1 23  -99.9  -99.9  -99.9
1966  1 24  -99.9  -99.9  -99.9
1966  1 25  -99.9  -99.9  -99.9
1966  1 26  -99.9  -99.9  -99.9
1966  1 27  -99.9  -99.9  -99.9
1966  1 28  -99.9  -99.9  -99.9
1966  1 29  -99.9  -99.9  -99.9
1966  1 30  -99.9  -99.9  -99.9
1966  1 31  -99.9  -99.9  -99.9
1966  2  1    0.0   18.0   -1.0
1966  2  2    0.0   20.0   -2.0
1966  2  3    0.0   18.0   -4.0
1966  2  4    0.0   19.0   -2.0
1966  2  5    0.0   22.0   -4.0
1966  2  6    0.0   23.0    3.0
1966  2  7    0.0   23.0    4.0
1966  2  8    0.0   14.0    3.0
1966  2  9    0.0   12.0    1.0
1966  2 10    0.0   12.0   -3.0
1966  2 11    0.0   12.0   -6.0
1966  2 12    0.0   17.0   -6.0
1966  2 13    0.0   22.0   -2.0
1966  2 14    0.0   20.0    5.0
1966  2 15    0.0   21.0   -1.0
1966  2 16    0.0   16.0   -2.0
1966  2 17    0.0   18.0   -3.0
1966  2 18    0.0   20.0   -3.0
1966  2 19    0.0   22.0   -4.0
1966  2 20    0.0   23.0   -2.0
1966  2 21    0.0   22.0    0.0
1966  2 22    0.0    5.0    3.0
1966  2 23    0.0    6.0   -4.0
1966  2 24    0.0   13.0   -2.0
1966  2 25    0.0   13.0    1.0
1966  2 26    0.0   22.0    5.0
1966  2 27    0.0   18.0    2.0
1966  2 28    0.0   20.0   -5.0
1966  3  1    0.0   20.0    5.0
1966  3  2    0.0   18.0    4.0
1966  3  3    0.0   14.0    7.0
1966  3  4    0.0   13.0    0.0
1966  3  5    0.0   14.0    0.0
1966  3  6    0.0   21.0    4.0
1966  3  7    0.0   23.0    5.0
1966  3  8    0.0   22.0    5.0
1966  3  9    0.0   24.0    4.0
1966  3 10    0.0   26.0    2.0
1966  3 11    0.0   26.0    6.0
1966  3 12    0.0   22.0    4.0
1966  3 13    0.0   23.0    6.0
1966  3 14    0.0   27.0    8.0
1966  3 15    0.0   26.0    5.0
1966  3 16    0.0   24.0    5.0
1966  3 17    0.0   26.0    6.0
1966  3 18    0.0   27.0    4.0
1966  3 19    0.0   30.0    6.0
1966  3 20    0.0   31.0    8.0
1966  3 21    0.0   28.0   12.0
1966  3 22    0.0   26.0   10.0
1966  3 23    0.0   16.0    4.0
1966  3 24    0.0   18.0    5.0
1966  3 25    0.0   24.0    5.0
1966  3 26    0.0   26.0    6.0
1966  3 27    0.0   25.0    6.0
1966  3 28    0.0   23.0    5.0
1966  3 29    1.0   20.0    5.0
1966  3 30    0.0   23.0    5.0
1966  3 31    0.0   24.0    5.0
1966  4  1    0.0   25.0    7.0
1966  4  2    0.0   25.0   11.0
1966  4  3    0.0   27.0    6.0
1966  4  4    0.0   27.0    8.0
1966  4  5    0.0   24.0    8.0
1966  4  6    0.0   30.0    6.0
1966  4  7    0.0   26.0   12.0
1966  4  8    0.0   21.0    7.0
1966  4  9    0.0   29.0    6.0
1966  4 10    0.0   21.0   10.0
1966  4 11    0.0   28.0    7.0
1966  4 12    0.0   28.0    8.0
1966  4 13    0.0   28.0    8.0
1966  4 14    0.0   23.0    8.0
1966  4 15    0.0   20.0   10.0
1966  4 16    0.0   22.0   10.0
1966  4 17    0.0   23.0    8.0
1966  4 18    0.0   24.0    6.0
1966  4 19    0.0   24.0    7.0
1966  4 20    0.0   30.0    8.0
1966  4 21    0.0   26.0   10.0
1966  4 22    0.0   29.0   10.0
1966  4 23    0.0   30.0    8.0
1966  4 24    0.0   29.0    9.0
1966  4 25    0.0   28.0   10.0
1966  4 26    0.0   30.0    6.0
1966  4 27    0.0   30.0    7.0
1966  4 28    0.0   32.0   11.0
1966  4 29    0.0   30.0   17.0
1966  4 30    0.0   33.0    9.0
1966  5  1    1.5   29.0    9.0
1966  5  2   12.5   22.0    9.0
1966  5  3    0.0   17.0   10.0
1966  5  4    4.0   22.0   11.0
1966  5  5    2.5   24.0   12.0
1966  5  6    0.0   28.0    9.0
1966  5  7    0.0   27.0    8.0
1966  5  8    0.0   32.0   10.0
1966  5  9    0.0   34.0   14.0
1966  5 10    0.0   34.0   14.0
1966  5 11    0.0   35.0   13.0
1966  5 12    0.0   34.0   15.0
1966  5 13    0.0   30.0   14.0
1966  5 14    0.0   32.0   12.0
1966  5 15    0.0   34.0   12.0
1966  5 16    0.0   36.0   14.0
1966  5 17    0.0   31.0   11.0
1966  5 18    0.0   33.0   15.0
1966  5 19    0.0   32.0   13.0
1966  5 20    0.0   32.0   10.0
1966  5 21    0.0   35.0   15.0
1966  5 22    0.0   36.0   14.0
1966  5 23    0.0   32.0   15.0
1966  5 24    0.0   32.0   14.0
1966  5 25    3.5   36.0   12.0
1966  5 26    0.0   31.0   15.0
1966  5 27    0.0   33.0   11.0
1966  5 28    0.0   34.0   12.0
1966  5 29    0.0   33.0   13.0
1966  5 30    0.0   35.0   13.0
1966  5 31    0.0   36.0   21.0
1966  6  1    0.0   35.0   17.0
1966  6  2    0.0   36.0   16.0
1966  6  3    0.0   36.0   17.0
1966  6  4    0.0   36.0   16.0
1966  6  5    0.0   35.0   17.0
1966  6  6    0.0   36.0   15.0
1966  6  7    0.0   34.0   15.0
1966  6  8    0.0   37.0   14.0
1966  6  9    0.0   35.0   12.0
1966  6 10    0.0   33.0   15.0
1966  6 11    0.0   32.0   16.0
1966  6 12    0.0   34.0   12.0
1966  6 13    0.0   36.0   14.0
1966  6 14    0.0   33.0   12.0
1966  6 15    0.0   33.0   14.0
1966  6 16    0.0   31.0   18.0
1966  6 17    0.0   36.0   17.0
1966  6 18    0.0   35.0   18.0
1966  6 19    0.0   36.0   17.0
1966  6 20    0.0   34.0   20.0
1966  6 21    0.0   33.0   16.0
1966  6 22    0.0   32.0   17.0
1966  6 23    0.0   34.0   15.0
1966  6 24    0.0   34.0   16.0
1966  6 25   40.0   34.0   16.0
1966  6 26   70.0   25.0   17.0
1966  6 27    6.5   26.0   17.0
1966  6 28    2.0   29.0   18.0
1966  6 29    7.0   29.0   17.0
1966  6 30    0.0   28.0   18.0
1966  7  1    0.0   24.0   16.0
1966  7  2    0.0   33.0   17.0
1966  7  3    0.0   35.0   17.0
1966  7  4    0.0   31.0   19.0
1966  7  5    0.0   28.0   17.0
1966  7  6    0.0   34.0   15.0
1966  7  7    0.0   34.0   20.0
1966  7  8    0.0   34.0   20.0
1966  7  9    0.0   34.0   21.0
1966  7 10    0.0   35.0   19.0
1966  7 11    0.0   30.0   17.0
1966  7 12    0.0   32.0   18.0
1966  7 13    0.0   33.0   19.0
1966  7 14    0.0   35.0   19.0
1966  7 15    0.0   34.0   19.0
1966  7 16    0.0   34.0   19.0
1966  7 17    0.0   31.0   16.0
1966  7 18    0.0   32.0   17.0
1966  7 19    0.0   34.0   15.0
1966  7 20    0.0   33.0   18.0
1966  7 21    0.0   35.0   18.0
1966  7 22    0.0   35.0   19.0
1966  7 23    0.0   34.0   18.0
1966  7 24    0.0   36.0   18.0
1966  7 25    0.0   35.0   19.0
1966  7 26    0.0   36.0   19.0
1966  7 27    0.0   31.0   19.0
1966  7 28    0.0   32.0   18.0
1966  7 29    0.0   32.0   17.0
1966  7 30    0.0   32.0   18.0
1966  7 31    0.0   30.0   19.0
1966  8  1    0.0   35.0   14.0
1966  8  2    0.0   33.0   12.0
1966  8  3    0.0   33.0   19.0
1966  8  4    0.0   33.0   17.0
1966  8  5    0.0   33.0   17.0
1966  8  6    0.0   32.0   21.0
1966  8  7    0.0   33.0   17.0
1966  8  8    0.0   36.0   17.0
1966  8  9    0.0   30.0   16.0
1966  8 10    0.0   31.0   16.0
1966  8 11    0.0   31.0   15.0
1966  8 12    0.0   32.0   16.0
1966  8 13    0.0   30.0   16.0
1966  8 14    0.0   29.0   15.0
1966  8 15    0.0   30.0   15.0
1966  8 16   10.0   30.0   15.0
1966  8 17    2.0   23.0   16.0
1966  8 18    0.0   29.0   16.0
1966  8 19    3.0   26.0   16.0
1966  8 20    0.0   30.0   17.0
1966  8 21    0.0   30.0   16.0
1966  8 22    0.0   28.0   15.0
1966  8 23    5.0   27.0   16.0
1966  8 24    0.0   29.0   16.0
1966  8 25    8.0   27.0   15.0
1966  8 26    0.0   26.0   16.0
1966  8 27    3.5   27.0   15.0
1966  8 28    0.0   28.0   13.0
1966  8 29    0.0   28.0   14.0
1966  8 30    3.0   28.0   18.0
1966  8 31    0.0   29.0   15.0
1966  9  1    0.0   28.0   15.0
1966  9  2    0.0   27.0   15.0
1966  9  3    6.0   28.0   14.0
1966  9  4    3.5   29.0   15.0
1966  9  5    0.0   27.0   11.0
1966  9  6    0.0   26.0   14.0
1966  9  7    0.0   25.0   14.0
1966  9  8    0.0   29.0   15.0
1966  9  9    0.0   26.0   14.0
1966  9 10    0.0   27.0   14.0
1966  9 11    3.0   26.0   14.0
1966  9 12    0.0   29.0   14.0
1966  9 13    0.0   27.0   14.0
1966  9 14    7.0   29.0   15.0
1966  9 15    0.0   29.0   16.0
1966  9 16    0.0   29.0   14.0
1966  9 17    0.0   28.0   15.0
1966  9 18    0.0   29.0   14.0
1966  9 19    0.0   30.0   15.0
1966  9 20    0.0   28.0   11.0
1966  9 21    0.0   28.0   14.0
1966  9 22    0.0   27.0   15.0
1966  9 23    0.0   28.0    9.0
1966  9 24    0.0   30.0   12.0
1966  9 25    0.0   31.0   14.0
1966  9 26    0.0   28.0    9.0
1966  9 27    1.0   26.0   11.0
1966  9 28    6.0   25.0    9.0
1966  9 29    0.0   28.0   12.0
1966  9 30    0.0   27.0   10.0
1966 10  1    0.0   29.0   11.0
1966 10  2    0.0   29.0   12.0
1966 10  3    0.0   30.0   12.0
1966 10  4    0.0   28.0   15.0
1966 10  5    0.0   28.0   10.0
1966 10  6    0.0   21.0   13.0
1966 10  7    0.0   28.0   14.0
1966 10  8    0.0   29.0   12.0
1966 10  9    0.0   30.0   11.0
1966 10 10    0.0   28.0   14.0
1966 10 11    0.0   27.0   10.0
1966 10 12    0.0   29.0   11.0
1966 10 13    0.0   29.0   10.0
1966 10 14    0.0   28.0    9.0
1966 10 15    0.0   24.0    7.0
1966 10 16    0.0   29.0   10.0
1966 10 17    0.0   28.0   12.0
1966 10 18    0.0   25.0    6.0
1966 10 19    0.0   23.0    3.0
1966 10 20    0.0   25.0    5.0
1966 10 21    0.0   28.0    5.0
1966 10 22    0.0   27.0    7.0
1966 10 23    0.0   27.0    8.0
1966 10 24    0.0   20.0    9.0
1966 10 25    0.0   23.0    0.0
1966 10 26    0.0   27.0    4.0
1966 10 27    0.0   24.0   -1.0
1966 10 28    0.0   23.0    2.0
1966 10 29    0.0   24.0    4.0
1966 10 30    0.0   23.0    2.0
1966 10 31    0.0   25.0    2.0
1966 11  1    0.0   25.0   -1.0
1966 11  2    0.0   25.0   -5.0
1966 11  3    0.0   27.0   -4.0
1966 11  4    0.0   28.0   -1.0
1966 11  5    0.0   22.0   -1.0
1966 11  6    0.0   27.0    8.0
1966 11  7    0.0   26.0    4.0
1966 11  8    0.0   26.0    4.0
1966 11  9    0.0   25.0    4.0
1966 11 10    0.0   26.0    3.0
1966 11 11    0.0   25.0    2.0
1966 11 12    4.0   26.0   -1.0
1966 11 13    0.0   24.0    7.0
1966 11 14    0.0   23.0    7.0
1966 11 15    0.0   23.0   10.0
1966 11 16    0.0   24.0   10.0
1966 11 17    0.0   25.0    5.0
1966 11 18    0.0   26.0    4.0
1966 11 19    0.0   26.0    1.0
1966 11 20    0.0   25.0    2.0
1966 11 21    0.0   27.0    3.0
1966 11 22    0.0   27.0    1.0
1966 11 23    0.0   26.0    4.0
1966 11 24    0.0   23.0    3.0
1966 11 25    0.0   23.0    9.0
1966 11 26    0.0   24.0   10.0
1966 11 27    0.0   22.0    9.0
1966 11 28    0.0   18.0    6.0
1966 11 29    0.0   20.0   -4.0
1966 11 30    0.0   20.0   -1.0
1966 12  1    0.0   22.0   -2.0
1966 12  2    0.0   25.0   -3.0
1966 12  3    0.0   24.0   -5.0
1966 12  4    0.0   23.0    4.0
1966 12  5    0.0   26.0    8.0
1966 12  6    0.0   24.0    3.0
1966 12  7    0.0   24.0    4.0
1966 12  8    0.0   20.0    5.0
1966 12  9    0.0   17.0    3.0
1966 12 10    0.0   14.0   -7.0
1966 12 11    0.0   14.0   -9.0
1966 12 12    0.0   15.0   -9.0
1966 12 13    0.0   11.0   -9.0
1966 12 14    0.0   20.0   -9.0
1966 12 15    0.0   22.0   -6.0
1966 12 16    0.0   20.0   -7.0
1966 12 17    0.0   22.0   -9.0
1966 12 18    0.0   21.0    9.0
1966 12 19    0.0   16.0    8.0
1966 12 20    0.0   15.0   -3.0
1966 12 21    0.0   18.0    5.0
1966 12 22    0.0   16.0    5.0
1966 12 23    0.0    7.0    0.0
1966 12 24    0.0   10.0   -3.0
1966 12 25    0.0   16.0   -4.0
1966 12 26    0.0   18.0   -2.0
1966 12 27    0.0   20.0    0.0
1966 12 28    0.0   12.0   -6.0
1966 12 29    0.0   13.0   -4.0
1966 12 30    0.0   18.0   -3.0
1966 12 31    0.0   18.0   -1.0
1967  1  1    0.0   14.0    1.0
1967  1  2    0.0   18.0    2.0
1967  1  3    0.0   18.0   -4.0
1967  1  4    0.0   12.0   -3.0
1967  1  5    0.0   22.0  -11.0
1967  1  6    0.0   19.0   -2.0
1967  1  7    0.0   15.0    6.0
1967  1  8    0.0    2.0   -7.0
1967  1  9    0.0    5.0   -7.0
1967  1 10    0.0    0.0   -7.0
1967  1 11    0.0    3.0   -7.0
1967  1 12    0.0    6.0   -4.0
1967  1 13    0.0   14.0   -2.0
1967  1 14    0.0   16.0    3.0
1967  1 15    0.0   16.0    3.0
1967  1 16    0.0   17.0    2.0
1967  1 17    0.0   16.0    5.0
1967  1 18    0.0   18.0   -4.0
1967  1 19    0.0   25.0    3.0
1967  1 20    0.0   20.0   -6.0
1967  1 21    0.0   18.0    6.0
1967  1 22    0.0   26.0   -7.0
1967  1 23    0.0   26.0    2.0
1967  1 24    0.0   20.0    4.0
1967  1 25    0.0   16.0    6.0
1967  1 26    0.0   16.0    1.0
1967  1 27    0.0   23.0    2.0
1967  1 28    0.0   21.0    0.0
1967  1 29    0.0   24.0    7.0
1967  1 30    0.0   23.0   10.0
1967  1 31    0.0   22.0    8.0
1967  2  1    0.0   25.0    1.0
1967  2  2    0.0   26.0    1.0
1967  2  3    0.0   21.0   -1.0
1967  2  4    0.0   22.0    0.0
1967  2  5    0.0   21.0    4.0
1967  2  6    0.0   19.0   -1.0
1967  2  7    0.0   18.0   -7.0
1967  2  8    0.0   21.0   -3.0
1967  2  9    0.0   19.0   -6.0
1967  2 10    0.0   26.0   -4.0
1967  2 11    0.0   21.0    0.0
1967  2 12    0.0   20.0   -6.0
1967  2 13    0.0   25.0   -5.0
1967  2 14    0.0   28.0   -4.0
1967  2 15    0.0   24.0    3.0
1967  2 16    0.0   27.0    6.0
1967  2 17    0.0   21.0    8.0
1967  2 18    0.0   22.0    8.0
1967  2 19    0.0   20.0    9.0
1967  2 20    0.0   24.0    0.0
1967  2 21    0.0   21.0   -1.0
1967  2 22    0.0   19.0   -2.0
1967  2 23    0.0   27.0   -1.0
1967  2 24    0.0   25.0    2.0
1967  2 25    0.0   25.0    1.0
1967  2 26    0.0   29.0    4.0
1967  2 27    0.0   23.0    3.0
1967  2 28    0.0   20.0    4.0
1967  3  1    0.0   17.0    6.0
1967  3  2    0.0   21.0    5.0
1967  3  3    0.0   23.0    7.0
1967  3  4    0.0   24.0    7.0
1967  3  5    0.0   25.0   10.0
1967  3  6    0.0   20.0    2.0
1967  3  7    0.0   22.0    2.0
1967  3  8    0.0   20.0    6.0
1967  3  9    0.0   22.0   10.0
1967  3 10    0.0   24.0   10.0
1967  3 11    0.0   26.0   13.0
1967  3 12    0.0   27.0   14.0
1967  3 13    0.0   27.0   13.0
1967  3 14    0.0   23.0   15.0
1967  3 15    0.0   26.0   11.0
1967  3 16    0.0   26.0   10.0
1967  3 17    0.0   27.0   12.0
1967  3 18    0.0   27.0   16.0
1967  3 19    0.0   27.0   12.0
1967  3 20    0.0   23.0    2.0
1967  3 21    0.0   25.0    8.0
1967  3 22    0.0   24.0   10.0
1967  3 23    9.0   23.0    9.0
1967  3 24    0.0   22.0    1.0
1967  3 25    0.0   26.0    9.0
1967  3 26    0.0   26.0    4.0
1967  3 27    0.0   26.0    4.0
1967  3 28    0.0   28.0    4.0
1967  3 29    0.0   27.0    4.0
1967  3 30    0.0   30.0    5.0
1967  3 31    0.0   28.0    4.0
1967  4  1    0.0   32.0    4.0
1967  4  2    0.0   32.0    4.0
1967  4  3    0.0   30.0    4.0
1967  4  4    0.0   32.0    4.0
1967  4  5    0.0   34.0    6.0
1967  4  6    0.0   28.0    5.0
1967  4  7    0.0   29.0    6.0
1967  4  8    0.0   27.0    8.0
1967  4  9    0.0   24.0    7.0
1967  4 10    0.0   26.0    9.0
1967  4 11    0.0   25.0    8.0
1967  4 12    0.0   24.0    4.0
1967  4 13    0.0   32.0    3.0
1967  4 14    0.0   31.0    8.0
1967  4 15    0.0   28.0    4.0
1967  4 16    0.0   30.0    5.0
1967  4 17    0.0   32.0    4.0
1967  4 18    0.0   32.0    6.0
1967  4 19    0.0   33.0    6.0
1967  4 20    0.0   32.0    7.0
1967  4 21    0.0   30.0    6.0
1967  4 22    0.0   26.0    6.0
1967  4 23    0.0   27.0    4.0
1967  4 24    0.0   28.0    5.0
1967  4 25    0.0   32.0    6.0
1967  4 26    0.0   31.0    6.0
1967  4 27    0.0   34.0    6.0
1967  4 28    0.0   34.0    6.0
1967  4 29    0.0   30.0   12.0
1967  4 30    0.0   32.0   11.0
1967  5  1    0.0   28.0   12.0
1967  5  2    0.0   30.0    7.0
1967  5  3    0.0   28.0    2.0
1967  5  4    0.0   30.0    3.0
1967  5  5    0.0   25.0    8.0
1967  5  6    0.0   29.0   14.0
1967  5  7    0.0   31.0   13.0
1967  5  8    0.0   33.0   15.0
1967  5  9    0.0   34.0   14.0
1967  5 10    0.0   32.0   17.0
1967  5 11    0.0   31.0   17.0
1967  5 12    0.0   33.0   15.0
1967  5 13    0.0   32.0   19.0
1967  5 14    0.0   30.0   14.0
1967  5 15    0.0   22.0   12.0
1967  5 16    0.0   25.0   10.0
1967  5 17    0.0   26.0   13.0
1967  5 18    0.0   33.0   14.0
1967  5 19    0.0   28.0   13.0
1967  5 20    0.0   28.0   16.0
1967  5 21    0.0   27.0   13.0
1967  5 22    0.0   25.0   12.0
1967  5 23    0.0   28.0   15.0
1967  5 24    0.0   25.0   16.0
1967  5 25    0.0   24.0   12.0
1967  5 26    0.0   27.0   12.0
1967  5 27    0.0   29.0   15.0
1967  5 28    0.0   25.0   16.0
1967  5 29    0.0   27.0   16.0
1967  5 30    0.0   26.0   11.0
1967  5 31    0.0   27.0   12.0
1967  6  1    0.0   28.0   12.0
1967  6  2    0.0   27.0   17.0
1967  6  3    0.0   29.0   14.0
1967  6  4    0.0   29.0   14.0
1967  6  5    0.0   28.0   13.0
1967  6  6    5.0   29.0   13.0
1967  6  7    0.0   30.0   15.0
1967  6  8    0.0   32.0   18.0
1967  6  9    0.0   31.0   20.0
1967  6 10    0.0   28.0   19.0
1967  6 11    0.0   29.0   15.0
1967  6 12    0.0   30.0   15.0
1967  6 13    0.0   34.0   16.0
1967  6 14    0.0   36.0   17.0
1967  6 15    0.0   32.0   18.0
1967  6 16    0.0   32.0   16.0
1967  6 17    0.0   32.0   16.0
1967  6 18    0.0   34.0   16.0
1967  6 19    0.0   34.0   15.0
1967  6 20    0.0   29.0   14.0
1967  6 21    0.0   30.0   18.0
1967  6 22    3.0   34.0   18.0
1967  6 23    6.5   34.0   14.0
1967  6 24    3.5   30.0   17.0
1967  6 25    7.0   32.0   18.0
1967  6 26    0.0   30.0   14.0
1967  6 27   25.0   33.0   14.0
1967  6 28    0.0   31.0   16.0
1967  6 29    0.0   30.0   18.0
1967  6 30    0.0   32.0   16.0
1967  7  1    0.0   34.0   14.0
1967  7  2    0.0   32.0   18.0
1967  7  3    0.0   29.0   15.0
1967  7  4    0.0   34.0   14.0
1967  7  5    0.0   34.0   18.0
1967  7  6   12.0   36.0   16.0
1967  7  7   25.0   27.0   15.0
1967  7  8    0.0   27.0   14.0
1967  7  9    0.0   28.0   15.0
1967  7 10    0.0   28.0   18.0
1967  7 11    0.0   29.0   16.0
1967  7 12    0.0   27.0   14.0
1967  7 13    3.0   26.0   16.0
1967  7 14   11.0   24.0   14.0
1967  7 15    0.0   29.0   15.0
1967  7 16    0.0   29.0   14.0
1967  7 17    0.0   31.0   14.0
1967  7 18    0.0   29.0   16.0
1967  7 19    0.0   26.0   16.0
1967  7 20   15.0   25.0   14.0
1967  7 21    0.0   27.0   15.0
1967  7 22    0.0   27.0   15.0
1967  7 23    0.0   27.0   15.0
1967  7 24    0.0   27.0   16.0
1967  7 25    0.0   28.0   16.0
1967  7 26    0.0   30.0   16.0
1967  7 27    0.0   30.0   14.0
1967  7 28    0.0   31.0   18.0
1967  7 29   12.0   31.0   16.0
1967  7 30    0.0   28.0   18.0
1967  7 31    0.0   29.0   15.0
1967  8  1    0.0   36.0   16.0
1967  8  2    6.0   33.0   17.0
1967  8  3    0.0   39.0   18.0
1967  8  4    0.0   33.0   21.0
1967  8  5    0.0   40.0   22.0
1967  8  6    0.0   41.0   21.0
1967  8  7    0.0   41.0   21.0
1967  8  8    0.0   37.0   20.0
1967  8  9   18.0   36.0   22.0
1967  8 10    0.0   38.0   21.0
1967  8 11    0.0   37.0   21.0
1967  8 12    0.0   36.0   22.0
1967  8 13    5.0   37.0   23.0
1967  8 14    0.0   32.0   22.0
1967  8 15    0.0   35.0   18.0
1967  8 16    0.0   36.0   18.0
1967  8 17    0.0   37.0   21.0
1967  8 18    0.0   34.0   20.0
1967  8 19    0.0   35.0   17.0
1967  8 20    0.0   32.0   16.0
1967  8 21    3.0   30.0   17.0
1967  8 22    0.0   30.0   16.0
1967  8 23    0.0   28.0   14.0
1967  8 24    0.0   24.0   15.0
1967  8 25    0.0   28.0   14.0
1967  8 26    0.0   29.0   11.0
1967  8 27    0.0   30.0   10.0
1967  8 28    0.0   29.0   14.0
1967  8 29    0.0   32.0   10.0
1967  8 30   14.0   28.0   18.0
1967  8 31   15.0   28.0   10.0
1967  9  1    5.0   19.0   12.0
1967  9  2    0.0   25.0   13.0
1967  9  3    0.0   24.0    9.0
1967  9  4    0.0   26.0    9.0
1967  9  5    0.0   21.0   10.5
1967  9  6    0.0   22.0   12.0
1967  9  7    0.0   21.0    7.0
1967  9  8    0.0   24.0    7.0
1967  9  9    0.0   26.0    7.0
1967  9 10    0.0   25.0    7.0
1967  9 11    0.0   27.0    7.0
1967  9 12    4.0   26.0    7.0
1967  9 13    0.0   26.0   10.0
1967  9 14    3.5   25.0   10.0
1967  9 15    0.0   25.0    9.0
1967  9 16    0.0   25.0    6.5
1967  9 17    3.0   26.0    8.0
1967  9 18    0.0   26.0    9.0
1967  9 19    0.0   27.0   10.0
1967  9 20    0.0   26.0    7.0
1967  9 21    0.0   24.0    8.0
1967  9 22    0.0   24.0    9.0
1967  9 23    0.0   23.0   11.5
1967  9 24    0.0   24.0   10.0
1967  9 25    0.0   25.0   11.0
1967  9 26    0.0   25.0   10.0
1967  9 27    2.5   26.0    9.0
1967  9 28    0.0   26.0    9.0
1967  9 29    0.0   25.0    5.0
1967  9 30    0.0   25.0    6.0
1967 10  1    3.0   22.0   11.0
1967 10  2    0.0   27.0   10.0
1967 10  3    0.0   29.0   17.0
1967 10  4    0.0   28.0   13.0
1967 10  5   12.0   24.0   14.0
1967 10  6    0.0   23.0   15.0
1967 10  7    0.0   25.0   10.0
1967 10  8    0.0   28.0   12.0
1967 10  9    0.0   22.0   15.0
1967 10 10    0.0   29.0   12.0
1967 10 11    0.0   29.0   14.0
1967 10 12    0.0   32.0   10.0
1967 10 13    0.0   32.0   12.0
1967 10 14   20.0   28.0   14.0
1967 10 15    0.0   27.0   14.0
1967 10 16    0.0   24.0   12.0
1967 10 17    0.0   25.0   14.0
1967 10 18    0.0   26.0   14.0
1967 10 19    0.0   26.0   15.0
1967 10 20    0.0   28.0   14.0
1967 10 21    0.0   28.0   14.0
1967 10 22    0.0   24.0   14.0
1967 10 23    0.0   24.0   14.0
1967 10 24    0.0   28.0   14.0
1967 10 25    0.0   29.0   15.0
1967 10 26    0.0   29.0   14.0
1967 10 27    0.0   28.0   15.0
1967 10 28    0.0   21.0   12.0
1967 10 29    0.0   26.0   11.0
1967 10 30    0.0   28.0   11.0
1967 10 31  -99.9  -99.9  -99.9
1967 11  1    0.0   28.0    4.0
1967 11  2    0.0   29.0    3.0
1967 11  3    0.0   24.0    5.0
1967 11  4    0.0   22.0    2.0
1967 11  5    0.0   23.0    3.0
1967 11  6    0.0   23.0    5.0
1967 11  7    0.0   17.0    4.0
1967 11  8    0.0   20.0    7.0
1967 11  9    0.0   22.0    4.0
1967 11 10    0.0   21.0    3.0
1967 11 11    0.0   26.0    4.0
1967 11 12    0.0   23.0    6.0
1967 11 13    0.0   24.0    4.0
1967 11 14    0.0   28.0   -2.0
1967 11 15    0.0   26.0   -3.0
1967 11 16    5.0   20.0    5.0
1967 11 17    0.0   24.0    6.0
1967 11 18    0.0   24.0    2.0
1967 11 19    0.0   21.0    7.0
1967 11 20    0.0   22.0    9.0
1967 11 21    0.0   28.0   11.0
1967 11 22    0.0   24.0    4.0
1967 11 23    0.0   28.0    4.0
1967 11 24    0.0   23.0    5.0
1967 11 25    0.0   24.0    6.0
1967 11 26    0.0   24.0    4.0
1967 11 27    0.0   26.0    4.0
1967 11 28    0.0   28.0    7.0
1967 11 29    0.0   27.0   11.0
1967 11 30    0.0   30.0    3.0
1967 12  1    0.0   26.0    6.0
1967 12  2    0.0   27.0   -2.0
1967 12  3    0.0   29.0    3.0
1967 12  4    0.0   29.0    6.0
1967 12  5    0.0   21.0    6.0
1967 12  6    0.0   24.0    5.0
1967 12  7    0.0   17.0   10.0
1967 12  8    0.0   24.0   -5.0
1967 12  9    0.0   24.0   -1.0
1967 12 10    0.0   26.0   -1.0
1967 12 11    0.0   28.0    4.0
1967 12 12    0.0   24.0    6.0
1967 12 13    0.0   29.0    0.0
1967 12 14    0.0   14.0    2.0
1967 12 15    0.0   16.0    5.0
1967 12 16    0.0   26.0    2.0
1967 12 17    0.0   29.0   -2.0
1967 12 18    0.0   21.0   -2.0
1967 12 19    0.0   13.0   -1.0
1967 12 20    0.0   17.0   -1.0
1967 12 21    0.0   21.0   -7.0
1967 12 22    0.0   23.0   -8.0
1967 12 23    0.0   18.0    0.0
1967 12 24    0.0   18.0   -7.0
1967 12 25    0.0   30.0   -7.0
1967 12 26    0.0   30.0   -8.0
1967 12 27    0.0   26.0   -8.0
1967 12 28    0.0   24.0    3.0
1967 12 29    0.0   21.0   -4.0
1967 12 30    0.0   28.0   -1.0
1967 12 31    0.0   27.0    2.0
1968  1  1    0.0   24.0    2.0
1968  1  2    0.0   22.0   -6.0
1968  1  3    0.0   24.0   -1.0
1968  1  4    0.0   19.0    2.0
1968  1  5    0.0   13.0    5.0
1968  1  6    0.0   18.0   -2.0
1968  1  7    0.0   14.0   -4.0
1968  1  8    0.0   12.0    1.0
1968  1  9    0.0   14.0   -6.0
1968  1 10    0.0   16.0   -3.0
1968  1 11    0.0   20.0   -2.0
1968  1 12    0.0   28.0   -1.0
1968  1 13    0.0   27.0   -2.0
1968  1 14    0.0   12.0   -3.0
1968  1 15    0.0   23.0   -4.0
1968  1 16    0.0   22.0    2.0
1968  1 17    0.0   23.0   -1.0
1968  1 18    0.0   18.0    3.0
1968  1 19    0.0   19.0   -2.0
1968  1 20    0.0   28.0    2.0
1968  1 21    0.0   21.0    5.0
1968  1 22    0.0   12.0   -3.0
1968  1 23    0.0   16.0   -4.0
1968  1 24    0.0   14.0   -4.0
1968  1 25    0.0   22.0   -6.0
1968  1 26    0.0   27.0    1.0
1968  1 27    0.0   26.0   -5.0
1968  1 28    0.0   22.0   -4.0
1968  1 29    0.0   16.0    1.0
1968  1 30    0.0   18.0    4.0
1968  1 31    0.0   27.0    6.0
1968  2  1    0.0   26.0    4.0
1968  2  2    0.0   18.0    1.0
1968  2  3    0.0   20.0   -1.0
1968  2  4    0.0   20.0    1.0
1968  2  5    0.0   18.0    1.0
1968  2  6    0.0   20.0   -2.0
1968  2  7    0.0   18.0    3.0
1968  2  8    0.0   24.0    3.0
1968  2  9    5.0   26.0    2.0
1968  2 10    8.0   12.0    1.0
1968  2 11    4.0   16.0    6.0
1968  2 12    0.0   14.0    5.0
1968  2 13    6.0   17.0    2.0
1968  2 14    0.0   11.0    4.0
1968  2 15    0.0   18.0    6.0
1968  2 16    0.0   20.0    2.0
1968  2 17    0.0   20.0    3.0
1968  2 18    0.0   19.0    5.0
1968  2 19    0.0   18.0    3.0
1968  2 20    0.0   19.0    4.0
1968  2 21    0.0   23.0    5.0
1968  2 22    0.0   24.0    6.0
1968  2 23    0.0   23.0    4.0
1968  2 24    0.0   23.0    3.0
1968  2 25    0.0   24.0    5.0
1968  2 26    0.0   23.0    6.0
1968  2 27    0.0   24.0    5.0
1968  2 28    0.0   22.0    6.0
1968  2 29    3.0   26.0    4.0
1968  3  1    6.0   18.0    5.0
1968  3  2    0.0   16.0    4.0
1968  3  3    0.0   12.0    5.0
1968  3  4    3.0   14.0    0.0
1968  3  5    4.0   16.0    4.0
1968  3  6    0.0   20.0    4.0
1968  3  7    0.0   18.0    4.0
1968  3  8    0.0   19.0    4.0
1968  3  9    0.0   18.0    6.0
1968  3 10    0.0   15.0    0.0
1968  3 11    0.0   16.0    1.0
1968  3 12    0.0    8.0   -3.0
1968  3 13    0.0   10.0   -2.0
1968  3 14    0.0   18.0    0.0
1968  3 15    0.0   23.0    2.0
1968  3 16    0.0   20.0    6.0
1968  3 17    0.0   28.0    8.0
1968  3 18    0.0   20.0    2.0
1968  3 19    0.0   20.0    5.0
1968  3 20    0.0   21.0    2.0
1968  3 21    2.0   18.0   -3.0
1968  3 22    0.0   14.0   -4.0
1968  3 23    0.0   16.0   -4.0
1968  3 24    0.0   20.0    4.0
1968  3 25    0.0   24.0    6.0
1968  3 26    0.0   20.0    9.0
1968  3 27    0.0   24.0    4.0
1968  3 28    0.0   25.0    6.0
1968  3 29    0.0   24.0    7.0
1968  3 30    0.0   27.0   10.0
1968  3 31    0.0   24.0   11.0
1968  4  1    0.0   30.0    6.0
1968  4  2    0.0   26.0    4.0
1968  4  3    0.0   26.0   12.0
1968  4  4    0.0   26.0    4.0
1968  4  5    0.0   28.0    5.0
1968  4  6    0.0   28.0    6.0
1968  4  7    0.0   28.0    6.0
1968  4  8    0.0   24.0    4.0
1968  4  9    0.0   26.0    6.0
1968  4 10    0.0   25.0    8.0
1968  4 11    0.0   25.0   10.0
1968  4 12    0.0   27.0   11.0
1968  4 13    0.0   27.0    6.0
1968  4 14    0.0   25.0    5.0
1968  4 15    0.0   33.0    5.0
1968  4 16    0.0   30.0   10.0
1968  4 17    0.0   25.0   12.0
1968  4 18    0.0   31.0    6.0
1968  4 19    0.0   26.0    9.0
1968  4 20    0.0   24.0   12.0
1968  4 21    0.0   26.0   12.0
1968  4 22    0.0   27.0   12.0
1968  4 23    0.0   26.0    6.0
1968  4 24    0.0   28.0    8.0
1968  4 25    0.0   29.0   10.0
1968  4 26    0.0   28.0    8.0
1968  4 27    0.0   30.0    5.0
1968  4 28    0.0   29.0   10.0
1968  4 29    0.0   24.0    3.0
1968  4 30    0.0   22.0   10.0
1968  5  1    0.0   25.0    8.0
1968  5  2    0.0   33.0    9.0
1968  5  3    0.0   29.0    8.0
1968  5  4    0.0   32.0   11.0
1968  5  5    0.0   35.0    8.0
1968  5  6    0.0   31.0   17.0
1968  5  7    0.0   28.0    6.0
1968  5  8    0.0   31.0   12.0
1968  5  9    0.0   34.0    9.0
1968  5 10    0.0   25.0    8.0
1968  5 11    0.0   29.0   10.0
1968  5 12    0.0   30.0    9.0
1968  5 13    0.0   31.0   10.0
1968  5 14    0.0   33.0   11.0
1968  5 15    0.0   34.0    9.0
1968  5 16    0.0   34.0    9.0
1968  5 17    0.0   32.0   12.0
1968  5 18    0.0   34.0    8.0
1968  5 19    0.0   30.0    9.0
1968  5 20    0.0   32.0    8.0
1968  5 21    0.0   32.0   12.0
1968  5 22    0.0   36.0   11.0
1968  5 23    0.0   34.0   11.0
1968  5 24    0.0   30.0   15.0
1968  5 25    0.0   36.0   12.0
1968  5 26    0.0   36.0   12.0
1968  5 27    0.0   34.0   14.0
1968  5 28    0.0   32.0   12.0
1968  5 29    0.0   36.0   15.0
1968  5 30    0.0   37.0   10.0
1968  5 31    0.0   36.0   20.0
1968  6  1    0.0   32.0   12.0
1968  6  2    0.0   34.0   16.0
1968  6  3    0.0   36.5   17.5
1968  6  4    0.0   35.0   16.5
1968  6  5    0.0   34.0   15.0
1968  6  6    0.0   32.5   16.0
1968  6  7    0.0   34.5   18.5
1968  6  8    0.0   33.0   17.0
1968  6  9    0.0   32.5   16.5
1968  6 10    0.0   34.0   16.0
1968  6 11    0.0   36.0   17.5
1968  6 12    0.0   38.0   16.0
1968  6 13    0.0   31.5   15.0
1968  6 14    0.0   32.0   14.0
1968  6 15    0.0   34.5   16.5
1968  6 16    0.0   36.5   15.0
1968  6 17    0.0   36.0   16.5
1968  6 18    0.0   35.0   14.0
1968  6 19    0.0   34.5   15.5
1968  6 20    0.0   33.0   16.0
1968  6 21    0.0   34.5   16.5
1968  6 22    0.0   33.0   15.0
1968  6 23    0.0   32.0   15.0
1968  6 24    0.0   31.5   16.5
1968  6 25    0.0   34.0   15.0
1968  6 26    0.0   35.5   16.5
1968  6 27    0.0   34.0   15.0
1968  6 28    0.0   32.0   16.0
1968  6 29    0.0   36.5   15.0
1968  6 30    0.0   31.0   16.0
1968  7  1    0.0   31.0   21.0
1968  7  2   63.0   30.0   21.0
1968  7  3   60.0   29.0   20.0
1968  7  4    0.0   34.0   20.0
1968  7  5   60.0   35.0   20.0
1968  7  6   75.0   32.0   21.0
1968  7  7    0.0   33.0   21.0
1968  7  8   45.0   34.0   21.0
1968  7  9    0.0   34.0   22.0
1968  7 10    0.0   35.0   27.0
1968  7 11    0.0   37.0   21.0
1968  7 12    0.0   37.0   21.0
1968  7 13    0.0   38.0   21.0
1968  7 14    5.0   31.0   21.0
1968  7 15    0.0   33.0   14.0
1968  7 16    0.0   36.0   16.0
1968  7 17    0.0   38.0   20.0
1968  7 18    0.0   38.0   21.0
1968  7 19    0.0   40.0   21.0
1968  7 20    0.0   36.0   20.0
1968  7 21    0.0   30.0   20.0
1968  7 22    0.0   29.0   16.0
1968  7 23    0.0   26.0   14.0
1968  7 24   20.0   25.0   20.0
1968  7 25   38.0   26.0   16.0
1968  7 26    0.0   24.0   16.0
1968  7 27    0.0   28.0   16.0
1968  7 28    0.0   29.0   13.0
1968  7 29    0.0   28.0   17.0
1968  7 30   50.0   32.0   17.0
1968  7 31    0.0   23.0   15.0
1968  8  1  -99.9  -99.9  -99.9
1968  8  2  -99.9  -99.9  -99.9
1968  8  3  -99.9  -99.9  -99.9
1968  8  4  -99.9  -99.9  -99.9
1968  8  5  -99.9  -99.9  -99.9
1968  8  6  -99.9  -99.9  -99.9
1968  8  7  -99.9  -99.9  -99.9
1968  8  8  -99.9  -99.9  -99.9
1968  8  9  -99.9  -99.9  -99.9
1968  8 10  -99.9  -99.9  -99.9
1968  8 11  -99.9  -99.9  -99.9
1968  8 12  -99.9  -99.9  -99.9
1968  8 13  -99.9  -99.9  -99.9
1968  8 14  -99.9  -99.9  -99.9
1968  8 15  -99.9  -99.9  -99.9
1968  8 16  -99.9  -99.9  -99.9
1968  8 17  -99.9  -99.9  -99.9
1968  8 18  -99.9  -99.9  -99.9
1968  8 19  -99.9  -99.9  -99.9
1968  8 20  -99.9  -99.9  -99.9
1968  8 21  -99.9  -99.9  -99.9
1968  8 22  -99.9  -99.9  -99.9
1968  8 23  -99.9  -99.9  -99.9
1968  8 24  -99.9  -99.9  -99.9
1968  8 25  -99.9  -99.9  -99.9
1968  8 26  -99.9  -99.9  -99.9
1968  8 27  -99.9  -99.9  -99.9
1968  8 28  -99.9  -99.9  -99.9
1968  8 29  -99.9  -99.9  -99.9
1968  8 30  -99.9  -99.9  -99.9
1968  8 31  -99.9  -99.9  -99.9
1968  9  1  -99.9  -99.9  -99.9
1968  9  2  -99.9  -99.9  -99.9
1968  9  3  -99.9  -99.9  -99.9
1968  9  4  -99.9  -99.9  -99.9
1968  9  5  -99.9  -99.9  -99.9
1968  9  6  -99.9  -99.9  -99.9
1968  9  7  -99.9  -99.9  -99.9
1968  9  8  -99.9  -99.9  -99.9
1968  9  9  -99.9  -99.9  -99.9
1968  9 10  -99.9  -99.9  -99.9
1968  9 11  -99.9  -99.9  -99.9
1968  9 12  -99.9  -99.9  -99.9
1968  9 13  -99.9  -99.9  -99.9
1968  9 14  -99.9  -99.9  -99.9
1968  9 15  -99.9  -99.9  -99.9
1968  9 16  -99.9  -99.9  -99.9
1968  9 17  -99.9  -99.9  -99.9
1968  9 18  -99.9  -99.9  -99.9
1968  9 19  -99.9  -99.9  -99.9
1968  9 20  -99.9  -99.9  -99.9
1968  9 21  -99.9  -99.9  -99.9
1968  9 22  -99.9  -99.9  -99.9
1968  9 23  -99.9  -99.9  -99.9
1968  9 24  -99.9  -99.9  -99.9
1968  9 25  -99.9  -99.9  -99.9
1968  9 26  -99.9  -99.9  -99.9
1968  9 27  -99.9  -99.9  -99.9
1968  9 28  -99.9  -99.9  -99.9
1968  9 29  -99.9  -99.9  -99.9
1968  9 30  -99.9  -99.9  -99.9
1968 10  1  -99.9  -99.9  -99.9
1968 10  2  -99.9  -99.9  -99.9
1968 10  3  -99.9  -99.9  -99.9
1968 10  4  -99.9  -99.9  -99.9
1968 10  5  -99.9  -99.9  -99.9
1968 10  6  -99.9  -99.9  -99.9
1968 10  7  -99.9  -99.9  -99.9
1968 10  8  -99.9  -99.9  -99.9
1968 10  9  -99.9  -99.9  -99.9
1968 10 10  -99.9  -99.9  -99.9
1968 10 11  -99.9  -99.9  -99.9
1968 10 12  -99.9  -99.9  -99.9
1968 10 13  -99.9  -99.9  -99.9
1968 10 14  -99.9  -99.9  -99.9
1968 10 15  -99.9  -99.9  -99.9
1968 10 16  -99.9  -99.9  -99.9
1968 10 17  -99.9  -99.9  -99.9
1968 10 18  -99.9  -99.9  -99.9
1968 10 19  -99.9  -99.9  -99.9
1968 10 20  -99.9  -99.9  -99.9
1968 10 21  -99.9  -99.9  -99.9
1968 10 22  -99.9  -99.9  -99.9
1968 10 23  -99.9  -99.9  -99.9
1968 10 24  -99.9  -99.9  -99.9
1968 10 25  -99.9  -99.9  -99.9
1968 10 26  -99.9  -99.9  -99.9
1968 10 27  -99.9  -99.9  -99.9
1968 10 28  -99.9  -99.9  -99.9
1968 10 29  -99.9  -99.9  -99.9
1968 10 30  -99.9  -99.9  -99.9
1968 10 31  -99.9  -99.9  -99.9
1968 11  1  -99.9  -99.9  -99.9
1968 11  2  -99.9  -99.9  -99.9
1968 11  3  -99.9  -99.9  -99.9
1968 11  4  -99.9  -99.9  -99.9
1968 11  5  -99.9  -99.9  -99.9
1968 11  6  -99.9  -99.9  -99.9
1968 11  7  -99.9  -99.9  -99.9
1968 11  8  -99.9  -99.9  -99.9
1968 11  9  -99.9  -99.9  -99.9
1968 11 10  -99.9  -99.9  -99.9
1968 11 11  -99.9  -99.9  -99.9
1968 11 12  -99.9  -99.9  -99.9
1968 11 13  -99.9  -99.9  -99.9
1968 11 14  -99.9  -99.9  -99.9
1968 11 15  -99.9  -99.9  -99.9
1968 11 16  -99.9  -99.9  -99.9
1968 11 17  -99.9  -99.9  -99.9
1968 11 18  -99.9  -99.9  -99.9
1968 11 19  -99.9  -99.9  -99.9
1968 11 20  -99.9  -99.9  -99.9
1968 11 21  -99.9  -99.9  -99.9
1968 11 22  -99.9  -99.9  -99.9
1968 11 23  -99.9  -99.9  -99.9
1968 11 24  -99.9  -99.9  -99.9
1968 11 25  -99.9  -99.9  -99.9
1968 11 26  -99.9  -99.9  -99.9
1968 11 27  -99.9  -99.9  -99.9
1968 11 28  -99.9  -99.9  -99.9
1968 11 29  -99.9  -99.9  -99.9
1968 11 30  -99.9  -99.9  -99.9
1968 12  1  -99.9  -99.9  -99.9
1968 12  2  -99.9  -99.9  -99.9
1968 12  3  -99.9  -99.9  -99.9
1968 12  4  -99.9  -99.9  -99.9
1968 12  5  -99.9  -99.9  -99.9
1968 12  6  -99.9  -99.9  -99.9
1968 12  7  -99.9  -99.9  -99.9
1968 12  8  -99.9  -99.9  -99.9
1968 12  9  -99.9  -99.9  -99.9
1968 12 10  -99.9  -99.9  -99.9
1968 12 11  -99.9  -99.9  -99.9
1968 12 12  -99.9  -99.9  -99.9
1968 12 13  -99.9  -99.9  -99.9
1968 12 14  -99.9  -99.9  -99.9
1968 12 15  -99.9  -99.9  -99.9
1968 12 16  -99.9  -99.9  -99.9
1968 12 17  -99.9  -99.9  -99.9
1968 12 18  -99.9  -99.9  -99.9
1968 12 19  -99.9  -99.9  -99.9
1968 12 20  -99.9  -99.9  -99.9
1968 12 21  -99.9  -99.9  -99.9
1968 12 22  -99.9  -99.9  -99.9
1968 12 23  -99.9  -99.9  -99.9
1968 12 24  -99.9  -99.9  -99.9
1968 12 25  -99.9  -99.9  -99.9
1968 12 26  -99.9  -99.9  -99.9
1968 12 27  -99.9  -99.9  -99.9
1968 12 28  -99.9  -99.9  -99.9
1968 12 29  -99.9  -99.9  -99.9
1968 12 30  -99.9  -99.9  -99.9
1968 12 31  -99.9  -99.9  -99.9
