pc up
1987 4 26 45 26 13 13
1976 5 18 31 35 11 24
1986 5 31 34 33.5 16 17.5
1992 5 7 27.5 28 14 14
1943 6 30 40 NA NA NA
1980 6 8 50 39 25 14
1984 6 17 57 30 16 14
1960 7 13 65 29 20 9
1960 7 24 70 35 21 14
1946 9 18 70 36 20 16
1974 9 20 68 23.5 16.5 7
1980 9 27 57 26 16 10
1971 10 3 59 30 19.5 10.5
1977 10 2 64 37.5 19.5 18
1960 11 20 33 18 8.5 9.5
1965 12 1 30 19 4 15
tx up
tx low
1959 4 11 17.3 11 11 0
1959 4 12 1 10 8 2
1959 4 13 0 11 5 6
1983 4 7 2 10 2.5 7.5
1957 5 6 3 16 9 7
1961 6 16 25 20 16 4
1961 6 19 0 22 14 8
1966 6 30 0 22 20 2
1984 6 3 2 22 15 7
1970 9 27 16.5 10 9 1
1976 10 28 5 8.5 5.5 3
1993 10 30 0 7.5 3 4.5
1957 11 23 0 0 -8 8
tn up
tn low
1981 8 15 3 31 10.5 20.5
tr up
tr low
