1946 12 14 1 4
1947 1 3 -6 4
1947 1 20 0 4
1947 2 24 1 5
1947 9 27 10 4
1947 10 2 11 4
1948 6 29 20 5
1948 12 28 10 4
1949 4 2 6 4
1949 9 17 18 4
1950 5 19 14 6
1950 6 14 20 4
1950 7 22 18 4
1951 1 7 -2 4
1951 6 17 21 5
1955 12 11 -1 5
1956 3 31 9 4
1959 4 23 12 6
1959 6 17 19 5
1960 12 20 -1 5
1962 6 27 20 4
1962 7 16 19 4
1964 8 25 21 4
1965 6 17 21 4
1965 8 27 19 5
1966 6 24 20 4
1967 9 13 17.5 5
1968 10 29 11.5 4
1969 2 25 5 4
1969 6 25 26.5 5
1970 5 15 20 4
1970 8 24 22 4
1971 8 25 20 5
1971 10 7 14 4
1973 8 1 21.5 4
1973 8 12 20 4
1973 10 1 14 4
1974 7 12 18.5 4
1975 11 12 6.5 4
1975 12 16 5 4
1976 10 15 8.5 4
1977 1 20 -2 5
1977 2 18 0 4
1978 8 22 20 4
1978 10 2 12 5
1978 10 20 10 4
1979 10 4 12.5 4
1979 12 5 -2 6
1980 8 30 18 4
1980 9 13 17 8
1981 6 15 20 4
1981 6 30 17 4
1981 8 1 20 4
1981 9 21 13 4
1981 9 26 16 4
1983 1 20 6 4
1983 1 25 -2 4
1983 11 9 8 4
1984 1 17 3 4
1984 6 20 16 4
1984 10 8 11 4
1984 12 13 5 4
1985 1 18 -1 4
1986 9 21 17 4
1986 10 6 16 4
1987 6 12 16 4
1987 10 28 12 4
1988 6 26 19 4
1988 8 10 18 4
1988 9 21 17 4
1989 3 14 10 4
1989 9 13 21.5 4
1989 9 22 20 4
1990 1 15 3 4
1990 7 1 24 4
1991 2 17 10 4
1991 6 5 17.5 4
1991 8 25 20 5
1992 9 7 20 5
1992 12 17 -2 4
1992 12 25 9 6
