1946 8 1 21 4
1947 8 24 19 4
1947 10 1 11 4
1947 10 19 12 5
1947 10 29 10 6
1948 8 20 17 4
1949 7 16 19 4
1949 8 3 21 4
1949 10 12 10 4
1949 11 30 5 4
1950 7 10 21 4
1951 1 12 5 4
1951 9 24 14 5
1957 8 28 18 4
1959 9 3 18 4
1960 6 22 20.5 4
1960 7 3 24.5 5
1960 9 22 12 5
1960 10 25 14 4
1961 9 23 14 4
1962 9 18 19 4
1964 3 25 9 4
1964 4 1 15 4
1965 7 26 12 4
1966 12 7 8 6
1967 7 30 21.5 4
1968 8 29 23 4
1968 10 9 12.5 5
1969 5 16 18 4
1969 10 20 14 4
1971 6 19 24 4
1971 7 13 25.5 4
1971 8 24 20 4
1973 7 31 21.5 4
1973 8 15 18 4
1973 10 14 15 5
1974 9 2 20.5 4
1975 5 29 15 4
1977 4 2 10 4
1980 8 1 19 4
1982 10 4 14.5 4
1983 2 26 9.5 4
1983 7 3 20 4
1992 10 18 14.5 4
1993 10 15 14.5 4
