pc up
1983 2 25 25 22 2.5 19.5
2002 3 1 70.2 15 5 10
1985 4 8 38 15 3 12
1985 7 20 80 27 3 24
1988 7 31 98.5 21 8 13
1978 8 4 52.2 31 17 14
1980 8 13 66 30 17 13
1987 8 23 68 25 3 22
1988 8 31 56 26 5 21
2008 8 30 63 18 14 4
1975 9 4 58 28 16 12
1975 9 5 80 22 15 7
1976 9 4 58 28 16 12
1978 9 25 70 30 11 19
1995 9 14 68 19 1 18
2012 9 13 63 25 14 11
1988 10 31 54 23 7 16
2004 11 15 36 8 NA NA
tx up
tx low
1983 4 7 9 4 0 4
1997 4 25 2 4 1 3
2002 5 1 0 15.3 14 1.3
2002 5 5 0 15.3 10 5.3
2002 5 17 0 14 9 5
2003 5 1 0 14 12 2
2003 5 5 0 12 10 2
2003 5 17 0 14 9 5
2008 5 16 18 14 9 5
2010 5 1 9.5 12 NA NA
1991 9 20 1 9 1 8
2000 10 9 24 3 NA NA
2000 10 10 5 3 2 1
tn up
2011 2 27 0 21 16 5
tn low
tr up
tr low
