1920 3 19 6 4
1920 8 18 11 4
1976 5 16 11 4
1976 8 10 16 5
1976 8 27 13 4
1976 11 19 -5 4
1977 1 28 -1 5
1977 5 6 7 4
1977 10 27 4 4
1978 6 9 19 4
1980 9 15 15 4
1981 11 16 4 4
1982 12 22 1 5
1983 3 5 3 4
1983 12 8 -3 4
1984 2 12 1 4
1984 9 13 11 4
1985 3 22 2 4
1985 9 7 4 6
1985 9 16 3 4
1985 12 10 1 4
1986 8 6 5 4
1987 1 3 -3 5
1988 10 13 4 4
1989 10 22 4 5
1990 2 19 2 4
1990 3 24 6 4
1990 7 21 5 4
1991 1 3 0 4
1991 1 25 1 4
1991 8 26 3 5
1991 11 11 2 6
1994 1 5 0 4
1994 6 29 5 6
1995 1 12 0 6
1995 3 16 0 4
1995 9 29 2 4
1995 12 5 0 5
1996 2 6 0 6
1996 2 18 0 9
1996 3 21 0 6
1996 9 7 12 4
1996 9 11 13 4
1996 12 8 0 7
1996 12 30 0 5
1997 1 31 0 12
1997 2 5 0 4
1997 2 14 0 8
1997 2 24 0 4
1997 3 5 0 5
1997 9 8 13 4
1998 11 18 0 5
1998 12 17 0 4
1999 1 3 0 12
1999 1 28 0 18
1999 8 18 14 4
1999 10 7 9 5
1999 10 24 0 6
2001 9 14 14 5
2001 10 17 6 4
2004 3 19 6 4
2004 8 18 11 4
2005 8 27 14 5
2006 7 13 16 4
2007 2 13 -2 4
2007 3 17 2 4
2007 6 28 13 5
2007 9 27 12 4
2008 8 25 14 4
2008 10 31 3 4
2009 1 4 0 4
2009 1 20 0 4
2009 5 9 10 4
2009 6 14 13 4
2009 8 17 14 4
2010 7 31 18 4
2010 8 8 18 4
2010 8 15 19 4
2010 10 21 9 4
2010 11 12 2 5
2011 10 16 3 4
