1946 8 24 16.1 4
1949 11 4 3.3 4
1950 4 12 14.4 4
1950 7 8 17.8 4
1952 6 2 20 4
1952 6 8 22 4
1952 7 11 19 4
1952 8 17 20 4
1952 9 9 14 4
1953 9 2 18 4
1953 10 17 13 4
1953 10 23 15 5
1954 1 27 5 5
1954 4 21 18 4
1954 5 23 19 7
1954 5 31 19 4
1954 6 5 20 5
1954 7 3 20 4
1954 8 7 20 4
1955 4 26 17 4
1955 9 8 15 4
1955 9 28 17 4
1955 11 7 8 4
1956 1 9 0 4
1956 5 1 14 5
1956 5 26 18 4
1956 6 8 20 5
1956 7 19 19 5
1956 9 28 13 4
1956 10 9 10 4
1956 10 15 13 4
1957 4 1 8 4
1957 7 8 22 4
1957 7 13 22 5
1957 8 10 22 4
1957 8 27 19 4
1958 7 4 21 4
1958 8 22 19 4
1958 12 9 9 5
1959 5 24 16 4
1960 6 20 21 4
1960 10 19 12 4
1960 12 3 5 4
1961 6 7 23 11
1962 2 21 7 4
1962 7 14 19 4
1963 6 30 22 5
1963 7 26 23 5
1964 9 10 18 4
1964 9 22 17 4
1964 11 11 10 4
1965 7 13 25 4
1965 8 3 21 6
1965 9 12 16 4
1965 10 10 14 5
1966 4 30 19 4
1966 7 9 22 6
1966 9 1 18 5
1966 9 23 14 4
1967 6 9 20 4
1967 8 26 18 4
1967 11 26 12 4
1968 5 25 18 5
1968 6 20 19 4
1968 8 13 17 5
1968 9 23 17 4
1968 10 10 12 4
1969 4 29 13 4
1969 5 10 16 4
1969 7 22 20 4
1970 7 4 18 4
1970 7 13 20 4
1971 4 27 12 4
1972 3 6 8 4
1972 3 29 7 4
1972 10 5 14 5
1973 11 11 8 6
1974 5 28 20 4
1974 6 5 21 4
1974 7 3 23 5
1974 7 24 18 4
1975 5 16 17 4
1975 8 6 14 4
1976 3 3 10 4
1976 11 3 4 5
1977 7 27 18 4
1977 8 5 18 5
1977 9 29 19 4
1978 7 12 21 7
1978 10 5 12 4
1979 8 29 15 4
1979 10 21 14 4
1980 6 21 22 6
1980 7 13 20 4
1980 9 4 17 4
1982 7 24 19 4
1982 8 16 20 4
1982 9 2 20 6
1983 8 26 18 4
1984 5 6 16 4
