pc up
1983 3 3 20 14 9 5
1957 5 5 36.5 26 13 13
1973 7 27 54 32 18 14
1979 7 19 63 32 18 14
1957 8 12 72 26 18 8
1941 10 10 45.5 NA NA NA
1960 11 20 37 19 11 8
1965 12 1 32 17 4 13
1982 12 8 20 18 3 15
tx up
tx low
1947 1 4 0.3 -2.9 -6.1 3.2
1956 2 3 0 -0.1 -8 7.9
1968 3 4 3.5 7 3 4
1968 3 21 2.5 6 1 5
1947 4 13 0.8 14.3 4.3 10
1949 4 5 0 11.7 4.4 7.3
1951 4 2 0 13.9 6.1 7.8
1959 4 12 2.5 10 9 1
1959 4 13 0 12 6 6
1959 4 14 0 14 6 8
1973 4 3 0 14 5 9
1973 4 4 0 14 4 10
1973 4 5 4 14 5 9
1978 4 11 0 14 9 5
1980 4 13 0 11 1 10
1982 4 22 4 13 10 3
1983 4 7 4 9 3 6
1983 4 8 0 14 2 12
1947 5 18 0 19.3 12.1 7.2
1966 5 3 1 18 12 6
1971 5 12 15 20 13 7
1971 5 13 0 20 9 11
1973 5 15 2 20 11 9
1961 6 16 29 20 17 3
1970 6 30 27 22 18 4
1972 6 7 1 22 15 7
1970 9 26 38 12.1 12 0.0999999999999996
1970 9 27 22 7 6 1
1970 9 28 0 13 5 8
1979 9 15 34.5 14.1 14 0.0999999999999996
1958 10 30 0.5 8 5 3
tn up
tn low
1983 8 19 0 28 7 21
1983 8 20 11 33 7 26
1970 9 28 0 13 5 8
tr up
1981 6 11 0 43 11 32
1970 7 7 0 35 10 25
1983 8 20 11 33 7 26
tr low
1950 6 5 0 22.8 18.1 4.7
1951 6 14 0 25 22.8 2.2
1961 6 16 29 20 17 3
1963 6 21 0 27 25 2
1970 6 30 27 22 18 4
1971 6 13 3.5 24 20 4
1968 7 25 38 20 18 2
1950 8 18 5.5 20.1 18.3 1.8
1967 8 17 2.5 22 20 2
