1950 9 10 17.2 4
1950 12 12 2.8 4
1952 10 31 7 4
1953 11 16 2 5
1954 2 18 6 4
1954 4 13 15 4
1954 5 22 18 4
1954 8 18 20 4
1954 10 11 16 4
1954 11 25 4 4
1954 12 11 6 4
1955 1 22 -4 4
1955 3 18 13 4
1955 7 9 23 5
1955 10 23 9 6
1955 12 23 2 5
1956 5 2 14 4
1956 6 2 21 5
1956 9 21 15 5
1956 10 11 10 4
1956 11 3 6 4
1956 12 15 4 5
1957 4 10 12 4
1957 4 14 16 4
1957 4 19 15 4
1957 5 30 19 4
1958 5 28 19 4
1958 6 21 22 5
1958 6 30 22 4
1958 8 17 20 4
1958 8 27 19 4
1958 9 9 20 7
1958 9 22 18 5
1958 10 6 15 4
1958 10 11 14 4
1958 10 15 16 4
1958 10 20 14 4
1958 12 18 -2 4
1959 2 1 6 5
1959 8 7 21 4
1959 9 8 18 5
1960 6 19 23 4
1960 7 8 18 4
1960 10 21 12 4
1960 11 13 7 4
1961 3 8 8 4
1961 8 14 19 4
1961 10 2 17 4
1961 12 2 4 4
1962 2 19 4 4
1962 7 29 18 4
1962 11 5 7 5
1963 7 22 21 5
1963 9 3 18 4
1963 11 14 5 7
1963 12 20 3 4
1964 3 13 0 4
1964 5 31 18 4
1964 9 28 16 4
1965 2 26 2 4
1965 7 5 21 5
1965 9 27 17 4
1965 11 7 11 4
1965 11 24 11 5
1966 2 16 1 4
1966 8 21 19 4
1966 12 9 6 4
1966 12 14 -4 4
1967 3 25 10 4
1967 4 3 11 4
1967 7 22 19 4
1967 10 5 12 5
1967 12 30 3 5
1968 7 13 19 4
1968 8 10 19 4
1968 9 3 16 4
1968 11 18 4 4
1969 2 11 7 8
1969 5 16 14 4
1969 8 9 21 4
1969 8 26 21 6
1969 9 1 18 5
1969 9 21 17 4
1970 3 15 3 4
1970 3 28 8 4
1970 7 28 18 4
1970 8 2 20 4
1970 9 6 19 4
1970 10 4 14 4
1970 12 4 5 4
1971 2 1 5 4
1971 3 14 7 4
1971 7 31 18 4
1971 8 19 17 8
1972 2 25 7 4
1972 5 9 14 4
1972 6 24 20 4
1972 8 12 17 6
1972 8 18 16 4
1972 10 27 9 4
1972 11 14 4 4
1973 7 19 17 4
1973 8 6 17 6
1973 9 24 16 4
1973 12 24 -6 4
1974 2 4 1 4
1974 2 26 1 4
1974 9 20 16 7
1974 10 10 11 5
1974 11 4 4 5
1974 11 15 4 4
1975 2 21 1 4
1975 7 6 18 6
1975 8 23 17 6
1976 7 28 16 5
1976 8 3 17 4
1977 1 19 -1 6
1978 10 5 12 5
1978 10 20 9 6
1978 11 23 8 4
1979 3 3 3 4
1979 9 2 18 4
1979 10 3 12 5
1980 2 28 6 4
1980 8 25 19 4
1980 9 12 17 5
1980 11 11 8 4
1981 7 30 18 5
1981 8 19 17 4
1981 9 12 17 4
1981 10 7 15 5
1981 11 19 6 4
1981 12 14 2 6
1982 8 21 20 4
1983 7 15 20 4
1983 8 1 20 5
1983 11 8 9 4
