1976 9 10 16 8
1977 7 28 17 4
1977 8 29 19 4
1977 9 30 17 4
1977 12 4 -1 5
1978 8 4 17 4
1978 8 12 16 5
1978 9 4 16 6
1978 9 21 16 5
1978 10 19 8 5
1979 9 29 8 4
1980 1 28 0 4
1980 2 25 2 5
1980 5 24 16 4
1980 9 6 18 4
1980 9 20 15 5
1980 9 30 17 5
1980 10 7 10 4
1980 10 13 11 4
1980 12 28 0 4
1981 6 2 15 5
1981 8 4 19 4
1981 8 20 18 6
1981 9 15 16 4
1981 11 17 3 4
1981 12 31 3 4
1982 7 19 18 6
1982 8 3 19 5
1983 4 24 7 4
1983 7 23 20 4
1983 8 31 19 4
1983 9 26 14 5
1983 11 5 -3 4
1984 1 10 4 4
1984 1 31 -1 5
1984 6 15 19 4
1984 7 26 15 4
1985 5 28 16 4
1985 7 30 16 4
1986 1 20 0 4
1986 6 9 18 4
1986 7 12 18 4
1986 7 26 18 4
1986 7 30 19 4
1987 6 16 16 5
1987 7 27 18 5
1987 8 7 18 8
1987 11 24 1 4
1988 1 19 1 6
1988 6 21 18 4
1988 8 1 18 5
1989 4 5 9 4
1989 6 27 18 4
1990 3 27 10 4
2001 1 6 4 5
2003 1 16 1 4
2003 1 29 1 7
2008 1 25 -6 4
2008 7 11 20 5
2009 7 26 11 7
2009 8 26 11 7
2009 9 9 7 4
2010 4 16 11 5
2010 8 14 19 6
2010 10 9 10 5
2010 10 16 11 4
2011 10 16 9 4
2012 7 9 18 4
2012 7 15 19 4
2012 8 20 19 4
2013 7 18 19 4
