1977 8 12 20 4
1977 9 18 13 4
1978 7 11 20 7
1978 10 19 8 4
1979 8 28 14 4
1979 10 13 10 5
1979 10 21 10 4
1980 5 10 12 5
1980 6 3 18 5
1980 7 5 23 4
1980 12 4 2 4
1981 6 12 19 5
1982 9 8 17 4
1983 7 29 20.5 4
1984 9 28 17 5
1985 12 16 -4.5 4
1987 6 15 16 4
1987 7 7 20 4
1987 8 4 18 4
1987 9 7 15 4
1988 5 21 12 4
1988 8 15 19 4
1989 4 26 12 4
1989 6 13 20 5
1989 6 24 18 4
1990 5 18 14 4
1990 7 24 16 4
2006 1 6 -2 5
2009 2 17 2.5 4
2009 4 21 4 6
2009 7 25 11 5
2009 8 25 11 5
2009 9 22 3 6
2009 9 29 3 6
2009 10 22 3 6
2009 10 30 3 7
2009 11 11 3 4
2010 2 22 3 4
2010 8 7 18 4
2011 5 17 11.5 4
2011 5 30 18 4
2012 6 11 23 4
2012 8 11 17 5
2012 9 21 12 5
2012 10 6 11 4
2012 12 3 7 4
2013 2 9 6 4
2013 8 6 19 5
2013 10 14 12 4
