1962 2 21 7 4
1963 6 30 20 5
1963 7 21 19 4
1963 8 11 19 4
1963 8 27 18 5
1963 10 5 8 4
1963 10 27 10 4
1964 9 3 18 4
1965 8 4 18 5
1965 10 9 11 4
1966 7 18 22 5
1966 7 31 19 5
1966 8 31 12 4
1967 4 21 14 4
1967 6 18 18 4
1967 7 13 18 7
1967 10 5 12 4
1968 3 29 11 4
1968 8 1 17 4
1968 10 30 12 4
1969 4 2 16 4
1969 8 2 20 4
1970 6 11 19 4
1970 7 3 19 5
1970 7 13 22 4
1970 8 6 21 5
1970 9 1 17 4
1972 2 24 8 4
1972 10 13 19 6
1972 10 19 17 4
1972 10 27 15 5
1974 5 28 20 4
1974 6 8 21 4
1974 6 21 19.5 4
1974 7 2 20 4
1974 10 11 15 4
1975 1 18 2.5 4
1976 4 14 12 4
1977 1 2 5 4
1977 8 10 20 5
1977 8 20 20 4
1978 7 18 18.5 4
