1962 7 2 19 4
1962 7 29 18 4
1962 8 4 19 4
1962 9 13 18 5
1963 2 27 1.5 6
1963 5 5 12 4
1963 10 28 10 4
1963 11 13 7 4
1964 9 29 15 4
1965 7 5 19 4
1965 7 16 20 7
1965 9 5 17 4
1965 10 6 6 4
1965 10 27 5 4
1966 3 29 6 4
1966 9 17 17 7
1966 9 29 16 4
1967 1 25 6 4
1967 6 26 18 5
1967 9 5 16 4
1968 7 23 18 4
1968 9 23 17 4
1969 2 19 3 6
1969 3 9 -1 4
1969 6 26 22 4
1969 7 1 22 4
1969 8 9 20 4
1969 8 31 18 5
1969 9 8 18 6
1969 12 24 6 4
1970 1 9 -3 4
1970 6 17 20 4
1970 7 28 18 4
1970 8 26 18 5
1970 9 21 17 4
1971 7 14 20 5
1971 8 2 17 4
1972 1 24 4 4
1972 6 1 14 4
1972 6 23 18 4
1972 7 21 18 4
1972 9 16 17 4
1972 10 20 17 4
1972 11 26 1 4
1974 8 21 17 4
1974 9 21 15 4
1974 10 22 10 4
1975 5 18 15 4
1975 6 20 20 4
1975 8 1 18 4
1975 9 5 17 4
1975 11 6 7 5
1975 12 20 3 6
1976 2 8 5 5
1976 5 8 10 4
1976 7 3 17 4
1976 9 22 15 4
1976 10 28 7 4
1977 2 10 3 4
1977 3 8 -1 5
1977 7 1 18 4
1977 7 28 17 4
1977 9 24 17 5
1980 8 27 16 5
1980 11 24 2 4
