pc up
1976 5 17 93 20 14 6
1966 6 25 70 31 21 10
1966 6 26 116.5 31 17 14
1968 7 1 73 31 20 11
1979 7 19 73 26 17 9
1979 8 17 70 24 16 8
1974 9 22 60 18 13 5
1974 9 23 65 15 13 2
1978 9 23 65 15.5 14.5 1
1978 9 25 65 17.5 14 3.5
tx up
tx low
1979 6 10 8 19.5 16 3.5
1973 7 19 0 8 2 6
1973 7 20 0 8 -7 15
1973 7 21 0 10 -7 17
1973 7 24 0 9 6 3
1973 7 25 1 11 -4 15
1970 9 26 21 12 12 0
1970 9 27 28 7 7 0
1970 9 28 3 11 6 5
1979 9 16 2 12 10 2
1980 9 28 4.5 12 6.5 5.5
1980 9 29 0 9.5 0.5 9
1980 11 16 10 0.5 0.5 0
tn up
tn low
1973 7 1 0 24 3 21
1973 7 2 0 24 4 20
1973 7 3 0 19 0 19
1973 7 4 0 17 0 17
1973 7 5 0 18 0 18
1973 7 6 0 16 -1 17
1973 7 7 0 16 0 16
1973 7 8 0 19 1 18
1973 7 9 0 18 0 18
1973 7 10 1 16 0 16
1973 7 11 7.5 19 1 18
1973 7 12 0 23 4 19
1973 7 13 1.5 24 5 19
1973 7 14 27 23 7 16
1973 7 15 20 19 3 16
1973 7 16 7.5 18 0 18
1973 7 17 5 21.5 1 20.5
1973 7 18 33 21.5 7 14.5
1973 7 19 0 8 2 6
1973 7 20 0 8 -7 15
1973 7 21 0 10 -7 17
1973 7 22 0 19 -3 22
1973 7 23 0 18 4 14
1973 7 24 0 9 6 3
1973 7 25 1 11 -4 15
1973 7 26 14 16 -4 20
1973 7 27 51.5 16 -1 17
1973 7 28 11 22 1 21
1973 7 29 0 23 4 19
1973 7 30 0.5 23 7 16
1973 7 31 1 23 8 15
1970 9 28 3 11 6 5
1970 9 29 2 15 6 9
1980 9 28 4.5 12 6.5 5.5
1980 9 29 0 9.5 0.5 9
1980 9 30 0 15 1 14
tr up
tr low
