pc up
2002 2 4 22 NA NA NA
2005 5 26 48.6 33 23.2 9.8
2000 6 19 47.8 NA NA NA
2000 6 29 50.1 NA NA NA
2000 7 1 72.6 NA NA NA
2003 7 17 62.5 34 18 16
2004 7 25 91.5 25 18 7
2010 7 25 60 25.2 19 6.2
2001 8 20 63.2 NA NA NA
2008 8 30 59.1 NA NA NA
2004 9 25 57.3 25.4 16.8 8.6
tx up
2005 7 1 0 40.5 25 15.5
2005 7 4 0 39.8 26 13.8
2008 7 16 0.2 39.9 23.4 16.5
2011 7 16 0 39.9 20 19.9
2003 8 5 3 37 21 16
2003 8 29 18.7 37.8 17.6 20.2
2004 8 8 5.5 37.5 20 17.5
2009 8 2 27.5 37.5 18.7 18.8
2011 8 3 0 37 20.6 16.4
2011 8 10 1.2 39.6 21.1 18.5
2005 9 13 0 34.2 19.6 14.6
2005 9 14 0 35 20 15
2005 9 16 0 35 17 18
2005 9 17 0 36.5 21.2 15.3
2005 9 18 0 35.6 19.5 16.1
2005 9 19 0 35 20.6 14.4
2005 9 23 0 35 17 18
2005 9 24 0 35.2 16 19.2
2005 9 25 0 34.8 17.8 17
2005 9 26 0 34.6 16.7 17.9
2005 9 28 0 36 16 20
2005 9 30 0 34.2 17.6 16.6
2004 10 18 0 31.6 12.2 19.4
2005 10 1 0 33 7.5 25.5
2005 10 2 0 33 19.2 13.8
2005 10 3 0 32 19 13
2005 10 4 0 32.2 20.4 11.8
2005 10 5 5 31.4 19.2 12.2
2005 10 19 0 31.6 15 16.6
2007 10 5 0 32.8 17.2 15.6
2007 10 6 0 33.8 20 13.8
2007 10 11 0 31.4 18.2 13.2
2007 10 12 0 33.6 17 16.6
2007 10 13 0 34 19.6 14.4
2007 10 16 0 32 7.8 24.2
2007 10 20 0 32.6 10.2 22.4
2007 10 21 0 32.6 13 19.6
2009 10 1 0 33.4 20.5 12.9
2009 10 6 0 32.2 16.4 15.8
2009 10 7 0 32 14.5 17.5
2009 10 8 0 33.4 19.3 14.1
2009 10 12 0 31.6 19 12.6
2010 10 26 0 32.5 14 18.5
2011 10 6 0 31.6 18.2 13.4
2011 10 7 0 32.4 18.8 13.6
2011 10 16 0 31.4 10.8 20.6
2011 10 17 0 31.5 14.1 17.4
2003 11 1 0 28 11.6 16.4
2003 11 2 0 29.3 11.8 17.5
2003 11 3 0 29.4 14 15.4
2003 11 4 0 27.7 14.4 13.3
2003 11 9 0 28 12.5 15.5
2003 11 10 0 29.4 12.5 16.9
2003 11 11 0 28 12.8 15.2
2004 11 20 0 28 7.2 20.8
2005 11 2 0 28.2 8.8 19.4
2005 11 3 0 28.2 9.8 18.4
2005 11 4 0 28 10 18
2005 11 7 0 28.8 10 18.8
2005 11 8 0 29 10.4 18.6
2005 11 9 0 28 10.4 17.6
2005 11 11 0 29.6 14.2 15.4
2005 11 14 0 28.4 6.5 21.9
2006 11 8 0 28.6 7.8 20.8
2006 11 9 0 29.2 7 22.2
2006 11 14 0 29.4 12 17.4
2007 11 2 0 27.9 6.8 21.1
2007 11 5 0 28 9.8 18.2
2007 11 10 0 27.8 8.8 19
2008 11 3 0 27.8 9.4 18.4
2008 11 4 0 29.2 12 17.2
2010 11 1 0 31.2 8.4 22.8
2010 11 2 0 28 6.6 21.4
2010 11 7 0 28 5.5 22.5
2010 11 25 0 28.8 5.8 23
2011 11 2 0 31.3 10.6 20.7
2011 11 3 0 27.8 6.6 21.2
2011 11 5 0 28.8 15.8 13
2011 11 19 0 27.8 15 12.8
