1971 1 31 -2 4
1971 8 29 15 4
1973 6 6 10 4
1974 10 23 7 4
1975 7 8 16 5
1975 7 22 16 4
1975 9 11 14 4
1976 8 27 14 4
1976 11 7 1 5
1977 7 20 16 4
1977 7 31 16 9
1977 9 1 17 4
1977 12 13 -1 4
1978 9 11 15 4
1978 9 24 15 4
1979 4 21 8 4
1979 6 8 14 4
1979 10 3 6 8
1979 12 18 -1 4
1980 11 10 3 5
1981 3 9 1 5
1981 8 14 16 4
1982 7 2 15 4
1982 7 25 15 5
1982 9 30 15 4
1982 10 27 6 6
1983 6 27 15 4
1983 8 12 16 4
1984 1 31 -3 5
1984 6 27 15 4
1984 11 16 1 5
1984 12 2 -2 4
1985 4 30 5 4
1985 6 2 15 4
1986 1 1 -2 5
1986 2 20 1 4
1986 6 30 15 6
1986 7 26 14 4
1986 7 30 15 4
1986 8 22 13 4
1986 11 3 3 5
