pc up
1983 3 3 56 15 6 9
1971 7 1 88 24 17 7
1981 9 5 49 20 17 3
1981 9 7 50 27 17 10
1971 10 7 55 23 15 8
1972 11 21 54 20 2 18
tx up
tx low
1979 9 16 0 13 11 2
1976 11 17 2 5 2 3
1980 11 17 0 2 0 2
tn up
tn low
1972 7 2 0 32 8 24
1972 7 4 0 32 8 24
1972 7 6 0 32 6 26
1972 7 13 29 29 8 21
1972 7 17 0 28 8 20
1972 7 19 0 29 8 21
1972 7 22 0 28 7 21
1972 7 28 0 31 7 24
1972 7 29 0 32 7 25
1972 7 30 0 31 8 23
1972 7 31 0 31 5 26
1978 7 30 0 31 8 23
1972 8 9 0 23 7 16
1972 8 11 3 29 6 23
1972 8 12 0 30 7 23
1972 8 13 0 30 7 23
1972 8 15 9 30 7 23
1972 8 22 0 33 7 26
1976 8 11 0 30 4 26
1978 8 6 24 25 6 19
1978 8 7 0 25 7 18
1978 8 11 1 30 7 23
1977 9 28 14 23.5 1.4 22.1
tr up
tr low
