1971 6 7 12 4
1971 7 11 17 4
1971 11 29 8 5
1972 8 29 15 4
1972 10 6 14 4
1972 10 18 12 4
1973 8 26 11 4
1973 9 5 12 5
1973 11 23 -2 4
1974 7 3 20 5
1975 6 5 17 4
1975 7 8 16 6
1975 9 30 9 4
1975 10 11 4 4
1976 2 20 4 4
1977 2 12 -1 4
1977 3 20 3 4
1977 8 10 17 6
1978 6 18 18 4
1978 7 20 11 4
1978 11 11 7 4
1979 3 20 6 4
1979 7 8 16 4
1979 8 25 12 4
1979 10 2 6 4
1980 6 19 21 4
1980 8 9 17 4
1981 9 15 15 4
1982 11 2 2 7
1983 5 13 4 4
1983 7 13 16 6
1983 9 10 15 4
1983 12 13 2 5
1984 2 25 -2 4
1984 11 14 1 4
1986 4 25 14 4
1986 7 5 16 4
1986 10 26 5 4
