1959  1  1  -99.9  -99.9  -99.9
1959  1  2  -99.9  -99.9  -99.9
1959  1  3  -99.9  -99.9  -99.9
1959  1  4  -99.9  -99.9  -99.9
1959  1  5  -99.9  -99.9  -99.9
1959  1  6  -99.9  -99.9  -99.9
1959  1  7  -99.9  -99.9  -99.9
1959  1  8  -99.9  -99.9  -99.9
1959  1  9  -99.9  -99.9  -99.9
1959  1 10  -99.9  -99.9  -99.9
1959  1 11  -99.9  -99.9  -99.9
1959  1 12  -99.9  -99.9  -99.9
1959  1 13  -99.9  -99.9  -99.9
1959  1 14  -99.9  -99.9  -99.9
1959  1 15  -99.9  -99.9  -99.9
1959  1 16  -99.9  -99.9  -99.9
1959  1 17  -99.9  -99.9  -99.9
1959  1 18  -99.9  -99.9  -99.9
1959  1 19  -99.9  -99.9  -99.9
1959  1 20  -99.9  -99.9  -99.9
1959  1 21  -99.9  -99.9  -99.9
1959  1 22  -99.9  -99.9  -99.9
1959  1 23  -99.9  -99.9  -99.9
1959  1 24  -99.9  -99.9  -99.9
1959  1 25  -99.9  -99.9  -99.9
1959  1 26  -99.9  -99.9  -99.9
1959  1 27  -99.9  -99.9  -99.9
1959  1 28  -99.9  -99.9  -99.9
1959  1 29  -99.9  -99.9  -99.9
1959  1 30  -99.9  -99.9  -99.9
1959  1 31  -99.9  -99.9  -99.9
1959  2  1  -99.9  -99.9  -99.9
1959  2  2  -99.9  -99.9  -99.9
1959  2  3  -99.9  -99.9  -99.9
1959  2  4  -99.9  -99.9  -99.9
1959  2  5  -99.9  -99.9  -99.9
1959  2  6  -99.9  -99.9  -99.9
1959  2  7  -99.9  -99.9  -99.9
1959  2  8  -99.9  -99.9  -99.9
1959  2  9  -99.9  -99.9  -99.9
1959  2 10  -99.9  -99.9  -99.9
1959  2 11  -99.9  -99.9  -99.9
1959  2 12  -99.9  -99.9  -99.9
1959  2 13  -99.9  -99.9  -99.9
1959  2 14  -99.9  -99.9  -99.9
1959  2 15  -99.9  -99.9  -99.9
1959  2 16  -99.9  -99.9  -99.9
1959  2 17  -99.9  -99.9  -99.9
1959  2 18  -99.9  -99.9  -99.9
1959  2 19  -99.9  -99.9  -99.9
1959  2 20  -99.9  -99.9  -99.9
1959  2 21  -99.9  -99.9  -99.9
1959  2 22  -99.9  -99.9  -99.9
1959  2 23  -99.9  -99.9  -99.9
1959  2 24  -99.9  -99.9  -99.9
1959  2 25  -99.9  -99.9  -99.9
1959  2 26  -99.9  -99.9  -99.9
1959  2 27  -99.9  -99.9  -99.9
1959  2 28  -99.9  -99.9  -99.9
1959  3  1  -99.9  -99.9  -99.9
1959  3  2  -99.9  -99.9  -99.9
1959  3  3  -99.9  -99.9  -99.9
1959  3  4  -99.9  -99.9  -99.9
1959  3  5  -99.9  -99.9  -99.9
1959  3  6  -99.9  -99.9  -99.9
1959  3  7  -99.9  -99.9  -99.9
1959  3  8  -99.9  -99.9  -99.9
1959  3  9  -99.9  -99.9  -99.9
1959  3 10  -99.9  -99.9  -99.9
1959  3 11  -99.9  -99.9  -99.9
1959  3 12  -99.9  -99.9  -99.9
1959  3 13  -99.9  -99.9  -99.9
1959  3 14  -99.9  -99.9  -99.9
1959  3 15  -99.9  -99.9  -99.9
1959  3 16  -99.9  -99.9  -99.9
1959  3 17  -99.9  -99.9  -99.9
1959  3 18  -99.9  -99.9  -99.9
1959  3 19  -99.9  -99.9  -99.9
1959  3 20  -99.9  -99.9  -99.9
1959  3 21  -99.9  -99.9  -99.9
1959  3 22  -99.9  -99.9  -99.9
1959  3 23  -99.9  -99.9  -99.9
1959  3 24  -99.9  -99.9  -99.9
1959  3 25  -99.9  -99.9  -99.9
1959  3 26  -99.9  -99.9  -99.9
1959  3 27  -99.9  -99.9  -99.9
1959  3 28  -99.9  -99.9  -99.9
1959  3 29  -99.9  -99.9  -99.9
1959  3 30  -99.9  -99.9  -99.9
1959  3 31  -99.9  -99.9  -99.9
1959  4  1  -99.9  -99.9  -99.9
1959  4  2  -99.9  -99.9  -99.9
1959  4  3  -99.9  -99.9  -99.9
1959  4  4  -99.9  -99.9  -99.9
1959  4  5  -99.9  -99.9  -99.9
1959  4  6  -99.9  -99.9  -99.9
1959  4  7  -99.9  -99.9  -99.9
1959  4  8  -99.9  -99.9  -99.9
1959  4  9  -99.9  -99.9  -99.9
1959  4 10  -99.9  -99.9  -99.9
1959  4 11  -99.9  -99.9  -99.9
1959  4 12  -99.9  -99.9  -99.9
1959  4 13  -99.9  -99.9  -99.9
1959  4 14  -99.9  -99.9  -99.9
1959  4 15  -99.9  -99.9  -99.9
1959  4 16  -99.9  -99.9  -99.9
1959  4 17  -99.9  -99.9  -99.9
1959  4 18  -99.9  -99.9  -99.9
1959  4 19  -99.9  -99.9  -99.9
1959  4 20  -99.9  -99.9  -99.9
1959  4 21  -99.9  -99.9  -99.9
1959  4 22  -99.9  -99.9  -99.9
1959  4 23  -99.9  -99.9  -99.9
1959  4 24  -99.9  -99.9  -99.9
1959  4 25  -99.9  -99.9  -99.9
1959  4 26  -99.9  -99.9  -99.9
1959  4 27  -99.9  -99.9  -99.9
1959  4 28  -99.9  -99.9  -99.9
1959  4 29  -99.9  -99.9  -99.9
1959  4 30  -99.9  -99.9  -99.9
1959  5  1  -99.9  -99.9  -99.9
1959  5  2  -99.9  -99.9  -99.9
1959  5  3  -99.9  -99.9  -99.9
1959  5  4  -99.9  -99.9  -99.9
1959  5  5  -99.9  -99.9  -99.9
1959  5  6  -99.9  -99.9  -99.9
1959  5  7  -99.9  -99.9  -99.9
1959  5  8  -99.9  -99.9  -99.9
1959  5  9  -99.9  -99.9  -99.9
1959  5 10  -99.9  -99.9  -99.9
1959  5 11  -99.9  -99.9  -99.9
1959  5 12  -99.9  -99.9  -99.9
1959  5 13  -99.9  -99.9  -99.9
1959  5 14  -99.9  -99.9  -99.9
1959  5 15  -99.9  -99.9  -99.9
1959  5 16  -99.9  -99.9  -99.9
1959  5 17  -99.9  -99.9  -99.9
1959  5 18  -99.9  -99.9  -99.9
1959  5 19  -99.9  -99.9  -99.9
1959  5 20  -99.9  -99.9  -99.9
1959  5 21  -99.9  -99.9  -99.9
1959  5 22  -99.9  -99.9  -99.9
1959  5 23  -99.9  -99.9  -99.9
1959  5 24  -99.9  -99.9  -99.9
1959  5 25  -99.9  -99.9  -99.9
1959  5 26  -99.9  -99.9  -99.9
1959  5 27  -99.9  -99.9  -99.9
1959  5 28  -99.9  -99.9  -99.9
1959  5 29  -99.9  -99.9  -99.9
1959  5 30  -99.9  -99.9  -99.9
1959  5 31  -99.9  -99.9  -99.9
1959  6  1  -99.9  -99.9  -99.9
1959  6  2  -99.9  -99.9  -99.9
1959  6  3  -99.9  -99.9  -99.9
1959  6  4  -99.9  -99.9  -99.9
1959  6  5  -99.9  -99.9  -99.9
1959  6  6  -99.9  -99.9  -99.9
1959  6  7  -99.9  -99.9  -99.9
1959  6  8  -99.9  -99.9  -99.9
1959  6  9  -99.9  -99.9  -99.9
1959  6 10  -99.9  -99.9  -99.9
1959  6 11  -99.9  -99.9  -99.9
1959  6 12  -99.9  -99.9  -99.9
1959  6 13  -99.9  -99.9  -99.9
1959  6 14  -99.9  -99.9  -99.9
1959  6 15  -99.9  -99.9  -99.9
1959  6 16  -99.9  -99.9  -99.9
1959  6 17  -99.9  -99.9  -99.9
1959  6 18  -99.9  -99.9  -99.9
1959  6 19  -99.9  -99.9  -99.9
1959  6 20  -99.9  -99.9  -99.9
1959  6 21  -99.9  -99.9  -99.9
1959  6 22  -99.9  -99.9  -99.9
1959  6 23  -99.9  -99.9  -99.9
1959  6 24  -99.9  -99.9  -99.9
1959  6 25  -99.9  -99.9  -99.9
1959  6 26  -99.9  -99.9  -99.9
1959  6 27  -99.9  -99.9  -99.9
1959  6 28  -99.9  -99.9  -99.9
1959  6 29  -99.9  -99.9  -99.9
1959  6 30  -99.9  -99.9  -99.9
1959  7  1  -99.9  -99.9  -99.9
1959  7  2  -99.9  -99.9  -99.9
1959  7  3  -99.9  -99.9  -99.9
1959  7  4  -99.9  -99.9  -99.9
1959  7  5  -99.9  -99.9  -99.9
1959  7  6  -99.9  -99.9  -99.9
1959  7  7  -99.9  -99.9  -99.9
1959  7  8  -99.9  -99.9  -99.9
1959  7  9  -99.9  -99.9  -99.9
1959  7 10  -99.9  -99.9  -99.9
1959  7 11  -99.9  -99.9  -99.9
1959  7 12  -99.9  -99.9  -99.9
1959  7 13  -99.9  -99.9  -99.9
1959  7 14  -99.9  -99.9  -99.9
1959  7 15  -99.9  -99.9  -99.9
1959  7 16  -99.9  -99.9  -99.9
1959  7 17  -99.9  -99.9  -99.9
1959  7 18  -99.9  -99.9  -99.9
1959  7 19  -99.9  -99.9  -99.9
1959  7 20  -99.9  -99.9  -99.9
1959  7 21  -99.9  -99.9  -99.9
1959  7 22  -99.9  -99.9  -99.9
1959  7 23  -99.9  -99.9  -99.9
1959  7 24  -99.9  -99.9  -99.9
1959  7 25  -99.9  -99.9  -99.9
1959  7 26  -99.9  -99.9  -99.9
1959  7 27  -99.9  -99.9  -99.9
1959  7 28  -99.9  -99.9  -99.9
1959  7 29  -99.9  -99.9  -99.9
1959  7 30  -99.9  -99.9  -99.9
1959  7 31  -99.9  -99.9  -99.9
1959  8  1  -99.9  -99.9  -99.9
1959  8  2  -99.9  -99.9  -99.9
1959  8  3  -99.9  -99.9  -99.9
1959  8  4  -99.9  -99.9  -99.9
1959  8  5  -99.9  -99.9  -99.9
1959  8  6  -99.9  -99.9  -99.9
1959  8  7  -99.9  -99.9  -99.9
1959  8  8  -99.9  -99.9  -99.9
1959  8  9  -99.9  -99.9  -99.9
1959  8 10  -99.9  -99.9  -99.9
1959  8 11  -99.9  -99.9  -99.9
1959  8 12  -99.9  -99.9  -99.9
1959  8 13  -99.9  -99.9  -99.9
1959  8 14  -99.9  -99.9  -99.9
1959  8 15  -99.9  -99.9  -99.9
1959  8 16  -99.9  -99.9  -99.9
1959  8 17  -99.9  -99.9  -99.9
1959  8 18  -99.9  -99.9  -99.9
1959  8 19  -99.9  -99.9  -99.9
1959  8 20  -99.9  -99.9  -99.9
1959  8 21  -99.9  -99.9  -99.9
1959  8 22  -99.9  -99.9  -99.9
1959  8 23  -99.9  -99.9  -99.9
1959  8 24  -99.9  -99.9  -99.9
1959  8 25  -99.9  -99.9  -99.9
1959  8 26  -99.9  -99.9  -99.9
1959  8 27  -99.9  -99.9  -99.9
1959  8 28  -99.9  -99.9  -99.9
1959  8 29  -99.9  -99.9  -99.9
1959  8 30  -99.9  -99.9  -99.9
1959  8 31  -99.9  -99.9  -99.9
1959  9  1    0.0   34.0   16.0
1959  9  2    0.0   34.0   18.0
1959  9  3    0.0   35.0   17.0
1959  9  4    0.0   35.0   18.0
1959  9  5    0.0   35.0   18.0
1959  9  6    0.0   35.0   18.0
1959  9  7    0.0   35.0   19.0
1959  9  8    0.0   35.0   18.0
1959  9  9    0.0   34.0   17.0
1959  9 10    0.0   35.0   18.0
1959  9 11    0.0   32.0   17.0
1959  9 12    0.0   34.0   12.0
1959  9 13    0.0   32.0   10.0
1959  9 14    0.0   38.0   12.0
1959  9 15    0.0   37.0   18.0
1959  9 16    0.0   36.0   16.0
1959  9 17    0.0   36.0   12.0
1959  9 18    0.0   38.0   16.0
1959  9 19    0.0   38.0   16.0
1959  9 20    0.0   34.0   12.0
1959  9 21    0.0   34.0   12.0
1959  9 22    0.0   32.0   12.0
1959  9 23    0.0   32.0   12.0
1959  9 24    0.0   32.0   12.0
1959  9 25    0.0   30.0   12.0
1959  9 26    0.0   30.0   12.0
1959  9 27    0.0   30.0   10.0
1959  9 28    0.0   32.0   12.0
1959  9 29    0.0   36.0   16.0
1959  9 30    0.0  -99.9   14.0
1959 10  1  -99.9  -99.9  -99.9
1959 10  2  -99.9  -99.9  -99.9
1959 10  3  -99.9  -99.9  -99.9
1959 10  4  -99.9  -99.9  -99.9
1959 10  5  -99.9  -99.9  -99.9
1959 10  6  -99.9  -99.9  -99.9
1959 10  7  -99.9  -99.9  -99.9
1959 10  8  -99.9  -99.9  -99.9
1959 10  9  -99.9  -99.9  -99.9
1959 10 10  -99.9  -99.9  -99.9
1959 10 11  -99.9  -99.9  -99.9
1959 10 12  -99.9  -99.9  -99.9
1959 10 13  -99.9  -99.9  -99.9
1959 10 14  -99.9  -99.9  -99.9
1959 10 15  -99.9  -99.9  -99.9
1959 10 16  -99.9  -99.9  -99.9
1959 10 17  -99.9  -99.9  -99.9
1959 10 18  -99.9  -99.9  -99.9
1959 10 19  -99.9  -99.9  -99.9
1959 10 20  -99.9  -99.9  -99.9
1959 10 21  -99.9  -99.9  -99.9
1959 10 22  -99.9  -99.9  -99.9
1959 10 23  -99.9  -99.9  -99.9
1959 10 24  -99.9  -99.9  -99.9
1959 10 25  -99.9  -99.9  -99.9
1959 10 26  -99.9  -99.9  -99.9
1959 10 27  -99.9  -99.9  -99.9
1959 10 28  -99.9  -99.9  -99.9
1959 10 29  -99.9  -99.9  -99.9
1959 10 30  -99.9  -99.9  -99.9
1959 10 31  -99.9  -99.9  -99.9
1959 11  1  -99.9  -99.9  -99.9
1959 11  2  -99.9  -99.9  -99.9
1959 11  3  -99.9  -99.9  -99.9
1959 11  4  -99.9  -99.9  -99.9
1959 11  5  -99.9  -99.9  -99.9
1959 11  6  -99.9  -99.9  -99.9
1959 11  7  -99.9  -99.9  -99.9
1959 11  8  -99.9  -99.9  -99.9
1959 11  9  -99.9  -99.9  -99.9
1959 11 10  -99.9  -99.9  -99.9
1959 11 11  -99.9  -99.9  -99.9
1959 11 12  -99.9  -99.9  -99.9
1959 11 13  -99.9  -99.9  -99.9
1959 11 14  -99.9  -99.9  -99.9
1959 11 15  -99.9  -99.9  -99.9
1959 11 16  -99.9  -99.9  -99.9
1959 11 17  -99.9  -99.9  -99.9
1959 11 18  -99.9  -99.9  -99.9
1959 11 19  -99.9  -99.9  -99.9
1959 11 20  -99.9  -99.9  -99.9
1959 11 21  -99.9  -99.9  -99.9
1959 11 22  -99.9  -99.9  -99.9
1959 11 23  -99.9  -99.9  -99.9
1959 11 24  -99.9  -99.9  -99.9
1959 11 25  -99.9  -99.9  -99.9
1959 11 26  -99.9  -99.9  -99.9
1959 11 27  -99.9  -99.9  -99.9
1959 11 28  -99.9  -99.9  -99.9
1959 11 29  -99.9  -99.9  -99.9
1959 11 30  -99.9  -99.9  -99.9
1959 12  1  -99.9  -99.9  -99.9
1959 12  2  -99.9  -99.9  -99.9
1959 12  3  -99.9  -99.9  -99.9
1959 12  4  -99.9  -99.9  -99.9
1959 12  5  -99.9  -99.9  -99.9
1959 12  6  -99.9  -99.9  -99.9
1959 12  7  -99.9  -99.9  -99.9
1959 12  8  -99.9  -99.9  -99.9
1959 12  9  -99.9  -99.9  -99.9
1959 12 10  -99.9  -99.9  -99.9
1959 12 11  -99.9  -99.9  -99.9
1959 12 12  -99.9  -99.9  -99.9
1959 12 13  -99.9  -99.9  -99.9
1959 12 14  -99.9  -99.9  -99.9
1959 12 15  -99.9  -99.9  -99.9
1959 12 16  -99.9  -99.9  -99.9
1959 12 17  -99.9  -99.9  -99.9
1959 12 18  -99.9  -99.9  -99.9
1959 12 19  -99.9  -99.9  -99.9
1959 12 20  -99.9  -99.9  -99.9
1959 12 21  -99.9  -99.9  -99.9
1959 12 22  -99.9  -99.9  -99.9
1959 12 23  -99.9  -99.9  -99.9
1959 12 24  -99.9  -99.9  -99.9
1959 12 25  -99.9  -99.9  -99.9
1959 12 26  -99.9  -99.9  -99.9
1959 12 27  -99.9  -99.9  -99.9
1959 12 28  -99.9  -99.9  -99.9
1959 12 29  -99.9  -99.9  -99.9
1959 12 30  -99.9  -99.9  -99.9
1959 12 31  -99.9  -99.9  -99.9
1960  1  1  -99.9  -99.9  -99.9
1960  1  2  -99.9  -99.9  -99.9
1960  1  3  -99.9  -99.9  -99.9
1960  1  4  -99.9  -99.9  -99.9
1960  1  5  -99.9  -99.9  -99.9
1960  1  6  -99.9  -99.9  -99.9
1960  1  7  -99.9  -99.9  -99.9
1960  1  8  -99.9  -99.9  -99.9
1960  1  9  -99.9  -99.9  -99.9
1960  1 10  -99.9  -99.9  -99.9
1960  1 11  -99.9  -99.9  -99.9
1960  1 12  -99.9  -99.9  -99.9
1960  1 13  -99.9  -99.9  -99.9
1960  1 14  -99.9  -99.9  -99.9
1960  1 15  -99.9  -99.9  -99.9
1960  1 16  -99.9  -99.9  -99.9
1960  1 17  -99.9  -99.9  -99.9
1960  1 18  -99.9  -99.9  -99.9
1960  1 19  -99.9  -99.9  -99.9
1960  1 20  -99.9  -99.9  -99.9
1960  1 21  -99.9  -99.9  -99.9
1960  1 22  -99.9  -99.9  -99.9
1960  1 23  -99.9  -99.9  -99.9
1960  1 24  -99.9  -99.9  -99.9
1960  1 25  -99.9  -99.9  -99.9
1960  1 26  -99.9  -99.9  -99.9
1960  1 27  -99.9  -99.9  -99.9
1960  1 28  -99.9  -99.9  -99.9
1960  1 29  -99.9  -99.9  -99.9
1960  1 30  -99.9  -99.9  -99.9
1960  1 31  -99.9  -99.9  -99.9
1960  2  1  -99.9  -99.9  -99.9
1960  2  2  -99.9  -99.9  -99.9
1960  2  3  -99.9  -99.9  -99.9
1960  2  4  -99.9  -99.9  -99.9
1960  2  5  -99.9  -99.9  -99.9
1960  2  6  -99.9  -99.9  -99.9
1960  2  7  -99.9  -99.9  -99.9
1960  2  8  -99.9  -99.9  -99.9
1960  2  9  -99.9  -99.9  -99.9
1960  2 10  -99.9  -99.9  -99.9
1960  2 11  -99.9  -99.9  -99.9
1960  2 12  -99.9  -99.9  -99.9
1960  2 13  -99.9  -99.9  -99.9
1960  2 14  -99.9  -99.9  -99.9
1960  2 15  -99.9  -99.9  -99.9
1960  2 16  -99.9  -99.9  -99.9
1960  2 17  -99.9  -99.9  -99.9
1960  2 18  -99.9  -99.9  -99.9
1960  2 19  -99.9  -99.9  -99.9
1960  2 20  -99.9  -99.9  -99.9
1960  2 21  -99.9  -99.9  -99.9
1960  2 22  -99.9  -99.9  -99.9
1960  2 23  -99.9  -99.9  -99.9
1960  2 24  -99.9  -99.9  -99.9
1960  2 25  -99.9  -99.9  -99.9
1960  2 26  -99.9  -99.9  -99.9
1960  2 27  -99.9  -99.9  -99.9
1960  2 28  -99.9  -99.9  -99.9
1960  2 29  -99.9  -99.9  -99.9
1960  3  1  -99.9  -99.9  -99.9
1960  3  2  -99.9  -99.9  -99.9
1960  3  3  -99.9  -99.9  -99.9
1960  3  4  -99.9  -99.9  -99.9
1960  3  5  -99.9  -99.9  -99.9
1960  3  6  -99.9  -99.9  -99.9
1960  3  7  -99.9  -99.9  -99.9
1960  3  8  -99.9  -99.9  -99.9
1960  3  9  -99.9   32.5  -99.9
1960  3 10    0.0   22.5    7.0
1960  3 11    0.0   24.0    1.0
1960  3 12    0.0   23.0   -1.0
1960  3 13    0.0   21.0   -1.0
1960  3 14    0.0   17.5    0.0
1960  3 15    0.0   13.0    1.0
1960  3 16    0.0   11.0    2.0
1960  3 17    0.0    7.0   -2.0
1960  3 18    0.0   15.0   -6.0
1960  3 19    0.0   22.0   -5.0
1960  3 20    0.0   28.0   -1.0
1960  3 21    0.0   24.0   12.0
1960  3 22    0.0   25.0    4.0
1960  3 23    1.0   24.0    4.0
1960  3 24    0.0   29.0    4.0
1960  3 25    0.0   15.0    3.0
1960  3 26    0.0   21.0    0.0
1960  3 27    0.0   24.0    1.0
1960  3 28    0.0   20.0    1.0
1960  3 29    0.0   20.0    7.0
1960  3 30    0.0   33.0    1.0
1960  3 31    0.0   31.0    5.0
1960  4  1    0.0   20.0    6.0
1960  4  2    1.0   14.0    5.0
1960  4  3    0.0   17.0   -5.0
1960  4  4    0.0   22.0   -3.0
1960  4  5    0.0   25.0    1.0
1960  4  6    0.0   26.0    0.0
1960  4  7    0.0   27.0    2.0
1960  4  8    0.0   26.0   10.0
1960  4  9    0.0   20.0    6.0
1960  4 10    0.0   28.0    5.0
1960  4 11    0.0   35.0    3.0
1960  4 12    0.0   28.0   13.0
1960  4 13    0.0   22.0    6.0
1960  4 14    0.0   30.0    2.0
1960  4 15    0.0   30.0    2.0
1960  4 16    0.0   28.0    2.0
1960  4 17    0.0   33.0    4.0
1960  4 18    0.0   24.0    4.0
1960  4 19    0.0   29.0    5.0
1960  4 20    0.0   27.0    5.0
1960  4 21    0.0   21.0    7.0
1960  4 22    0.0   26.0    7.0
1960  4 23    0.0   28.0   11.0
1960  4 24    0.0   21.0    8.0
1960  4 25    0.0   21.0    3.0
1960  4 26    0.0   22.0    0.0
1960  4 27    0.0   23.0    3.0
1960  4 28    0.0   23.0    8.0
1960  4 29    0.0   18.0    6.0
1960  4 30    0.0  -99.9    3.0
1960  5  1    0.0   26.0    1.0
1960  5  2    0.0   30.0    4.0
1960  5  3    0.0   30.0    3.0
1960  5  4    0.0   30.0    3.0
1960  5  5    0.0   22.0    3.0
1960  5  6    0.0   27.0    4.0
1960  5  7    0.0   33.0    2.0
1960  5  8    0.0   34.0    2.0
1960  5  9    0.0   35.0   13.0
1960  5 10    0.0   36.0    8.0
1960  5 11    0.0   37.0   11.0
1960  5 12    0.0   36.0   14.0
1960  5 13    0.0   36.0    9.0
1960  5 14    0.0   36.0   10.0
1960  5 15    0.0   32.0    6.0
1960  5 16    0.0   34.0    4.0
1960  5 17    0.0   34.0    6.0
1960  5 18    0.0   30.0    6.0
1960  5 19    0.0   31.0   12.0
1960  5 20    0.0   32.0    4.0
1960  5 21    0.0   31.0    4.0
1960  5 22    0.0   36.0    5.0
1960  5 23    0.0   34.0    6.0
1960  5 24    0.0   34.0    2.0
1960  5 25    0.0   36.0    6.0
1960  5 26    0.0   32.0    6.0
1960  5 27    0.0   38.0    7.0
1960  5 28    0.0   37.0   14.0
1960  5 29    0.0   33.0    6.0
1960  5 30    0.0   36.0   10.0
1960  5 31    0.0   36.0    6.0
1960  6  1    0.0   36.0    6.0
1960  6  2    0.0   39.0    6.0
1960  6  3    0.0   39.0    7.0
1960  6  4    0.0   38.0    7.0
1960  6  5    0.0   39.0    8.0
1960  6  6    0.0   35.0    8.0
1960  6  7    0.0   36.0    5.0
1960  6  8    0.0   37.0    9.0
1960  6  9    0.0   37.0    8.0
1960  6 10    0.0   33.0    8.0
1960  6 11    0.0   35.0    6.0
1960  6 12    0.0   36.0    9.0
1960  6 13    0.0   36.0    5.0
1960  6 14    0.0   38.0    7.0
1960  6 15    0.0   40.0    8.0
1960  6 16    0.0   40.0    8.0
1960  6 17    0.0   41.0   18.0
1960  6 18    0.0   40.0   18.0
1960  6 19    0.0   44.0   19.0
1960  6 20    0.0   44.0   21.0
1960  6 21    0.0   44.0   13.0
1960  6 22    0.0   44.0   13.0
1960  6 23    0.0   41.0   13.0
1960  6 24    0.0   42.0   14.0
1960  6 25    0.0   42.0   18.0
1960  6 26    0.0   41.0   18.0
1960  6 27    0.0   41.0   18.0
1960  6 28    0.0   41.0   19.0
1960  6 29    0.0   41.0   19.0
1960  6 30    0.0   40.0   20.0
1960  7  1    0.0   41.0   20.0
1960  7  2    0.0   42.0   19.0
1960  7  3    0.0   41.0   17.0
1960  7  4   12.0   39.0   15.0
1960  7  5    2.0   32.0   18.0
1960  7  6    3.0   37.0   15.0
1960  7  7   17.0   22.0   14.0
1960  7  8    6.0   30.0   12.0
1960  7  9    0.0   31.0   15.0
1960  7 10    0.0   33.0   19.0
1960  7 11    0.0   36.0   20.0
1960  7 12    0.0   39.0   19.0
1960  7 13   23.0   32.0   19.0
1960  7 14    0.0   31.0   17.0
1960  7 15    0.0   32.0   17.0
1960  7 16    0.0   37.0   17.0
1960  7 17    0.0   37.0   18.0
1960  7 18    6.0   34.0   19.0
1960  7 19    0.0   34.0   17.0
1960  7 20    0.0   36.0   17.0
1960  7 21    0.0   31.0   19.0
1960  7 22    0.0   36.0   19.0
1960  7 23    0.0   38.0   20.0
1960  7 24   11.0   38.0   23.0
1960  7 25    0.0   35.0   21.0
1960  7 26    0.0   37.0   21.0
1960  7 27    0.0   38.0   20.0
1960  7 28    0.0   40.0   19.0
1960  7 29    2.0   41.0   18.0
1960  7 30    0.0   40.0   16.0
1960  7 31    0.0   39.0   17.0
1960  8  1    0.0   38.0   19.0
1960  8  2    0.0   39.0   18.0
1960  8  3    0.0   37.0   19.0
1960  8  4    0.0   37.0   16.0
1960  8  5    0.0   38.0   15.0
1960  8  6    0.0   38.0   16.0
1960  8  7    0.0   36.0   18.0
1960  8  8    0.0   32.0   18.0
1960  8  9    4.0   37.0   16.0
1960  8 10    0.0   31.0   16.0
1960  8 11    3.0   31.0   17.0
1960  8 12    0.0   32.0   10.0
1960  8 13    0.0   32.0   10.0
1960  8 14    0.0   34.0   16.0
1960  8 15    0.0   34.0   16.0
1960  8 16    0.0   35.0   16.0
1960  8 17    0.0   35.0   16.0
1960  8 18    0.0   37.0   18.0
1960  8 19    0.0   30.0   17.0
1960  8 20    0.0   35.0   17.0
1960  8 21    0.0   36.0   19.0
1960  8 22    0.0   34.0   19.0
1960  8 23    0.0   35.0   22.0
1960  8 24    0.0   38.0   17.0
1960  8 25    1.0   38.0   18.0
1960  8 26    0.0   35.0   12.0
1960  8 27    7.0   35.0   16.0
1960  8 28    0.0   38.0   20.0
1960  8 29    3.0   30.0   18.0
1960  8 30    0.0   35.0   10.0
1960  8 31    0.0   34.0   18.0
1960  9  1  -99.9  -99.9  -99.9
1960  9  2  -99.9  -99.9  -99.9
1960  9  3  -99.9  -99.9  -99.9
1960  9  4  -99.9  -99.9  -99.9
1960  9  5  -99.9  -99.9  -99.9
1960  9  6  -99.9  -99.9  -99.9
1960  9  7  -99.9  -99.9  -99.9
1960  9  8  -99.9  -99.9  -99.9
1960  9  9  -99.9  -99.9  -99.9
1960  9 10  -99.9  -99.9  -99.9
1960  9 11  -99.9  -99.9  -99.9
1960  9 12  -99.9  -99.9  -99.9
1960  9 13  -99.9  -99.9  -99.9
1960  9 14  -99.9  -99.9  -99.9
1960  9 15  -99.9  -99.9  -99.9
1960  9 16  -99.9  -99.9  -99.9
1960  9 17  -99.9  -99.9  -99.9
1960  9 18  -99.9  -99.9  -99.9
1960  9 19  -99.9  -99.9  -99.9
1960  9 20  -99.9  -99.9  -99.9
1960  9 21  -99.9  -99.9  -99.9
1960  9 22  -99.9  -99.9  -99.9
1960  9 23  -99.9  -99.9  -99.9
1960  9 24  -99.9  -99.9  -99.9
1960  9 25  -99.9  -99.9  -99.9
1960  9 26  -99.9  -99.9  -99.9
1960  9 27  -99.9  -99.9  -99.9
1960  9 28  -99.9  -99.9  -99.9
1960  9 29  -99.9  -99.9  -99.9
1960  9 30  -99.9  -99.9  -99.9
1960 10  1    0.0   32.0   12.0
1960 10  2    1.0   30.0   12.0
1960 10  3    0.0   32.0   12.0
1960 10  4    0.0   34.0    8.0
1960 10  5    0.0   29.0    9.0
1960 10  6    0.0   30.0   12.0
1960 10  7    0.0   30.0   12.0
1960 10  8    0.0   29.0    8.0
1960 10  9    0.0   30.0    9.0
1960 10 10    0.0   30.0    9.0
1960 10 11    0.0   30.0    9.0
1960 10 12    0.0   28.0    9.0
1960 10 13    0.0   28.0   11.0
1960 10 14    0.0   28.0    6.0
1960 10 15    0.0   30.0    9.0
1960 10 16    0.0   28.0   11.0
1960 10 17    0.0   28.0   12.0
1960 10 18    0.0   26.0    2.0
1960 10 19    0.0   26.0    1.0
1960 10 20    0.0   26.0    1.0
1960 10 21    0.0   28.0    4.0
1960 10 22    0.0   30.0    4.0
1960 10 23    0.0   30.0    6.0
1960 10 24    0.0   28.0    4.0
1960 10 25    0.0   28.0    4.0
1960 10 26    0.0   28.0    4.0
1960 10 27    0.0   26.0    4.0
1960 10 28    0.0   28.0    4.0
1960 10 29    0.0   26.0    4.0
1960 10 30    0.0   26.0    4.0
1960 10 31    0.0   22.0    0.0
1960 11  1    0.0   26.0    2.0
1960 11  2    0.0   24.0    2.0
1960 11  3    0.0   24.0    2.0
1960 11  4    0.0   25.0    2.0
1960 11  5    0.0   22.0    5.0
1960 11  6    0.0   19.0    8.0
1960 11  7    2.0   18.0    7.0
1960 11  8    0.0   21.0    2.0
1960 11  9    0.0   20.0   -2.0
1960 11 10    0.0   17.0   -2.0
1960 11 11    0.0   18.0    0.0
1960 11 12    0.0   22.0    4.0
1960 11 13    0.0   22.0    4.0
1960 11 14    0.0   25.0   -1.0
1960 11 15    0.0   18.0    4.0
1960 11 16    0.0   18.0    4.0
1960 11 17    0.0   18.0   -4.0
1960 11 18    0.0   21.0   -1.0
1960 11 19    0.0   21.0   -4.0
1960 11 20    0.0   21.0   -4.0
1960 11 21    0.0   21.0   -4.0
1960 11 22    0.0   21.0   -2.0
1960 11 23    0.0   20.0   -2.0
1960 11 24    0.0   20.0    2.0
1960 11 25    0.0   25.0    0.0
1960 11 26    0.0   27.0   10.0
1960 11 27    0.0   21.0    9.0
1960 11 28    0.0   11.0   -3.0
1960 11 29    0.0   16.0   -6.0
1960 11 30    0.0  -99.9   -1.0
1960 12  1  -99.9  -99.9  -99.9
1960 12  2  -99.9  -99.9  -99.9
1960 12  3  -99.9  -99.9  -99.9
1960 12  4  -99.9  -99.9  -99.9
1960 12  5  -99.9  -99.9  -99.9
1960 12  6  -99.9  -99.9  -99.9
1960 12  7  -99.9  -99.9  -99.9
1960 12  8  -99.9  -99.9  -99.9
1960 12  9  -99.9  -99.9  -99.9
1960 12 10  -99.9  -99.9  -99.9
1960 12 11  -99.9  -99.9  -99.9
1960 12 12  -99.9  -99.9  -99.9
1960 12 13  -99.9  -99.9  -99.9
1960 12 14  -99.9  -99.9  -99.9
1960 12 15  -99.9  -99.9  -99.9
1960 12 16  -99.9  -99.9  -99.9
1960 12 17  -99.9  -99.9  -99.9
1960 12 18  -99.9  -99.9  -99.9
1960 12 19  -99.9  -99.9  -99.9
1960 12 20  -99.9  -99.9  -99.9
1960 12 21  -99.9  -99.9  -99.9
1960 12 22  -99.9  -99.9  -99.9
1960 12 23  -99.9  -99.9  -99.9
1960 12 24  -99.9  -99.9  -99.9
1960 12 25  -99.9  -99.9  -99.9
1960 12 26  -99.9  -99.9  -99.9
1960 12 27  -99.9  -99.9  -99.9
1960 12 28  -99.9  -99.9  -99.9
1960 12 29  -99.9  -99.9  -99.9
1960 12 30  -99.9  -99.9  -99.9
1960 12 31  -99.9  -99.9  -99.9
