1983  1  1    0.0   12.0   -0.5
1983  1  2    0.0   12.0   -1.0
1983  1  3    0.0   16.0   -3.5
1983  1  4    0.0   19.5   -2.0
1983  1  5    0.0   21.5   -1.0
1983  1  6    0.0   22.5    1.0
1983  1  7    0.0   24.0    3.0
1983  1  8    0.0   23.5    2.5
1983  1  9    0.0   22.0    1.5
1983  1 10    0.0   23.0    3.0
1983  1 11    0.0   20.5    3.0
1983  1 12    0.0   21.5    4.0
1983  1 13    0.0   21.5    6.5
1983  1 14    0.0   12.6    6.5
1983  1 15    0.0   10.0    6.5
1983  1 16    0.0   18.5    7.0
1983  1 17    0.0   22.0    7.5
1983  1 18    0.0   24.0    6.0
1983  1 19    0.0   23.5    6.0
1983  1 20    3.0   14.5    6.0
1983  1 21    0.0   15.5    0.5
1983  1 22    0.0   19.0   -2.0
1983  1 23    0.0   21.0   -0.5
1983  1 24    0.0   25.0    1.5
1983  1 25    0.0   23.0    3.0
1983  1 26    0.0   24.0    3.0
1983  1 27    0.0   29.5    3.0
1983  1 28    0.0   26.5    7.5
1983  1 29    0.0   21.0    6.0
1983  1 30    0.0   18.0    7.0
1983  1 31    0.0   18.0    7.5
1983  2  1    0.0   19.0    4.5
1983  2  2    0.0   17.0    0.0
1983  2  3    0.0   26.5    0.0
1983  2  4    0.0   21.0    0.0
1983  2  5    0.0   21.5    6.0
1983  2  6    0.0   24.5    6.0
1983  2  7    0.0   21.0    2.0
1983  2  8    0.0   27.5    2.0
1983  2  9    0.0   26.5    3.0
1983  2 10    0.0   26.0    3.0
1983  2 11    0.0   24.0    4.0
1983  2 12    0.0   26.5    3.0
1983  2 13    0.0   30.5    3.0
1983  2 14    0.0   23.5    8.0
1983  2 15    0.0   24.0    5.0
1983  2 16    0.0   28.0    2.5
1983  2 17    0.0   28.5    3.0
1983  2 18    0.0   33.0    4.5
1983  2 19    0.0   27.5    5.0
1983  2 20    0.0   28.0    4.0
1983  2 21    0.0   28.0    2.0
1983  2 22    0.0   27.0    2.5
1983  2 23    0.0   29.5    3.5
1983  2 24    0.0   27.0    4.0
1983  2 25    8.0   26.5    7.0
1983  2 26    0.0   26.5    6.5
1983  2 27    0.0   28.0    5.5
1983  2 28    0.0   30.0    4.8
1983  3  1    0.0   20.0    5.0
1983  3  2    0.0   22.0    7.0
1983  3  3    8.0   12.0    9.0
1983  3  4    0.0   12.5    5.0
1983  3  5    0.0   14.0    4.0
1983  3  6    0.0   19.0    1.5
1983  3  7    0.0   19.0    4.0
1983  3  8    0.0   20.0    4.0
1983  3  9    0.0   19.0    4.5
1983  3 10    0.0   22.5    3.0
1983  3 11    4.0   25.0    4.0
1983  3 12    0.5   19.0    9.5
1983  3 13    0.0   21.0    8.0
1983  3 14    0.0   25.0    6.5
1983  3 15    0.0   20.0   10.5
1983  3 16    0.0   15.0    2.0
1983  3 17    0.0   23.5    2.0
1983  3 18    0.0   25.0    4.5
1983  3 19    0.0   20.5    7.5
1983  3 20    0.0   18.5    2.0
1983  3 21    0.0   23.6    5.0
1983  3 22    0.0   24.0    3.0
1983  3 23    0.0   22.0    6.0
1983  3 24    0.0   25.0    8.0
1983  3 25    0.0   19.5    8.5
1983  3 26    0.0   23.5    5.5
1983  3 27    0.0   19.5    0.0
1983  3 28    0.0   27.0    3.0
1983  3 29    0.0   26.5    8.0
1983  3 30    0.0   24.6    8.5
1983  3 31    0.0   27.0    8.5
1983  4  1    0.0   30.0   15.0
1983  4  2    0.0   29.5    9.5
1983  4  3    0.0   29.5    9.0
1983  4  4    0.0   27.0   15.5
1983  4  5    0.0   22.0    6.5
1983  4  6    0.0   20.0    3.5
1983  4  7   16.0   14.0    3.0
1983  4  8    0.0   14.0    3.5
1983  4  9    0.0   21.0    2.5
1983  4 10    0.0   27.0    4.5
1983  4 11    0.0   28.0   12.0
1983  4 12    0.0   27.0   11.5
1983  4 13    0.0   23.0    9.5
1983  4 14    0.0   22.0    6.0
1983  4 15    0.0   26.0    7.0
1983  4 16    0.0   29.0    8.0
1983  4 17    0.0   30.0   11.0
1983  4 18    0.0   32.0    8.5
1983  4 19    0.0   32.0   13.0
1983  4 20    0.0   30.5   12.5
1983  4 21    0.0   31.0   12.5
1983  4 22    0.0   30.5   13.0
1983  4 23    0.0   30.0   12.5
1983  4 24    0.0   32.0   12.5
1983  4 25    0.0   33.0   15.5
1983  4 26    0.0   33.5   14.0
1983  4 27    0.0   33.5   15.0
1983  4 28    0.0   33.0   15.0
1983  4 29    0.0   34.5   16.5
1983  4 30    0.0   29.0   17.5
1983  5  1    0.0   36.0   18.5
1983  5  2    0.0   29.0   18.5
1983  5  3    0.0   28.5   11.0
1983  5  4    0.0   30.0   11.5
1983  5  5    0.0   31.0   11.0
1983  5  6    0.0   34.0   12.5
1983  5  7    0.0   32.0   16.5
1983  5  8    0.0   32.5   14.5
1983  5  9    0.0   32.0   16.0
1983  5 10    0.0   33.5   15.0
1983  5 11    0.0   33.0   15.0
1983  5 12    0.0   32.0   15.0
1983  5 13    0.0   33.0   16.5
1983  5 14    0.0   32.0   14.0
1983  5 15    0.0   31.0   14.0
1983  5 16    0.0   34.0   12.0
1983  5 17    0.0   33.0   15.0
1983  5 18    0.0   34.0   14.0
1983  5 19    0.0   35.0   14.0
1983  5 20    0.0   34.0   15.0
1983  5 21    0.0   37.0   15.5
1983  5 22    0.0   34.5   15.5
1983  5 23    0.0   34.0   17.5
1983  5 24    0.0   33.0   19.0
1983  5 25   21.0   37.0   18.0
1983  5 26    0.0   32.5   17.0
1983  5 27    0.0   34.0   17.0
1983  5 28    0.0   36.0   20.0
1983  5 29    0.0   35.0   19.0
1983  5 30    0.0   36.0   17.0
1983  5 31    8.0   35.0   18.5
1983  6  1    0.0   35.0   18.5
1983  6  2    0.0   37.0   18.5
1983  6  3    0.0   36.0   20.0
1983  6  4    0.0   35.0   21.0
1983  6  5    0.0   36.0   19.0
1983  6  6    0.0   34.5   20.0
1983  6  7    0.0   35.0   18.5
1983  6  8    0.0   38.0   19.0
1983  6  9    0.0   39.0   20.0
1983  6 10    0.0   37.0   21.0
1983  6 11    0.0   39.0   21.0
1983  6 12    0.0   37.5   22.0
1983  6 13    0.0   38.5   22.5
1983  6 14    6.0   36.0   21.5
1983  6 15    0.0   28.5   17.0
1983  6 16    2.0   32.0   19.5
1983  6 17    0.0   38.0   20.0
1983  6 18    0.0   40.0   21.0
1983  6 19    0.0   40.0   20.5
1983  6 20    0.0   39.0   23.0
1983  6 21    0.0   38.5   23.0
1983  6 22    0.0   36.5   23.0
1983  6 23    0.5   34.5   21.5
1983  6 24    0.0   37.0   18.0
1983  6 25    0.0   37.0   19.0
1983  6 26    0.0   38.5   19.5
1983  6 27    0.0   37.0   24.0
1983  6 28    0.0   38.0   18.5
1983  6 29    0.0   39.0   19.0
1983  6 30   12.5   37.0   19.0
1983  7  1    0.0   37.5   19.0
1983  7  2    0.0   38.5   22.5
1983  7  3    0.0   40.0   23.5
1983  7  4    0.0   40.5   23.0
1983  7  5    3.0   36.5   24.0
1983  7  6    0.0   32.0   20.0
1983  7  7    1.5   33.5   21.0
1983  7  8    0.0   35.5   22.0
1983  7  9    0.0   38.0   22.5
1983  7 10    0.0   38.5   22.0
1983  7 11    0.0   37.5   22.5
1983  7 12    0.0   36.5   23.5
1983  7 13    0.0   37.0   22.0
1983  7 14    0.0   35.0   20.0
1983  7 15    0.0   36.5   24.0
1983  7 16    0.0   39.0   24.5
1983  7 17    0.0   39.0   22.0
1983  7 18    0.0   34.0   24.0
1983  7 19    2.0   34.0   22.0
1983  7 20    0.0   32.5   22.5
1983  7 21    0.0   33.5   21.5
1983  7 22    0.0   37.0   22.0
1983  7 23    0.0   37.0   22.0
1983  7 24    0.0   38.5   21.5
1983  7 25    4.0   38.0   25.5
1983  7 26    0.0   36.0   21.0
1983  7 27   12.0   35.5   21.0
1983  7 28    0.0   37.0   19.5
1983  7 29    0.0   38.0   21.0
1983  7 30    0.0   38.0   22.0
1983  7 31    0.0   37.0   23.5
1983  8  1    0.0   37.0   23.0
1983  8  2    0.0   38.5   22.0
1983  8  3    0.0   37.0   22.5
1983  8  4    0.0   38.5   23.0
1983  8  5    3.0   30.5   23.5
1983  8  6    0.0   32.0   20.5
1983  8  7    1.0   36.5   21.0
1983  8  8   20.0   36.5   21.0
1983  8  9    8.0   33.5   19.0
1983  8 10    0.0   35.0   19.5
1983  8 11    0.0   31.0   21.0
1983  8 12    1.0   31.5   20.8
1983  8 13    0.0   34.0   19.5
1983  8 14    6.0   24.0   20.0
1983  8 15  -99.9   29.0   20.0
1983  8 16  -99.9   29.0   17.5
1983  8 17    0.0   32.0   18.0
1983  8 18    0.0   35.0   19.5
1983  8 19    0.0   35.5   18.5
1983  8 20    0.0   36.0   19.0
1983  8 21  -99.9   35.0   20.5
1983  8 22   12.0   35.5   20.5
1983  8 23  -99.9   33.0   19.5
1983  8 24    0.0   34.0   18.0
1983  8 25    5.0   35.0   18.5
1983  8 26  -99.9   35.5   20.0
1983  8 27    0.0   34.0   20.0
1983  8 28    0.0   36.0   21.0
1983  8 29    0.0   36.5   21.5
1983  8 30    0.0   31.5   21.5
1983  8 31    0.0   37.0   21.5
1983  9  1  -99.9  -99.9  -99.9
1983  9  2  -99.9  -99.9  -99.9
1983  9  3  -99.9  -99.9  -99.9
1983  9  4  -99.9  -99.9  -99.9
1983  9  5  -99.9  -99.9  -99.9
1983  9  6  -99.9  -99.9  -99.9
1983  9  7  -99.9  -99.9  -99.9
1983  9  8  -99.9  -99.9  -99.9
1983  9  9  -99.9  -99.9  -99.9
1983  9 10  -99.9  -99.9  -99.9
1983  9 11  -99.9  -99.9  -99.9
1983  9 12  -99.9  -99.9  -99.9
1983  9 13  -99.9  -99.9  -99.9
1983  9 14  -99.9  -99.9  -99.9
1983  9 15  -99.9  -99.9  -99.9
1983  9 16  -99.9  -99.9  -99.9
1983  9 17  -99.9  -99.9  -99.9
1983  9 18  -99.9  -99.9  -99.9
1983  9 19  -99.9  -99.9  -99.9
1983  9 20  -99.9  -99.9  -99.9
1983  9 21  -99.9  -99.9  -99.9
1983  9 22  -99.9  -99.9  -99.9
1983  9 23  -99.9  -99.9  -99.9
1983  9 24  -99.9  -99.9  -99.9
1983  9 25  -99.9  -99.9  -99.9
1983  9 26  -99.9  -99.9  -99.9
1983  9 27  -99.9  -99.9  -99.9
1983  9 28  -99.9  -99.9  -99.9
1983  9 29  -99.9  -99.9  -99.9
1983  9 30  -99.9  -99.9  -99.9
1983 10  1  -99.9  -99.9  -99.9
1983 10  2  -99.9  -99.9  -99.9
1983 10  3  -99.9  -99.9  -99.9
1983 10  4  -99.9  -99.9  -99.9
1983 10  5  -99.9  -99.9  -99.9
1983 10  6  -99.9  -99.9  -99.9
1983 10  7  -99.9  -99.9  -99.9
1983 10  8  -99.9  -99.9  -99.9
1983 10  9  -99.9  -99.9  -99.9
1983 10 10  -99.9  -99.9  -99.9
1983 10 11  -99.9  -99.9  -99.9
1983 10 12  -99.9  -99.9  -99.9
1983 10 13  -99.9  -99.9  -99.9
1983 10 14  -99.9  -99.9  -99.9
1983 10 15  -99.9  -99.9  -99.9
1983 10 16  -99.9  -99.9  -99.9
1983 10 17  -99.9  -99.9  -99.9
1983 10 18  -99.9  -99.9  -99.9
1983 10 19  -99.9  -99.9  -99.9
1983 10 20  -99.9  -99.9  -99.9
1983 10 21  -99.9  -99.9  -99.9
1983 10 22  -99.9  -99.9  -99.9
1983 10 23  -99.9  -99.9  -99.9
1983 10 24  -99.9  -99.9  -99.9
1983 10 25  -99.9  -99.9  -99.9
1983 10 26  -99.9  -99.9  -99.9
1983 10 27  -99.9  -99.9  -99.9
1983 10 28  -99.9  -99.9  -99.9
1983 10 29  -99.9  -99.9  -99.9
1983 10 30  -99.9  -99.9  -99.9
1983 10 31  -99.9  -99.9  -99.9
1983 11  1    0.0   29.0   16.0
1983 11  2    4.0   30.0   15.0
1983 11  3    6.0   18.0   14.0
1983 11  4    0.0   22.0   12.5
1983 11  5    0.0   23.0   10.5
1983 11  6    0.0   24.0   10.0
1983 11  7    0.0   27.5   11.0
1983 11  8    0.0   27.5   10.5
1983 11  9    0.0   24.5   11.0
1983 11 10    0.0   26.5    9.5
1983 11 11    0.0   28.0    9.5
1983 11 12    0.0   29.0   10.0
1983 11 13    0.0   28.5   10.5
1983 11 14    0.0   29.0    9.0
1983 11 15    0.0   24.0    9.0
1983 11 16    0.0   28.0    8.0
1983 11 17    0.0   27.5    8.0
1983 11 18    0.0   27.0    9.0
1983 11 19    0.0   27.0    5.0
1983 11 20    0.0   27.0    4.5
1983 11 21    0.0   25.0   13.0
1983 11 22    0.0   18.5   13.0
1983 11 23    0.0   15.5    3.0
1983 11 24    0.0   19.0    0.0
1983 11 25    0.0   27.0    0.5
1983 11 26    4.0   10.5    5.0
1983 11 27    0.0   18.0    0.0
1983 11 28    0.0   17.0    0.5
1983 11 29    0.0   25.0    1.0
1983 11 30    0.0   19.0    3.5
1983 12  1    1.0   21.5    7.0
1983 12  2    0.0   23.0    7.5
1983 12  3    0.0   24.0    6.5
1983 12  4    0.0   27.0    7.5
1983 12  5    0.0   23.0    7.5
1983 12  6    0.0   20.0    3.0
1983 12  7    0.0   23.0    2.5
1983 12  8    0.0   27.0    2.5
1983 12  9    0.0   27.0    5.5
1983 12 10    0.0   26.0    9.5
1983 12 11    0.0   24.5    5.0
1983 12 12    0.0   27.0    8.0
1983 12 13    0.0   21.0    6.5
1983 12 14    0.0   20.0    7.0
1983 12 15    0.0   23.0    4.0
1983 12 16    0.0   24.0    4.5
1983 12 17    0.0   26.5    5.0
1983 12 18    0.0   18.5    5.0
1983 12 19    0.0   18.5    2.5
1983 12 20    0.0   24.5    2.5
1983 12 21    0.0   24.0   10.0
1983 12 22    0.0   26.0   11.0
1983 12 23    0.0   27.0   10.0
1983 12 24    0.0   20.0    7.5
1983 12 25    0.0   16.0   -0.5
1983 12 26    0.0   24.5    2.5
1983 12 27    0.0   24.0    8.0
1983 12 28    0.0   22.0   10.5
1983 12 29    0.0   11.0    0.0
1983 12 30    0.0   15.0   -1.5
1983 12 31    0.0   20.0    0.0
1984  1  1    0.0   21.0   -0.5
1984  1  2    6.0   12.0    3.5
1984  1  3    1.0   12.5    5.0
1984  1  4    0.0   13.0    5.0
1984  1  5    0.0   18.5    8.0
1984  1  6    0.0   18.5    7.5
1984  1  7    0.0   21.0    8.5
1984  1  8    0.0   18.0    7.0
1984  1  9    0.0   22.0    5.0
1984  1 10    0.0   13.0    5.5
1984  1 11    0.0   19.0   -4.0
1984  1 12    0.0   18.0    0.0
1984  1 13    0.0   18.0    3.5
1984  1 14    0.0   21.0    4.0
1984  1 15    0.0   22.0    4.0
1984  1 16    0.0   23.0    3.0
1984  1 17    0.0   23.0    4.0
1984  1 18    0.0   18.0    2.5
1984  1 19    0.0   21.0    1.0
1984  1 20    0.0   19.5    3.0
1984  1 21    0.0   15.5    0.0
1984  1 22    0.0   23.0    3.0
1984  1 23    0.0   20.0    5.0
1984  1 24    0.0   24.5    2.0
1984  1 25    0.0   18.5    3.5
1984  1 26    0.0   21.5    1.5
1984  1 27    0.0   20.0    3.0
1984  1 28    0.0   23.0    2.5
1984  1 29    0.0   22.0    3.0
1984  1 30   14.0   12.0    7.0
1984  1 31  -99.9    8.0    1.5
1984  2  1    0.0   18.0    3.0
1984  2  2    0.0   21.0    6.0
1984  2  3    0.0   21.5    6.0
1984  2  4    0.0   22.0    6.0
1984  2  5    0.0   14.0    6.0
1984  2  6    0.0   18.0    4.0
1984  2  7    0.0   21.0    4.0
1984  2  8    0.0   24.0    4.5
1984  2  9    0.0   25.0    6.0
1984  2 10    0.0   26.5    6.0
1984  2 11    0.0   24.0    7.0
1984  2 12    0.0   20.0    5.0
1984  2 13    0.0   24.0    3.5
1984  2 14    0.0   27.0    3.0
1984  2 15    0.0   26.0    5.5
1984  2 16    0.0   28.0    4.0
1984  2 17    0.0   27.0    5.0
1984  2 18    0.0   21.0    4.0
1984  2 19    0.0   18.0    4.5
1984  2 20    0.0   23.0    1.0
1984  2 21    0.0   17.5    0.0
1984  2 22    0.0   23.0   -1.0
1984  2 23    0.0   24.0    1.0
1984  2 24    0.0   25.0    3.0
1984  2 25    0.0   27.5    4.5
1984  2 26    0.0   15.0    5.0
1984  2 27    0.0   17.5    1.0
1984  2 28    0.0   19.0    0.5
1984  2 29  -99.9   23.5    1.0
1984  3  1    0.0   26.0    1.0
1984  3  2    0.0   26.0    5.0
1984  3  3    0.0   28.0    7.0
1984  3  4    0.0   26.0    1.0
1984  3  5    0.0   19.0   11.0
1984  3  6    0.0   18.5    0.0
1984  3  7    0.0   25.0    0.0
1984  3  8    0.0   28.0    2.5
1984  3  9    0.0   30.0    6.0
1984  3 10    0.0   28.0    8.0
1984  3 11    0.0   25.0    7.0
1984  3 12    0.0   29.0   10.0
1984  3 13    0.0   28.0    9.0
1984  3 14    0.0   33.0   10.0
1984  3 15    0.0   34.0    0.0
1984  3 16    0.0   33.0   13.5
1984  3 17    0.0   28.0   12.0
1984  3 18    0.0   30.0   12.5
1984  3 19    0.0   28.0    8.5
1984  3 20    0.0   29.0    7.0
1984  3 21    0.0   30.5    8.0
1984  3 22    0.0   29.5   14.5
1984  3 23    0.0   28.0    1.2
1984  3 24    0.0   30.0    0.0
1984  3 25    0.0   21.0    9.0
1984  3 26    0.0   26.5   13.0
1984  3 27    0.0   30.0   13.5
1984  3 28    0.0   27.0   10.0
1984  3 29    0.0   30.0    9.0
1984  3 30    0.0   30.0    9.0
1984  3 31    0.0   31.5    9.0
1984  4  1    0.0   29.0   13.0
1984  4  2    0.0   29.0   13.0
1984  4  3    0.0   28.0    8.5
1984  4  4    0.0   30.0    4.0
1984  4  5    0.0   30.0    9.0
1984  4  6    0.0   29.0   13.5
1984  4  7    0.0   23.0   12.0
1984  4  8    0.0   29.5    8.0
1984  4  9    0.0   31.0   11.5
1984  4 10    0.0   36.0   11.5
1984  4 11    0.0   28.0   13.0
1984  4 12    0.0   33.5   15.0
1984  4 13    0.0   32.0   13.0
1984  4 14    0.0   30.0   12.0
1984  4 15    0.0   28.0   10.0
1984  4 16    0.0   32.0   11.0
1984  4 17    0.0   28.5   12.0
1984  4 18    0.0   28.5   13.5
1984  4 19    0.0   34.0   13.5
1984  4 20    0.0   33.0   18.0
1984  4 21    0.0   28.0   10.5
1984  4 22    0.0   32.0   10.0
1984  4 23    0.0   33.0   12.0
1984  4 24    0.0   34.0   14.5
1984  4 25    0.0   30.5   17.0
1984  4 26    0.0   30.0   16.5
1984  4 27    0.0   33.0   17.5
1984  4 28    0.0   33.5   15.5
1984  4 29    0.0   30.5   12.5
1984  4 30    0.0   34.5   10.0
1984  5  1    0.0   33.0   12.5
1984  5  2    0.0   35.0   16.0
1984  5  3    0.0   36.0   16.0
1984  5  4    0.0   38.0   17.0
1984  5  5    0.0   38.0   17.5
1984  5  6    0.0   32.0   19.0
1984  5  7    0.0   35.5   18.0
1984  5  8    0.0   33.0   18.0
1984  5  9  -99.9   33.0   16.0
1984  5 10    0.0   34.0   16.0
1984  5 11    0.0   37.0   18.0
1984  5 12    0.0   32.0   19.0
1984  5 13    0.0   32.5   20.0
1984  5 14    0.0   33.0   20.0
1984  5 15   16.0   30.0   19.0
1984  5 16    0.0   30.0   16.5
1984  5 17  -99.9   29.5   13.5
1984  5 18    0.0   34.0   13.5
1984  5 19    0.0   34.5   16.0
1984  5 20    0.0   35.5   19.0
1984  5 21    0.0   38.0   20.0
1984  5 22    0.0   39.0   19.0
1984  5 23    5.0   37.5   19.0
1984  5 24    0.0   37.0   22.0
1984  5 25    0.0   38.0   18.5
1984  5 26    0.0   38.5   20.0
1984  5 27    0.0   37.5   22.0
1984  5 28    6.0   32.0   21.5
1984  5 29    0.0   31.0   17.5
1984  5 30    0.0   32.0   18.0
1984  5 31    0.0   35.0   18.5
1984  6  1  -99.9   34.0   21.0
1984  6  2    2.0   31.0   21.5
1984  6  3  -99.9   31.5   17.0
1984  6  4  -99.9   31.0   17.0
1984  6  5    0.0   33.0   18.0
1984  6  6    0.0   36.5   19.5
1984  6  7    0.0   37.5   21.0
1984  6  8    0.0   39.0   20.5
1984  6  9    0.0   38.5   21.0
1984  6 10  -99.9   36.0   23.0
1984  6 11    0.0   37.0   22.5
1984  6 12    0.0   37.5   22.0
1984  6 13    0.0   34.0   22.5
1984  6 14   13.0   33.0   21.0
1984  6 15  -99.9   34.0   19.0
1984  6 16   14.0   34.5   19.5
1984  6 17  -99.9   31.0   17.5
1984  6 18    2.0   31.0   20.5
1984  6 19    4.0   32.0   19.5
1984  6 20    0.5   34.0   18.0
1984  6 21  -99.9   31.5   21.0
1984  6 22  -99.9   32.5   21.0
1984  6 23   10.0   36.0   21.5
1984  6 24    0.0   35.5   18.0
1984  6 25    0.0   34.5   18.0
1984  6 26    0.0   35.0   22.5
1984  6 27    0.0   35.0   23.0
1984  6 28    0.0   36.0   21.0
1984  6 29  -99.9   31.0   19.0
1984  6 30    0.0   31.5   20.5
1984  7  1    0.0   36.0   21.0
1984  7  2    0.0   35.5   20.5
1984  7  3    0.0   35.0   20.0
1984  7  4    0.0   37.5   21.0
1984  7  5    0.0   34.5   20.0
1984  7  6    0.0   34.0   19.5
1984  7  7    0.0   34.5   20.5
1984  7  8    0.0   36.0   21.0
1984  7  9    0.0   36.0   21.0
1984  7 10  -99.9   34.0   21.0
1984  7 11  -99.9   34.0   20.5
1984  7 12    0.0   33.5   21.0
1984  7 13    0.0   32.0   21.0
1984  7 14    0.0   33.0   20.5
1984  7 15    0.0   37.0   18.0
1984  7 16  -99.9   37.0   20.5
1984  7 17    2.0   36.5   22.0
1984  7 18  -99.9   36.5   20.5
1984  7 19    4.0   35.5   21.5
1984  7 20    6.0   33.0   21.0
1984  7 21   10.0   34.0   20.0
1984  7 22  -99.9   33.5   18.0
1984  7 23    0.0   33.0   19.5
1984  7 24    6.0   35.0   18.5
1984  7 25    5.0   24.0   16.5
1984  7 26   14.0   29.5   17.0
1984  7 27    0.0   29.0   17.5
1984  7 28    2.0   33.0   18.5
1984  7 29    0.0   33.0   19.0
1984  7 30    0.0   34.5   19.0
1984  7 31    0.0   36.5   20.0
1984  8  1    0.0   34.5   18.0
1984  8  2    0.0   35.0   20.5
1984  8  3   10.0   37.5   20.0
1984  8  4    9.0   33.0   19.0
1984  8  5    0.0   34.0   20.0
1984  8  6   16.0   33.5   21.5
1984  8  7    2.0   33.5   19.0
1984  8  8    2.0   33.0   19.5
1984  8  9   14.0   28.0   19.5
1984  8 10  -99.9   28.0   18.0
1984  8 11    0.0   30.0   19.5
1984  8 12    0.0   31.5   20.0
1984  8 13    8.0   31.0   18.5
1984  8 14    0.0   25.5   17.5
1984  8 15    9.0   31.0   17.0
1984  8 16  -99.9   28.5   17.0
1984  8 17    1.0   22.5   18.0
1984  8 18  -99.9   29.0   17.5
1984  8 19  -99.9   30.5   18.5
1984  8 20    0.0   28.5   19.0
1984  8 21    0.0   33.5   19.0
1984  8 22    3.0   32.5   20.5
1984  8 23    0.0   30.5   18.0
1984  8 24    3.0   31.5   18.5
1984  8 25    0.0   31.0   19.0
1984  8 26    0.0   33.0   19.0
1984  8 27    0.0   33.5   20.5
1984  8 28    0.0   34.5   20.0
1984  8 29    0.0   35.0   21.0
1984  8 30    0.0   33.5   21.0
1984  8 31  -99.9   33.5   20.5
1984  9  1    0.0   32.5   20.5
1984  9  2    8.0   32.0   19.0
1984  9  3  -99.9   29.5   18.5
1984  9  4    0.0   28.5   19.0
1984  9  5    0.0   29.0   14.5
1984  9  6    0.0   29.0   15.0
1984  9  7    0.0   31.0   16.0
1984  9  8    0.0   35.0   19.0
1984  9  9    0.0   36.0   20.0
1984  9 10    0.0   31.0   20.0
1984  9 11    0.0   34.0   20.5
1984  9 12    0.0   33.0   19.0
1984  9 13    0.0   31.5   18.0
1984  9 14    0.0   34.0   18.5
1984  9 15    0.0   31.5   18.0
1984  9 16    0.0   31.5   19.0
1984  9 17    0.0   27.5   19.0
1984  9 18    0.0   29.0   16.0
1984  9 19    0.0   28.5   15.0
1984  9 20    0.0   28.0   13.0
1984  9 21    0.0   30.0   13.0
1984  9 22    0.0   31.0   13.5
1984  9 23    0.0   31.0   17.0
1984  9 24    2.0   30.0   21.5
1984  9 25    0.0   31.0   21.0
1984  9 26    1.0   24.5   17.0
1984  9 27   12.0   30.5   17.0
1984  9 28   10.0   26.0   17.0
1984  9 29    0.0   21.0   14.5
1984  9 30    0.0   25.5   13.5
1984 10  1    0.0   29.5   15.5
1984 10  2    0.0   21.5   16.0
1984 10  3    0.0   24.0   15.0
1984 10  4    0.0   22.0   14.5
1984 10  5    0.0   27.0   13.5
1984 10  6    0.0   28.0   13.5
1984 10  7    0.0   27.0   14.0
1984 10  8    0.0   27.0   13.5
1984 10  9    0.0   28.0   14.5
1984 10 10  -99.9   26.5   14.5
1984 10 11    8.0   25.5   11.5
1984 10 12  -99.9   28.0   12.0
1984 10 13    0.0   28.0   14.0
1984 10 14    0.0   28.5   15.0
1984 10 15    0.0   29.0   15.0
1984 10 16    0.0   29.0   16.0
1984 10 17    0.0   30.0   16.5
1984 10 18    0.0   30.0   16.0
1984 10 19    0.0   29.5   11.0
1984 10 20    0.0   29.0   12.0
1984 10 21    0.0   28.5   13.0
1984 10 22    0.0   26.0   12.5
1984 10 23  -99.9   25.5   11.0
1984 10 24    6.0   19.5   10.0
1984 10 25    2.0   19.5   10.5
1984 10 26  -99.9   22.0   11.0
1984 10 27    0.0   23.0    7.5
1984 10 28    0.0   25.0    7.5
1984 10 29    0.0   27.0    8.5
1984 10 30    0.0   30.5    9.5
1984 10 31    0.0   31.5   11.0
1984 11  1    0.0   27.5   11.5
1984 11  2    0.0   26.5   10.5
1984 11  3    0.0   29.0   11.0
1984 11  4    0.0   27.0    9.5
1984 11  5    0.0   25.0    8.5
1984 11  6    0.0   26.0    7.5
1984 11  7    0.0   29.0    7.5
1984 11  8    0.0   28.0   13.0
1984 11  9    0.0   28.0   11.5
1984 11 10    0.0   28.0    8.5
1984 11 11    0.0   24.5    6.0
1984 11 12    0.0   26.0    7.5
1984 11 13    0.0   27.0    7.0
1984 11 14    0.0   26.5    9.0
1984 11 15    0.0   24.5    8.0
1984 11 16    0.0   23.0    8.0
1984 11 17    5.0   15.0   10.0
1984 11 18    0.0   18.0    4.5
1984 11 19    0.0   20.0    3.5
1984 11 20    0.0   12.5    3.5
1984 11 21    0.0   15.5    2.0
1984 11 22    0.0   12.5    3.0
1984 11 23    3.0   21.0    3.0
1984 11 24    0.0   14.0    3.5
1984 11 25    0.0   23.0    2.0
1984 11 26    0.0   23.0    5.0
1984 11 27    0.0   13.5   -1.0
1984 11 28    0.0   20.5   -1.5
1984 11 29    0.0   25.0    0.0
1984 11 30    0.0   21.5    2.0
1984 12  1    0.0   25.0    3.5
1984 12  2    0.0   21.0    5.0
1984 12  3    0.0   21.0    3.0
1984 12  4    0.0   21.0    4.0
1984 12  5    0.0   17.0    5.0
1984 12  6    0.0   16.0    2.0
1984 12  7    0.0   19.0    2.0
1984 12  8    0.0   26.0    5.0
1984 12  9    0.0   24.0    8.5
1984 12 10    0.0   25.0    6.0
1984 12 11   22.0   20.0    5.0
1984 12 12    0.0   13.0    8.0
1984 12 13    0.0   15.0    5.0
1984 12 14    0.5   18.0    5.0
1984 12 15    0.0   22.0    6.0
1984 12 16    0.0   21.0    0.0
1984 12 17    0.0   25.0   -3.0
1984 12 18    0.0   23.0    2.0
1984 12 19    0.0   24.0    6.0
1984 12 20    0.0   26.0    9.0
1984 12 21    0.0   24.0   10.0
1984 12 22    0.0   20.0    3.5
1984 12 23    0.0   21.0    6.0
1984 12 24    0.0   26.0    6.0
1984 12 25    0.0   24.0    5.0
1984 12 26    0.0   21.0   10.0
1984 12 27    0.0   23.0   10.0
1984 12 28  -99.9   23.0    9.0
1984 12 29    2.0   22.0   11.0
1984 12 30    8.0   11.0    8.0
1984 12 31    0.0   24.0    4.0
1985  1  1    2.5   28.0    3.0
1985  1  2    8.2   11.0   -2.5
1985  1  3    0.0   12.0    4.0
1985  1  4    0.0   15.5   -8.0
1985  1  5    0.0   19.0   -3.5
1985  1  6    0.0   21.0   -3.0
1985  1  7    0.0   27.0   -2.0
1985  1  8    0.0   23.0   -3.5
1985  1  9    0.0   20.0    5.0
1985  1 10    0.0   22.0    2.0
1985  1 11    2.0   21.0    2.0
1985  1 12   10.5    4.0    2.0
1985  1 13    7.0    2.0   -5.0
1985  1 14   18.0    4.0   -4.0
1985  1 15   12.0   17.0   -2.0
1985  1 16    5.0   15.0   -2.0
1985  1 17    0.0   16.0   -2.0
1985  1 18    0.0   21.0   -3.0
1985  1 19    0.0   22.0   -2.5
1985  1 20    0.0   17.0   -2.0
1985  1 21    0.0   16.0   -5.0
1985  1 22    0.0   22.0   -2.0
1985  1 23    4.5   17.0   -2.0
1985  1 24    0.0   27.0    7.0
1985  1 25    0.0   24.0    6.0
1985  1 26    1.0   17.0    6.5
1985  1 27    0.0   25.0    3.0
1985  1 28    0.0   26.0    1.0
1985  1 29    0.0   25.0    1.0
1985  1 30    0.0   26.0    2.5
1985  1 31    0.0   15.0    5.0
1985  2  1    1.0   12.0    0.0
1985  2  2    0.0   21.0   -6.0
1985  2  3    0.0   20.0    0.0
1985  2  4    0.0   20.0    5.0
1985  2  5    0.0   19.0    4.0
1985  2  6    0.0   21.0   -1.0
1985  2  7    0.0   20.0   -3.0
1985  2  8    0.0   22.0   -1.0
1985  2  9    0.0   21.0    0.0
1985  2 10    0.0   25.0    4.0
1985  2 11    0.0   23.0    2.0
1985  2 12    0.0   23.0    0.0
1985  2 13    0.0   26.0    0.0
1985  2 14    0.0   27.0    3.0
1985  2 15    0.0   25.0    2.0
1985  2 16    0.0   27.0    3.0
1985  2 17    0.0   28.0    5.0
1985  2 18    0.0   26.0    6.0
1985  2 19    0.0   25.0    8.0
1985  2 20    0.0   26.0   10.0
1985  2 21    0.0   25.0   10.0
1985  2 22    0.0   24.0    4.0
1985  2 23    0.0   27.0    3.0
1985  2 24    0.0   24.0    5.0
1985  2 25    0.0   28.0    0.0
1985  2 26    0.0   23.0    0.0
1985  2 27   18.0   21.0    5.0
1985  2 28    0.0  -99.9    6.0
1985  3  1    0.0   24.0    6.0
1985  3  2    0.0   29.0    6.0
1985  3  3    0.0   26.0   10.0
1985  3  4    0.0   25.0    3.5
1985  3  5    0.0   28.0    2.0
1985  3  6    0.0   30.0    4.0
1985  3  7    0.0   31.0    7.0
1985  3  8    0.0   31.0   11.0
1985  3  9    0.0   32.0   11.0
1985  3 10    0.0   31.0   12.0
1985  3 11    0.0   32.0   13.0
1985  3 12    0.0   31.0   12.0
1985  3 13    4.0   23.5   12.0
1985  3 14    0.0   18.0    8.0
1985  3 15    0.0   20.0    7.0
1985  3 16    0.0   22.0    8.0
1985  3 17    0.0   21.0    8.0
1985  3 18    0.0   24.5   12.0
1985  3 19    0.0   26.0   13.0
1985  3 20    0.0   23.0    8.5
1985  3 21    0.0   24.0    7.0
1985  3 22    0.0   26.5    8.5
1985  3 23    0.0   26.0    8.5
1985  3 24    0.0   27.0    9.0
1985  3 25    0.0   30.0   11.0
1985  3 26    0.0   28.0   11.0
1985  3 27    0.0   29.0   14.0
1985  3 28    0.0   24.5   14.0
1985  3 29    0.0   26.0   15.0
1985  3 30    0.0   18.0    5.0
1985  3 31    0.0   21.5    1.0
1985  4  1    0.0   22.0    5.0
1985  4  2    0.0   25.0    6.0
1985  4  3    0.0   28.0    7.0
1985  4  4    0.0   27.0   13.0
1985  4  5    0.0   27.0   12.0
1985  4  6    0.0   27.0   12.0
1985  4  7    8.0   28.0   13.0
1985  4  8   32.0   19.5   13.0
1985  4  9    0.0   19.0   11.0
1985  4 10    0.0   24.0    9.0
1985  4 11    0.0   27.0   11.0
1985  4 12    0.0   27.0   13.0
1985  4 13   10.0   27.0   15.0
1985  4 14    0.0   24.0   12.0
1985  4 15    0.0   28.0   12.5
1985  4 16    0.0   29.0   14.0
1985  4 17    0.5   29.0   15.0
1985  4 18    0.0   29.0   16.0
1985  4 19    0.0   30.0   17.0
1985  4 20    0.0   30.0   16.0
1985  4 21    0.0   30.0   17.0
1985  4 22    0.0   29.0   15.0
1985  4 23    0.0   26.0   14.0
1985  4 24    0.0   28.0   13.0
1985  4 25    0.0   28.0   15.0
1985  4 26    0.0   25.0   15.0
1985  4 27    0.0   27.0   11.0
1985  4 28    0.0   27.0   13.0
1985  4 29    0.0   27.0   11.0
1985  4 30    0.0  -99.9   12.0
1985  5  1    2.0   29.5   15.0
1985  5  2    8.0   27.5   15.0
1985  5  3    0.0   27.0   13.0
1985  5  4    0.0   29.0   15.0
1985  5  5    0.0   30.5   18.0
1985  5  6    0.0   30.5   17.0
1985  5  7    0.0   32.0   17.5
1985  5  8    0.0   34.0   19.0
1985  5  9    0.0   34.0   19.5
1985  5 10    0.0   32.0   20.0
1985  5 11    0.0   31.0   19.0
1985  5 12    0.0   31.5   17.0
1985  5 13    0.0   31.5   16.0
1985  5 14    0.0   29.0   14.0
1985  5 15    0.0   31.5   15.0
1985  5 16    0.0   33.0   20.0
1985  5 17    0.0   30.0   18.0
1985  5 18    0.0   30.0   16.0
1985  5 19    0.0   31.5   17.5
1985  5 20    0.0   32.0   19.0
1985  5 21    0.0   32.0   18.5
1985  5 22    0.0   31.5   19.0
1985  5 23    0.0   32.0   18.0
1985  5 24    0.0   33.0   21.5
1985  5 25    0.0   32.0   20.0
1985  5 26    0.0   31.0   18.5
1985  5 27    0.0   34.5   19.0
1985  5 28    0.0   35.0   20.5
1985  5 29    0.0   35.5   20.0
1985  5 30    0.0   34.0   21.0
1985  5 31    0.0   35.0   21.5
1985  6  1    0.0   34.5   20.0
1985  6  2    0.0   35.0   20.0
1985  6  3    0.0   34.5   23.0
1985  6  4    0.0   33.0   19.0
1985  6  5    0.0   31.0   17.0
1985  6  6    0.0   35.0   17.5
1985  6  7    0.0   34.5   19.5
1985  6  8    0.0   35.0   21.0
1985  6  9    0.0   36.5   21.0
1985  6 10    2.0   35.0   17.5
1985  6 11    0.0   35.5   13.0
1985  6 12    0.0   34.0   22.0
1985  6 13    0.0   31.0   18.5
1985  6 14    0.0   40.0   20.5
1985  6 15    0.0   41.0   22.0
1985  6 16    0.0   35.5   22.0
1985  6 17    0.0   35.0   22.0
1985  6 18    4.0   33.5   14.0
1985  6 19    0.0   29.0   18.0
1985  6 20    0.0   31.0   19.0
1985  6 21    0.0   33.0   21.5
1985  6 22    3.0   34.0   24.0
1985  6 23   10.5   31.5   21.0
1985  6 24    2.0   30.0   19.5
1985  6 25    9.0   26.5   20.0
1985  6 26    0.0   31.0   19.0
1985  6 27    0.0   30.5   19.5
1985  6 28    0.0   28.5   18.0
1985  6 29    0.0   30.5   17.5
1985  6 30    0.0  -99.9   18.0
1985  7  1    0.0   34.0   18.0
1985  7  2    0.0   33.5   20.5
1985  7  3    0.0   31.5   23.0
1985  7  4    0.0   32.0   20.0
1985  7  5    0.0   34.0   20.0
1985  7  6    0.0   34.5   22.5
1985  7  7    0.0   32.5   21.5
1985  7  8    0.0   31.0   21.0
1985  7  9    0.0   33.0   20.0
1985  7 10    0.0   34.5   23.0
1985  7 11    3.0   33.0   18.5
1985  7 12    0.0   31.5   18.0
1985  7 13    0.0   33.0   20.5
1985  7 14    0.0   34.0   22.0
1985  7 15    4.0   34.0   22.0
1985  7 16    0.0   30.0   18.5
1985  7 17    0.0   32.0   20.5
1985  7 18    0.0   30.0   22.0
1985  7 19    4.0   32.0   20.0
1985  7 20   60.5   30.0   20.0
1985  7 21   20.0   26.5   17.5
1985  7 22   25.0   29.0   18.5
1985  7 23    0.5   28.0   18.0
1985  7 24    2.6   32.0   19.0
1985  7 25   22.8   31.0   18.0
1985  7 26   29.0   27.0   16.0
1985  7 27    0.0   21.0   18.0
1985  7 28    0.0   31.0   18.0
1985  7 29    0.0   31.0   19.0
1985  7 30    0.0   31.0   19.0
1985  7 31    0.0   31.0   20.0
1985  8  1    0.0   32.0   19.0
1985  8  2    0.0   32.0   18.0
1985  8  3    0.0   32.5   22.0
1985  8  4    0.0   33.0   21.0
1985  8  5    0.0   33.0   21.5
1985  8  6    0.0   34.0   22.0
1985  8  7    0.0   34.0   22.0
1985  8  8    0.0   33.0   22.0
1985  8  9    4.0   33.0   21.5
1985  8 10    0.0   31.0   20.0
1985  8 11   20.0   28.0   20.0
1985  8 12   11.0   27.5   18.0
1985  8 13    0.0   30.0   19.0
1985  8 14    0.0   31.0   20.0
1985  8 15    1.5   31.0   21.0
1985  8 16    7.0   28.0   21.5
1985  8 17    1.5   27.0   19.0
1985  8 18    7.5   29.0   20.0
1985  8 19    0.0   30.0   18.0
1985  8 20    0.0   31.5   18.5
1985  8 21    0.0   35.0   20.0
1985  8 22    0.0   32.5   19.5
1985  8 23    0.0   33.5   20.5
1985  8 24    0.0   32.0   21.0
1985  8 25    0.0   30.5   21.0
1985  8 26    0.0   32.0   20.5
1985  8 27    0.0   32.0   20.0
1985  8 28    0.0   31.0   21.0
1985  8 29    0.0   30.0   18.5
1985  8 30    0.0   30.0   17.5
1985  8 31    0.0   30.5   18.0
1985  9  1    6.0   32.5   18.0
1985  9  2    2.0   30.0   19.5
1985  9  3    2.0   31.0   20.0
1985  9  4    0.0   29.5   18.5
1985  9  5    1.0   23.5   19.5
1985  9  6    0.0   29.0   16.5
1985  9  7    5.0   31.0   18.0
1985  9  8    1.0   27.5   19.0
1985  9  9    0.0   28.5   19.0
1985  9 10    6.0   28.0   18.5
1985  9 11    4.0   28.0   18.0
1985  9 12    0.0   28.5   18.3
1985  9 13    0.0   26.5   18.5
1985  9 14   16.0   23.0   18.0
1985  9 15    1.0   26.0   16.5
1985  9 16    0.0   28.0   18.0
1985  9 17    0.0   28.0   19.0
1985  9 18    0.0   29.5   18.0
1985  9 19    3.0   26.5   18.5
1985  9 20   50.0   28.5   18.0
1985  9 21    0.0   27.0   17.0
1985  9 22    0.0   29.0   17.0
1985  9 23    0.0   28.0   18.0
1985  9 24    0.0   28.5   13.0
1985  9 25    0.0   29.0   13.5
1985  9 26    3.0   28.0   16.5
1985  9 27    4.0   28.0   16.5
1985  9 28    4.0   24.0   17.0
1985  9 29    3.8   23.0   13.5
1985  9 30    0.0  -99.9   12.0
1985 10  1    0.0   20.0   13.0
1985 10  2    0.0   23.5   13.0
1985 10  3    0.0   26.0   12.5
1985 10  4    0.0   27.0   14.0
1985 10  5    0.0   24.5   12.5
1985 10  6    0.0   29.0   14.0
1985 10  7    0.0   30.0   14.0
1985 10  8    4.0   25.5   17.0
1985 10  9   15.0   25.5   17.0
1985 10 10    0.0   26.0   14.0
1985 10 11    0.0   27.0   14.5
1985 10 12    0.0   26.0   13.0
1985 10 13    0.0   28.0   14.0
1985 10 14    0.0   25.0   12.0
1985 10 15    0.0   22.0   13.0
1985 10 16   26.0   22.0   15.0
1985 10 17    1.0   23.5   12.5
1985 10 18    0.0   22.0   10.0
1985 10 19    0.0   21.5   11.0
1985 10 20    0.0   22.0   15.0
1985 10 21    0.0   24.0   13.5
1985 10 22    0.0   24.5   11.5
1985 10 23    0.0   23.5   10.5
1985 10 24    0.0   24.0   11.0
1985 10 25    0.0   24.0   10.5
1985 10 26    0.0   25.0   11.0
1985 10 27    0.0   23.5   12.0
1985 10 28    0.0   23.0   11.0
1985 10 29    0.0   24.5   11.5
1985 10 30    0.0   22.0   12.0
1985 10 31    0.0   24.5    9.5
1985 11  1    0.0   16.0   10.0
1985 11  2    0.0   15.0    7.0
1985 11  3    0.0   18.0    5.0
1985 11  4    0.0   20.5    6.0
1985 11  5    0.0   23.0    6.0
1985 11  6    0.0   23.0    8.0
1985 11  7    0.0   23.0    8.0
1985 11  8    0.0   26.5    7.0
1985 11  9    0.0   27.0    8.0
1985 11 10    0.0   27.0    5.0
1985 11 11    0.0   27.0    9.0
1985 11 12    0.0   25.0   13.0
1985 11 13    0.0   23.0   14.5
1985 11 14    0.0   22.0   14.0
1985 11 15    0.0   21.0    5.0
1985 11 16    0.0   20.5    4.0
1985 11 17    0.0   26.0    7.0
1985 11 18    0.0   26.0    8.0
1985 11 19    0.0   22.0   10.0
1985 11 20    0.0   24.0    7.0
1985 11 21    0.0   23.0    4.0
1985 11 22    0.0   22.0    5.0
1985 11 23    0.0   24.0    8.0
1985 11 24    0.0   23.5    8.0
1985 11 25    0.0   21.0    7.0
1985 11 26    5.0   13.5   11.0
1985 11 27    0.0   21.5    3.0
1985 11 28    0.0   23.0    2.0
1985 11 29    0.0   18.0    3.0
1985 11 30    0.0  -99.9    9.0
1985 12  1    0.0   21.0    4.0
1985 12  2    0.0   23.0    2.5
1985 12  3    0.0   23.5    3.0
1985 12  4    0.0   22.0    2.0
1985 12  5    0.0   22.0    1.0
1985 12  6    0.0   21.0    2.0
1985 12  7    0.0   24.0    5.0
1985 12  8    0.0   26.0    4.0
1985 12  9    0.0   23.5    6.0
1985 12 10    0.0   21.5    7.0
1985 12 11    0.0   22.0    6.0
1985 12 12    0.0   21.0    9.0
1985 12 13    0.0   13.0   -4.0
1985 12 14    0.0   17.0   -5.0
1985 12 15    0.0   17.0   -2.5
1985 12 16    2.0   14.5   -2.0
1985 12 17    0.0   14.0    0.0
1985 12 18    0.0   17.0   -2.0
1985 12 19    0.0   19.0   -2.0
1985 12 20    0.0   19.0    0.0
1985 12 21    0.0   21.0    0.0
1985 12 22    0.0   21.0    2.0
1985 12 23    0.0   21.0    0.0
1985 12 24    0.0   19.0    2.0
1985 12 25    0.0   18.0   -1.5
1985 12 26    0.0   22.0   -1.0
1985 12 27    0.0   23.0    1.0
1985 12 28    0.0   22.0    1.0
1985 12 29    0.0   24.0    1.0
1985 12 30    0.0   24.0    2.0
1985 12 31    0.0   23.0    4.0
1986  1  1    0.0   23.0    8.0
1986  1  2    0.0   23.5    4.0
1986  1  3    0.0   24.0    4.0
1986  1  4    0.0   20.0    5.0
1986  1  5    0.0   18.0    0.0
1986  1  6    0.0   22.0    0.0
1986  1  7    2.0    6.0    3.0
1986  1  8    0.5    3.0   -4.0
1986  1  9    0.0   12.0   -4.0
1986  1 10    0.0   16.0   -5.0
1986  1 11    0.0   18.0   -4.0
1986  1 12    0.0   20.0   -4.5
1986  1 13    0.0   17.0   -4.0
1986  1 14    0.0   13.0   -2.0
1986  1 15    8.0   20.0    0.0
1986  1 16    2.0   19.0    2.0
1986  1 17    0.0   22.0    0.0
1986  1 18    0.0   21.0    0.0
1986  1 19    0.0   26.0    0.5
1986  1 20    0.0   25.0    3.0
1986  1 21    0.0   25.0    2.0
1986  1 22    0.0   25.0    2.0
1986  1 23    0.0   26.0    2.0
1986  1 24    0.0   26.0    4.0
1986  1 25    0.0   25.0    3.0
1986  1 26    0.0   23.0    0.0
1986  1 27    0.0   24.0    0.0
1986  1 28    0.0   28.0    2.0
1986  1 29    0.0   28.0    4.0
1986  1 30    0.0   27.0    2.0
1986  1 31    0.0   23.5    4.0
1986  2  1    0.0   19.0    6.0
1986  2  2    2.0   14.5    9.0
1986  2  3    0.0   26.0    7.0
1986  2  4    0.0   22.0    4.0
1986  2  5    0.0   21.0    0.0
1986  2  6    0.0   24.0    0.0
1986  2  7    0.0   24.0    3.0
1986  2  8    0.0   25.0    1.0
1986  2  9    0.0   19.0    7.0
1986  2 10    0.0   22.0    2.0
1986  2 11    0.0   23.0   -1.0
1986  2 12    0.0   23.0   -1.0
1986  2 13    0.0   24.0    0.0
1986  2 14    0.0   27.0    0.0
1986  2 15    0.0   28.0    1.0
1986  2 16    0.0   28.0    9.0
1986  2 17    0.0   30.0    6.0
1986  2 18    0.0   32.0    6.0
1986  2 19    0.0   31.0    7.0
1986  2 20    0.0   32.0    6.0
1986  2 21    0.0   22.0    4.0
1986  2 22    0.0   25.0    4.0
1986  2 23    0.0   27.0    1.0
1986  2 24    0.0   30.0    1.5
1986  2 25    0.0   30.0    3.0
1986  2 26    0.0   30.0    4.0
1986  2 27    0.0   27.0    3.0
1986  2 28    0.0  -99.9    5.0
1986  3  1    0.0   29.0    5.0
1986  3  2    0.0   25.0    9.0
1986  3  3    0.0   27.0    4.5
1986  3  4    7.0   26.0    5.0
1986  3  5    0.0   25.0    6.0
1986  3  6    0.0   27.0    4.0
1986  3  7    0.0   27.0    5.0
1986  3  8    0.0   28.0    6.0
1986  3  9    0.0   30.0   12.0
1986  3 10    0.0   29.0   11.0
1986  3 11    0.0   24.0   11.0
1986  3 12    0.0   24.0    4.0
1986  3 13    0.0   26.0    5.0
1986  3 14    0.0   23.0    6.0
1986  3 15    0.0   26.0    5.0
1986  3 16    0.0   30.0    4.0
1986  3 17    0.0   24.0    8.0
1986  3 18    0.0   24.0    3.0
1986  3 19    0.0   16.0    3.0
1986  3 20    0.0   22.0   -1.0
1986  3 21    0.0   23.0   -0.5
1986  3 22    0.0   26.0   -1.0
1986  3 23    0.0   28.0    1.0
1986  3 24    0.0   27.0    4.0
1986  3 25    0.0   27.0    5.0
1986  3 26    0.0   28.0    7.0
1986  3 27    0.0   29.0    9.0
1986  3 28    0.0   26.0   11.0
1986  3 29    0.0   29.0   10.0
1986  3 30    0.0   30.0    8.0
1986  3 31    0.0   31.0   10.0
1986  4  1    0.0   31.0   12.0
1986  4  2    0.0   30.0   13.0
1986  4  3    0.0   29.0   12.0
1986  4  4    0.0   29.0   14.0
1986  4  5    0.0   30.0   10.0
1986  4  6    0.0   31.0   11.0
1986  4  7    0.0   31.0   13.0
1986  4  8    0.0   32.0   13.0
1986  4  9    0.0   32.0   14.0
1986  4 10    0.0   32.0   13.0
1986  4 11    0.0   30.0   14.0
1986  4 12    0.0   31.0   16.0
1986  4 13    0.0   32.0   15.0
1986  4 14    0.0   30.0   16.0
1986  4 15    0.0   29.5   15.0
1986  4 16    0.0   31.0   15.0
1986  4 17    0.0   30.0   16.0
1986  4 18    0.0   30.0   13.0
1986  4 19    0.0   26.0   13.0
1986  4 20    0.0   28.0    9.0
1986  4 21    0.0   30.0   11.0
1986  4 22    0.0   31.0   11.0
1986  4 23    0.0   31.0   14.5
1986  4 24    0.0   30.0   15.0
1986  4 25    0.0   29.0   16.0
1986  4 26    0.0   30.0   17.0
1986  4 27    0.0   29.0   14.0
1986  4 28    5.0   29.0   16.0
1986  4 29    0.0   27.0   15.0
1986  4 30    0.0  -99.9   14.0
1986  5  1    0.0   31.5   15.0
1986  5  2    0.0   31.0   18.5
1986  5  3   14.0   30.0   17.0
1986  5  4    0.0   29.0   16.0
1986  5  5    0.0   31.0   17.0
1986  5  6    0.0   32.0   16.0
1986  5  7    0.0   30.0   18.0
1986  5  8    0.0   27.0   14.5
1986  5  9    0.0   29.0   10.0
1986  5 10    0.0   30.0   11.0
1986  5 11    0.0   28.5   13.0
1986  5 12    0.0   31.5   20.0
1986  5 13    0.0   30.0   20.5
1986  5 14    0.0   33.0   17.5
1986  5 15    0.0   31.0   15.0
1986  5 16    0.0   32.0   17.0
1986  5 17    0.0   32.5   16.0
1986  5 18    0.0   24.5   11.5
1986  5 19    0.0   29.0   12.0
1986  5 20    0.0   31.5   15.0
1986  5 21    0.0   24.0   16.0
1986  5 22    0.0   33.0   19.0
1986  5 23    0.0   33.0   18.0
1986  5 24    0.0   34.0   19.0
1986  5 25    8.0   34.0   19.5
1986  5 26    0.0   32.0   18.0
1986  5 27    2.0   30.5   18.5
1986  5 28   18.0   28.0   16.0
1986  5 29   15.5   28.5   15.0
1986  5 30    0.0   28.5   13.5
1986  5 31    1.0   29.0   16.0
1986  6  1    1.0   29.0   16.0
1986  6  2    1.0   29.0   16.0
1986  6  3    0.0   29.0   16.0
1986  6  4    0.0   31.0   19.0
1986  6  5    2.0   32.0   20.0
1986  6  6    0.0   31.0   19.0
1986  6  7    0.0   32.0   19.0
1986  6  8    0.0   32.5   20.0
1986  6  9    0.0   34.0   20.5
1986  6 10    0.0   33.0   20.0
1986  6 11    2.0   33.5   20.5
1986  6 12    0.0   32.0   20.0
1986  6 13    0.0   33.0   20.0
1986  6 14    0.0   34.0   20.0
1986  6 15    0.0   35.0   20.0
1986  6 16    0.0   35.0   20.0
1986  6 17   18.0   34.0   21.0
1986  6 18    2.0   28.5   18.0
1986  6 19    0.0   30.0   19.0
1986  6 20    0.0   32.0   18.0
1986  6 21    0.0   32.0   20.0
1986  6 22    8.0   31.5   18.0
1986  6 23   26.0   26.0   17.0
1986  6 24   18.0   25.0   17.0
1986  6 25    6.0   26.5   16.0
1986  6 26    0.0   28.0   17.0
1986  6 27    0.0   30.0   18.0
1986  6 28   16.0   32.0   21.0
1986  6 29    2.0   31.0   19.5
1986  6 30    0.0  -99.9   19.0
1986  7  1   18.0   31.0   21.0
1986  7  2    0.0   26.5   17.0
1986  7  3    5.5   29.0   18.0
1986  7  4    4.0   31.0   19.0
1986  7  5    0.0   26.0   19.0
1986  7  6    0.0   28.0   20.5
1986  7  7    0.0   29.0   19.5
1986  7  8    0.0   30.0   19.0
1986  7  9   22.0   29.0   20.5
1986  7 10    0.0   28.0   17.0
1986  7 11    0.0   28.0   17.0
1986  7 12    0.0   29.5   17.5
1986  7 13    1.0   30.0   19.0
1986  7 14   13.5   24.0   18.0
1986  7 15    4.5   25.0   18.0
1986  7 16    0.0   28.0   16.0
1986  7 17   10.5   28.0   17.0
1986  7 18    1.0   25.0   16.0
1986  7 19    0.0   24.0   18.0
1986  7 20    0.0   28.0   17.0
1986  7 21    0.0   29.0   15.0
1986  7 22    0.0   29.0   17.0
1986  7 23    0.0   29.0   18.0
1986  7 24    0.0   30.0   19.0
1986  7 25    3.0   32.5   20.0
1986  7 26   19.0   33.0   19.0
1986  7 27    0.0   33.5   20.0
1986  7 28    0.0   33.5   20.0
1986  7 29    0.0   34.0   20.0
1986  7 30    0.0   34.0   20.0
1986  7 31    0.0   32.5   20.0
1986  8  1    6.0   32.0   23.0
1986  8  2    2.5   33.0   21.0
1986  8  3    0.0   32.0   18.0
1986  8  4    0.0   35.0   22.0
1986  8  5    0.0   35.0   22.0
1986  8  6    0.0   34.0   21.0
1986  8  7    0.0   35.0   22.0
1986  8  8   35.0   33.0   22.0
1986  8  9    2.0   29.0   18.0
1986  8 10   13.5   29.0   19.0
1986  8 11    0.0   28.0   17.0
1986  8 12    0.0   29.5   19.0
1986  8 13   13.0   30.0   21.0
1986  8 14    2.0   30.0   18.5
1986  8 15    0.0   30.0   18.5
1986  8 16    0.0   31.0   20.0
1986  8 17   16.0   32.0   19.0
1986  8 18   14.5   28.0   19.0
1986  8 19    0.0   29.0   17.0
1986  8 20    0.0   31.0   17.5
1986  8 21    0.0   34.0   19.0
1986  8 22    2.0   25.5   20.0
1986  8 23    6.0   22.0   17.0
1986  8 24    0.0   24.0   15.0
1986  8 25   13.0   25.0   18.5
1986  8 26    5.0   26.5   17.0
1986  8 27    9.0   26.0   18.0
1986  8 28    7.0   23.5   17.0
1986  8 29   29.0   24.0   18.0
1986  8 30   19.0   24.5   17.0
1986  8 31    1.8   27.0   17.0
1986  9  1    0.0   28.0   18.0
1986  9  2   51.0   25.5   18.0
1986  9  3    3.0   26.0   16.5
1986  9  4    0.0   25.5   17.0
1986  9  5    0.0   27.0   17.0
1986  9  6    0.0   28.0   17.0
1986  9  7    5.0   25.5   19.0
1986  9  8    3.0   23.0   17.0
1986  9  9   28.0   26.0   16.5
1986  9 10    0.0   27.0   16.0
1986  9 11    0.0   26.0   15.5
1986  9 12   13.0   27.0   16.0
1986  9 13    8.0   26.0   17.0
1986  9 14    4.0   26.0   16.0
1986  9 15    1.0   26.0   16.0
1986  9 16    0.0   28.5   17.0
1986  9 17    9.0   27.0   18.0
1986  9 18    0.0   28.0   16.5
1986  9 19    0.0   28.5   15.5
1986  9 20    0.0   29.0   16.0
1986  9 21    0.0   28.0   18.0
1986  9 22    2.0   27.0   18.0
1986  9 23    0.0   27.0   18.0
1986  9 24    0.0   27.5   17.5
1986  9 25    0.0   28.0   15.0
1986  9 26    0.0   29.0   16.0
1986  9 27    0.0   29.5   14.5
1986  9 28    0.0   30.0   19.0
1986  9 29    0.0   32.0   16.5
1986  9 30    0.0  -99.9   15.0
1986 10  1    0.0   27.5   15.5
1986 10  2    8.0   21.5   16.0
1986 10  3    0.0   28.5   15.0
1986 10  4   50.0   28.5   15.5
1986 10  5    0.0   28.5   15.5
1986 10  6    0.0   20.5   15.0
1986 10  7    0.0   23.5   14.0
1986 10  8    1.0   27.0   14.0
1986 10  9    5.0   23.0   14.5
1986 10 10    0.0   27.5   15.0
1986 10 11    0.0   27.0   15.5
1986 10 12    0.0   27.0   11.0
1986 10 13    0.0   27.0    9.0
1986 10 14    0.0   23.5    9.5
1986 10 15    0.0   22.0   10.5
1986 10 16    0.0   24.0   11.0
1986 10 17    0.0   27.0   11.0
1986 10 18    0.0   27.0   13.0
1986 10 19    6.0   26.0   14.0
1986 10 20    1.0   22.0   13.0
1986 10 21    0.0   23.0   13.0
1986 10 22    1.0   23.0   14.0
1986 10 23    0.0   24.0   13.5
1986 10 24    0.0   22.5   11.0
1986 10 25    0.0   22.5   10.0
1986 10 26    0.0   23.0    9.0
1986 10 27    0.0   24.0    9.0
1986 10 28    0.0   25.0    8.0
1986 10 29    0.0   21.0    7.5
1986 10 30    0.0   25.0    6.0
1986 10 31    0.0   27.0    9.0
1986 11  1    0.0   26.0    9.0
1986 11  2    0.0   24.0   11.0
1986 11  3    0.0   25.0   10.0
1986 11  4    0.0   19.0    5.0
1986 11  5    0.0   19.0    4.0
1986 11  6    0.0   24.0    5.0
1986 11  7    0.0   24.0    5.0
1986 11  8    0.0   27.0    5.0
1986 11  9    0.0   24.0    6.0
1986 11 10    0.0   24.0    8.0
1986 11 11    0.0   23.0   10.0
1986 11 12    2.0   22.0    9.0
1986 11 13    1.0   21.0    4.0
1986 11 14    0.0   19.0    3.0
1986 11 15    0.0   21.0    5.0
1986 11 16    0.0   22.0    6.0
1986 11 17    4.0   25.0   13.0
1986 11 18    0.0   28.0    7.0
1986 11 19    0.0   26.0   11.0
1986 11 20    0.0   26.0    7.0
1986 11 21    0.0   25.0    8.0
1986 11 22    0.0   25.0    6.0
1986 11 23   11.0   16.5    8.0
1986 11 24    0.0    7.0    0.0
1986 11 25    0.0   16.0   -2.0
1986 11 26    0.0   17.0   -1.0
1986 11 27    0.0   14.0   -1.0
1986 11 28    0.0   18.0   -0.5
1986 11 29    0.0   22.0    1.0
1986 11 30    0.0  -99.9    3.0
1986 12  1    0.0   16.5   -2.0
1986 12  2    0.0   19.0   -2.0
1986 12  3    0.0   17.0   -1.0
1986 12  4    0.0   20.0   -1.0
1986 12  5    0.0   15.0    2.0
1986 12  6    0.0   18.0    5.0
1986 12  7    0.0   23.0    5.0
1986 12  8    0.0   19.0    9.0
1986 12  9    0.0   20.0    5.0
1986 12 10    0.0   16.0    4.0
1986 12 11    0.0    9.5   -1.0
1986 12 12    0.0   13.0   -5.0
1986 12 13    2.0   12.5   -5.0
1986 12 14    0.0   15.5    5.0
1986 12 15    2.0   13.0    7.0
1986 12 16    2.0   13.0    7.0
1986 12 17    3.0   20.0    6.0
1986 12 18    0.0   22.0    3.0
1986 12 19    0.0   14.0    1.0
1986 12 20    3.0   13.0    3.0
1986 12 21   26.5    9.0    4.0
1986 12 22    1.0    6.0    1.0
1986 12 23    0.0   12.5   -1.0
1986 12 24    0.0   16.0   -1.5
1986 12 25    0.0   15.0   -1.0
1986 12 26    0.0   12.0   -2.0
1986 12 27    0.0   13.0   -1.5
1986 12 28    3.0    4.0    0.0
1986 12 29    4.0    8.0    3.0
1986 12 30    0.0   15.0    2.0
1986 12 31    0.0   16.5   -2.0
1987  1  1    0.0   17.0   -2.0
1987  1  2    0.0   21.0    0.0
1987  1  3    0.0   16.0    1.0
1987  1  4    0.0   20.0   -1.0
1987  1  5    0.0   23.0    4.0
1987  1  6    0.0   24.0    3.0
1987  1  7    0.0   19.5    2.0
1987  1  8    0.0   22.0    3.0
1987  1  9    0.0   13.0   -1.0
1987  1 10    0.0   14.0   -2.5
1987  1 11    0.0   14.0   -4.0
1987  1 12    0.0   12.0   -1.0
1987  1 13    0.0   18.0    2.0
1987  1 14    0.0   20.0    1.0
1987  1 15    0.0   21.0    1.0
1987  1 16    0.0   20.0    1.0
1987  1 17    1.0   14.0    3.0
1987  1 18    0.0    8.0   -5.0
1987  1 19    0.0   13.0   -7.0
1987  1 20    0.3   12.0   -6.0
1987  1 21    0.0   13.0   -1.5
1987  1 22    0.0   15.0   -5.0
1987  1 23    0.0   19.0   -5.0
1987  1 24    0.0   23.0   -1.0
1987  1 25    0.0   21.0   -1.0
1987  1 26    0.0   24.0    0.0
1987  1 27    0.0   24.0    0.0
1987  1 28    0.0   28.0   -1.0
1987  1 29    0.0   27.0    0.0
1987  1 30    0.0   23.0    6.0
1987  1 31    0.0   26.5    5.0
1987  2  1    0.0   23.0    1.0
1987  2  2    0.0   26.0    1.0
1987  2  3    0.0   27.0    1.0
1987  2  4    0.0   24.0    3.0
1987  2  5    0.0   18.0    5.0
1987  2  6    0.0   18.0    1.5
1987  2  7    0.0   19.0   -3.0
1987  2  8    0.0   20.0    0.0
1987  2  9    0.0   22.0    2.0
1987  2 10    0.0   26.0    2.0
1987  2 11    0.0   24.0    5.0
1987  2 12    0.0   23.0    8.0
1987  2 13    0.0   23.5    8.0
1987  2 14    0.0   23.0   11.0
1987  2 15    0.0   21.0    6.0
1987  2 16    0.0   20.0    6.0
1987  2 17    0.0   16.0    3.0
1987  2 18    0.0   19.5    2.0
1987  2 19    0.0   18.0    2.0
1987  2 20    0.0   15.0    0.0
1987  2 21    0.0   15.0    0.0
1987  2 22    0.0   13.0   -1.0
1987  2 23    0.0   17.0    0.0
1987  2 24    0.0   18.0    2.0
1987  2 25    0.0   16.0    4.0
1987  2 26    0.0   14.0    7.0
1987  2 27    0.0   11.0    4.0
1987  2 28    0.0  -99.9   -3.0
1987  3  1    0.0   19.0    2.0
1987  3  2    0.0   21.0    2.0
1987  3  3    0.0   21.0    3.0
1987  3  4    0.0   19.0    5.0
1987  3  5    0.0   20.0    4.0
1987  3  6    0.0   23.0    3.0
1987  3  7    0.0   24.0    5.0
1987  3  8    0.0   24.0    5.0
1987  3  9    0.0   23.0    9.0
1987  3 10    0.0   24.0    8.0
1987  3 11    0.0   21.0    5.0
1987  3 12    0.0   23.0    5.0
1987  3 13    0.0   25.0    6.0
1987  3 14    0.0   26.0    7.0
1987  3 15    0.0   25.0   10.0
1987  3 16    0.0   18.0   10.0
1987  3 17    0.0   20.0    4.0
1987  3 18    0.0   21.0    5.0
1987  3 19    0.0   24.0    4.0
1987  3 20    0.0   25.0    9.0
1987  3 21    0.0   23.0    9.0
1987  3 22    0.0   23.0   13.0
1987  3 23    0.0   22.0    4.0
1987  3 24    0.0   22.0    2.0
1987  3 25    0.0   22.0    4.0
1987  3 26    0.0   20.0    5.0
1987  3 27    0.0   23.0    5.0
1987  3 28    0.0   24.0    6.0
1987  3 29    0.0   19.0    6.0
1987  3 30    0.0   14.0   -2.0
1987  3 31    0.0   21.0   -1.0
1987  4  1    0.0   26.0    4.0
1987  4  2    0.0   24.0    5.0
1987  4  3    0.0   23.0    5.0
1987  4  4    0.0   26.0    7.0
1987  4  5    0.0   26.5    8.0
1987  4  6   14.0   23.0    9.0
1987  4  7    0.0   20.0    8.0
1987  4  8    0.0   21.0    7.0
1987  4  9    0.0   28.0    8.0
1987  4 10    0.0   29.0   11.0
1987  4 11    0.0   31.0   12.0
1987  4 12    0.0   30.0   15.0
1987  4 13    0.0   29.0   13.0
1987  4 14    0.0   30.0   10.0
1987  4 15    0.0   32.0   11.0
1987  4 16    0.0   33.0   13.0
1987  4 17    0.0   34.0   15.0
1987  4 18    0.0   33.0   17.0
1987  4 19    0.0   30.0   12.0
1987  4 20    7.0   28.0   17.0
1987  4 21   14.0   20.0   14.0
1987  4 22    0.5   17.0    9.0
1987  4 23    0.0   20.0    8.0
1987  4 24    2.5   24.0   11.0
1987  4 25    0.0   25.0   11.0
1987  4 26   26.0   26.0   12.0
1987  4 27    5.0   26.0   11.0
1987  4 28    0.0   23.0   12.0
1987  4 29    7.0   24.0   11.0
1987  4 30    0.0  -99.9   12.0
1987  5  1  -99.9  -99.9  -99.9
1987  5  2  -99.9  -99.9  -99.9
1987  5  3  -99.9  -99.9  -99.9
1987  5  4  -99.9  -99.9  -99.9
1987  5  5  -99.9  -99.9  -99.9
1987  5  6  -99.9  -99.9  -99.9
1987  5  7  -99.9  -99.9  -99.9
1987  5  8  -99.9  -99.9  -99.9
1987  5  9  -99.9  -99.9  -99.9
1987  5 10  -99.9  -99.9  -99.9
1987  5 11  -99.9  -99.9  -99.9
1987  5 12  -99.9  -99.9  -99.9
1987  5 13  -99.9  -99.9  -99.9
1987  5 14  -99.9  -99.9  -99.9
1987  5 15  -99.9  -99.9  -99.9
1987  5 16  -99.9  -99.9  -99.9
1987  5 17  -99.9  -99.9  -99.9
1987  5 18  -99.9  -99.9  -99.9
1987  5 19  -99.9  -99.9  -99.9
1987  5 20  -99.9  -99.9  -99.9
1987  5 21  -99.9  -99.9  -99.9
1987  5 22  -99.9  -99.9  -99.9
1987  5 23  -99.9  -99.9  -99.9
1987  5 24  -99.9  -99.9  -99.9
1987  5 25  -99.9  -99.9  -99.9
1987  5 26  -99.9  -99.9  -99.9
1987  5 27  -99.9  -99.9  -99.9
1987  5 28  -99.9  -99.9  -99.9
1987  5 29  -99.9  -99.9  -99.9
1987  5 30  -99.9  -99.9  -99.9
1987  5 31  -99.9  -99.9  -99.9
1987  6  1  -99.9  -99.9  -99.9
1987  6  2  -99.9  -99.9  -99.9
1987  6  3  -99.9  -99.9  -99.9
1987  6  4  -99.9  -99.9  -99.9
1987  6  5  -99.9  -99.9  -99.9
1987  6  6  -99.9  -99.9  -99.9
1987  6  7  -99.9  -99.9  -99.9
1987  6  8  -99.9  -99.9  -99.9
1987  6  9  -99.9  -99.9  -99.9
1987  6 10  -99.9  -99.9  -99.9
1987  6 11  -99.9  -99.9  -99.9
1987  6 12  -99.9  -99.9  -99.9
1987  6 13  -99.9  -99.9  -99.9
1987  6 14  -99.9  -99.9  -99.9
1987  6 15  -99.9  -99.9  -99.9
1987  6 16  -99.9  -99.9  -99.9
1987  6 17  -99.9  -99.9  -99.9
1987  6 18  -99.9  -99.9  -99.9
1987  6 19  -99.9  -99.9  -99.9
1987  6 20  -99.9  -99.9  -99.9
1987  6 21  -99.9  -99.9  -99.9
1987  6 22  -99.9  -99.9  -99.9
1987  6 23  -99.9  -99.9  -99.9
1987  6 24  -99.9  -99.9  -99.9
1987  6 25  -99.9  -99.9  -99.9
1987  6 26  -99.9  -99.9  -99.9
1987  6 27  -99.9  -99.9  -99.9
1987  6 28  -99.9  -99.9  -99.9
1987  6 29  -99.9  -99.9  -99.9
1987  6 30  -99.9  -99.9  -99.9
1987  7  1  -99.9  -99.9  -99.9
1987  7  2  -99.9  -99.9  -99.9
1987  7  3  -99.9  -99.9  -99.9
1987  7  4  -99.9  -99.9  -99.9
1987  7  5  -99.9  -99.9  -99.9
1987  7  6  -99.9  -99.9  -99.9
1987  7  7  -99.9  -99.9  -99.9
1987  7  8  -99.9  -99.9  -99.9
1987  7  9  -99.9  -99.9  -99.9
1987  7 10  -99.9  -99.9  -99.9
1987  7 11  -99.9  -99.9  -99.9
1987  7 12  -99.9  -99.9  -99.9
1987  7 13  -99.9  -99.9  -99.9
1987  7 14  -99.9  -99.9  -99.9
1987  7 15  -99.9  -99.9  -99.9
1987  7 16  -99.9  -99.9  -99.9
1987  7 17  -99.9  -99.9  -99.9
1987  7 18  -99.9  -99.9  -99.9
1987  7 19  -99.9  -99.9  -99.9
1987  7 20  -99.9  -99.9  -99.9
1987  7 21  -99.9  -99.9  -99.9
1987  7 22  -99.9  -99.9  -99.9
1987  7 23  -99.9  -99.9  -99.9
1987  7 24  -99.9  -99.9  -99.9
1987  7 25  -99.9  -99.9  -99.9
1987  7 26  -99.9  -99.9  -99.9
1987  7 27  -99.9  -99.9  -99.9
1987  7 28  -99.9  -99.9  -99.9
1987  7 29  -99.9  -99.9  -99.9
1987  7 30  -99.9  -99.9  -99.9
1987  7 31  -99.9  -99.9  -99.9
1987  8  1  -99.9  -99.9  -99.9
1987  8  2  -99.9  -99.9  -99.9
1987  8  3  -99.9  -99.9  -99.9
1987  8  4  -99.9  -99.9  -99.9
1987  8  5  -99.9  -99.9  -99.9
1987  8  6  -99.9  -99.9  -99.9
1987  8  7  -99.9  -99.9  -99.9
1987  8  8  -99.9  -99.9  -99.9
1987  8  9  -99.9  -99.9  -99.9
1987  8 10  -99.9  -99.9  -99.9
1987  8 11  -99.9  -99.9  -99.9
1987  8 12  -99.9  -99.9  -99.9
1987  8 13  -99.9  -99.9  -99.9
1987  8 14  -99.9  -99.9  -99.9
1987  8 15  -99.9  -99.9  -99.9
1987  8 16  -99.9  -99.9  -99.9
1987  8 17  -99.9  -99.9  -99.9
1987  8 18  -99.9  -99.9  -99.9
1987  8 19  -99.9  -99.9  -99.9
1987  8 20  -99.9  -99.9  -99.9
1987  8 21  -99.9  -99.9  -99.9
1987  8 22  -99.9  -99.9  -99.9
1987  8 23  -99.9  -99.9  -99.9
1987  8 24  -99.9  -99.9  -99.9
1987  8 25  -99.9  -99.9  -99.9
1987  8 26  -99.9  -99.9  -99.9
1987  8 27  -99.9  -99.9  -99.9
1987  8 28  -99.9  -99.9  -99.9
1987  8 29  -99.9  -99.9  -99.9
1987  8 30  -99.9  -99.9  -99.9
1987  8 31  -99.9  -99.9  -99.9
1987  9  1  -99.9  -99.9  -99.9
1987  9  2  -99.9  -99.9  -99.9
1987  9  3  -99.9  -99.9  -99.9
1987  9  4  -99.9  -99.9  -99.9
1987  9  5  -99.9  -99.9  -99.9
1987  9  6  -99.9  -99.9  -99.9
1987  9  7  -99.9  -99.9  -99.9
1987  9  8  -99.9  -99.9  -99.9
1987  9  9  -99.9  -99.9  -99.9
1987  9 10  -99.9  -99.9  -99.9
1987  9 11  -99.9  -99.9  -99.9
1987  9 12  -99.9  -99.9  -99.9
1987  9 13  -99.9  -99.9  -99.9
1987  9 14  -99.9  -99.9  -99.9
1987  9 15  -99.9  -99.9  -99.9
1987  9 16  -99.9  -99.9  -99.9
1987  9 17  -99.9  -99.9  -99.9
1987  9 18  -99.9  -99.9  -99.9
1987  9 19  -99.9  -99.9  -99.9
1987  9 20  -99.9  -99.9  -99.9
1987  9 21  -99.9  -99.9  -99.9
1987  9 22  -99.9  -99.9  -99.9
1987  9 23  -99.9  -99.9  -99.9
1987  9 24  -99.9  -99.9  -99.9
1987  9 25  -99.9  -99.9  -99.9
1987  9 26  -99.9  -99.9  -99.9
1987  9 27  -99.9  -99.9  -99.9
1987  9 28  -99.9  -99.9  -99.9
1987  9 29  -99.9  -99.9  -99.9
1987  9 30  -99.9  -99.9  -99.9
1987 10  1  -99.9  -99.9  -99.9
1987 10  2  -99.9  -99.9  -99.9
1987 10  3  -99.9  -99.9  -99.9
1987 10  4  -99.9  -99.9  -99.9
1987 10  5  -99.9  -99.9  -99.9
1987 10  6  -99.9  -99.9  -99.9
1987 10  7  -99.9  -99.9  -99.9
1987 10  8  -99.9  -99.9  -99.9
1987 10  9  -99.9  -99.9  -99.9
1987 10 10  -99.9  -99.9  -99.9
1987 10 11  -99.9  -99.9  -99.9
1987 10 12  -99.9  -99.9  -99.9
1987 10 13  -99.9  -99.9  -99.9
1987 10 14  -99.9  -99.9  -99.9
1987 10 15  -99.9  -99.9  -99.9
1987 10 16  -99.9  -99.9  -99.9
1987 10 17  -99.9  -99.9  -99.9
1987 10 18  -99.9  -99.9  -99.9
1987 10 19  -99.9  -99.9  -99.9
1987 10 20  -99.9  -99.9  -99.9
1987 10 21  -99.9  -99.9  -99.9
1987 10 22  -99.9  -99.9  -99.9
1987 10 23  -99.9  -99.9  -99.9
1987 10 24  -99.9  -99.9  -99.9
1987 10 25  -99.9  -99.9  -99.9
1987 10 26  -99.9  -99.9  -99.9
1987 10 27  -99.9  -99.9  -99.9
1987 10 28  -99.9  -99.9  -99.9
1987 10 29  -99.9  -99.9  -99.9
1987 10 30  -99.9  -99.9  -99.9
1987 10 31  -99.9  -99.9  -99.9
1987 11  1  -99.9  -99.9  -99.9
1987 11  2  -99.9  -99.9  -99.9
1987 11  3  -99.9  -99.9  -99.9
1987 11  4  -99.9  -99.9  -99.9
1987 11  5  -99.9  -99.9  -99.9
1987 11  6  -99.9  -99.9  -99.9
1987 11  7  -99.9  -99.9  -99.9
1987 11  8  -99.9  -99.9  -99.9
1987 11  9  -99.9  -99.9  -99.9
1987 11 10  -99.9  -99.9  -99.9
1987 11 11  -99.9  -99.9  -99.9
1987 11 12  -99.9  -99.9  -99.9
1987 11 13  -99.9  -99.9  -99.9
1987 11 14  -99.9  -99.9  -99.9
1987 11 15  -99.9  -99.9  -99.9
1987 11 16  -99.9  -99.9  -99.9
1987 11 17  -99.9  -99.9  -99.9
1987 11 18  -99.9  -99.9  -99.9
1987 11 19  -99.9  -99.9  -99.9
1987 11 20  -99.9  -99.9  -99.9
1987 11 21  -99.9  -99.9  -99.9
1987 11 22  -99.9  -99.9  -99.9
1987 11 23  -99.9  -99.9  -99.9
1987 11 24  -99.9  -99.9  -99.9
1987 11 25  -99.9  -99.9  -99.9
1987 11 26  -99.9  -99.9  -99.9
1987 11 27  -99.9  -99.9  -99.9
1987 11 28  -99.9  -99.9  -99.9
1987 11 29  -99.9  -99.9  -99.9
1987 11 30  -99.9  -99.9  -99.9
1987 12  1  -99.9  -99.9  -99.9
1987 12  2  -99.9  -99.9  -99.9
1987 12  3  -99.9  -99.9  -99.9
1987 12  4  -99.9  -99.9  -99.9
1987 12  5  -99.9  -99.9  -99.9
1987 12  6  -99.9  -99.9  -99.9
1987 12  7  -99.9  -99.9  -99.9
1987 12  8  -99.9  -99.9  -99.9
1987 12  9  -99.9  -99.9  -99.9
1987 12 10  -99.9  -99.9  -99.9
1987 12 11  -99.9  -99.9  -99.9
1987 12 12  -99.9  -99.9  -99.9
1987 12 13  -99.9  -99.9  -99.9
1987 12 14  -99.9  -99.9  -99.9
1987 12 15  -99.9  -99.9  -99.9
1987 12 16  -99.9  -99.9  -99.9
1987 12 17  -99.9  -99.9  -99.9
1987 12 18  -99.9  -99.9  -99.9
1987 12 19  -99.9  -99.9  -99.9
1987 12 20  -99.9  -99.9  -99.9
1987 12 21  -99.9  -99.9  -99.9
1987 12 22  -99.9  -99.9  -99.9
1987 12 23  -99.9  -99.9  -99.9
1987 12 24  -99.9  -99.9  -99.9
1987 12 25  -99.9  -99.9  -99.9
1987 12 26  -99.9  -99.9  -99.9
1987 12 27  -99.9  -99.9  -99.9
1987 12 28  -99.9  -99.9  -99.9
1987 12 29  -99.9  -99.9  -99.9
1987 12 30  -99.9  -99.9  -99.9
1987 12 31  -99.9  -99.9  -99.9
