pc up
1981 1 17 23 1.1 0.5 0.6
1982 1 11 25 11 3 8
1984 1 30 30 9 5 4
1973 2 20 14.5 8.2 7 1.2
1967 3 22 20 25 10 15
1966 6 26 56.5 21.5 17.4 4.1
1968 7 2 64.8 24.5 21.5 3
1973 7 15 61.5 26.8 16.8 10
1975 7 30 70 28 20 8
1979 7 19 75 27 16 11
1966 8 24 89 25.8 17.6 8.2
1978 9 25 81 17 13 4
1982 12 8 42 13 4 9
tx up
tx low
1983 4 7 14.5 3 -0.5 3.5
1966 5 3 1 15.8 10.4 5.4
1966 5 4 0 15.5 11.5 4
1970 9 27 10 9 6.3 2.7
1970 9 28 1.4 11.2 5 6.2
1970 9 29 1.7 13.4 9.4 4
1979 9 16 2 12 7 5
tn up
tn low
1970 9 28 1.4 11.2 5 6.2
1975 9 24 0 22 6 16
tr up
1974 5 23 0.7 36 6.8 29.2
tr low
1973 7 26 9.6 20.8 19.5 1.3
