pc up
1982 1 31 49 18 5 13
1940 5 7 76 24.6 19.9 4.7
1941 5 22 65.5 34.5 19.9 14.6
1980 8 11 70 39 23 16
1983 8 10 61 37 24 13
1958 9 25 106 33 24 9
tx up
1941 12 15 0 41.5 0 41.5
tx low
1928 4 9 0 7 1 6
1942 4 8 0 10.3 7.3 3
1923 5 5 0 19 16 3
1924 5 6 0 15 3 12
1924 5 8 0 19 9 10
1924 5 12 6.2 18 9 9
1924 5 20 0 18 9 9
1924 5 26 0 18 9 9
1924 5 28 0 18 9 9
1925 5 5 0 15 5 10
1925 5 7 0 19 12 7
1926 5 6 0 14 3 11
1926 5 7 0 17 3 14
1926 5 8 0 18 2 16
1926 5 12 0 18 9 9
1926 5 19 0 18 8 10
1926 5 20 0 19 5 14
1926 5 21 0 17 7 10
1926 5 22 0 19 3 16
1926 5 23 0 15 2 13
1926 5 28 0 15 2 13
1922 6 17 0 25 22 3
1924 6 2 0 22 12 10
1924 6 4 0 19 9 10
1924 6 6 0 15 3 12
1924 6 10 0 22 12 10
1924 6 15 0 19 9 10
1924 6 17 0 22 12 10
1924 6 18 0 17 5 12
1924 6 22 0 17 5 12
1924 6 25 0 18 9 9
1961 6 15 32 24 20 4
1961 6 16 26 23 19 4
1961 6 17 0 25 19 6
1972 6 7 27 23 21 2
1924 7 7 0 20 14 6
1924 7 19 0 19 5 14
1924 7 29 0 17 9 8
1960 7 7 0 21 20 1
1924 8 5 0 18 12 6
1924 9 1 0 14 8 6
1924 9 3 0 11 3 8
1970 9 27 38 14 11 3
1970 9 28 0 14 9 5
1927 12 19 0 -2 -10 8
1983 12 24 0 -1 -5 4
tn up
tn low
1926 5 8 0 18 2 16
1926 5 23 0 15 2 13
1926 5 28 0 15 2 13
1924 6 6 0 15 3 12
1924 6 18 0 17 5 12
1924 6 22 0 17 5 12
1924 6 27 0 31 5 26
1924 6 28 0 42 3 39
1924 6 30 0 NA 5 NA
1926 6 1 0 36 4 32
1924 7 5 0 42 5 37
1924 7 8 0 31 5 26
1924 7 10 0 43 13 30
1924 7 13 0 31 9 22
1924 7 14 0 42 5 37
1924 7 15 0 25 3 22
1924 7 16 0 37 10 27
1924 7 19 0 19 5 14
1924 7 20 0 33 9 24
1924 7 22 0 40 12 28
1924 7 27 0 41 4 37
1924 7 29 0 17 9 8
1924 7 30 0 33 5 28
1925 7 2 0 37 2 35
1924 8 2 0 42 5 37
1924 8 8 18 31 6 25
1924 8 11 0 42 5 37
1924 8 18 0 36 3 33
1924 8 19 0 33 6 27
1924 8 21 0 42 7 35
1924 8 25 0 37 9 28
1924 8 29 0 31 5 26
1924 8 31 0 NA 4 NA
1924 9 2 0 18 1 17
1924 9 3 0 11 3 8
1924 9 4 0 44 4 40
1924 9 8 0 31 6 25
1924 9 10 0 21 5 16
1924 9 13 0 28 3 25
1924 9 20 0 16 5 11
1924 9 21 0 25 4 21
1924 9 27 0 17 5 12
1924 9 28 0 38 4 34
1925 9 26 0 17 5 12
1925 9 27 0 38 4 34
1925 9 29 0 42 6 36
1984 9 26 0 25 5 20
1984 9 27 0 30 4 26
1984 9 28 0 27 6 21
tr up
1927 1 5 0 40 -3 43
1927 1 6 0 40 -4 44
1927 1 7 0 40 -3 43
1927 1 17 0 41 -2.5 43.5
1928 1 3 0 39 -8.5 47.5
1930 1 26 0 36 -7 43
1928 4 16 0 45 4 41
1926 5 13 0 49 10 39
1926 5 18 0 46 7 39
1928 5 9 0 46 8 38
1924 6 28 0 42 3 39
1924 7 5 0 42 5 37
1924 7 14 0 42 5 37
1924 7 27 0 41 4 37
1925 7 2 0 37 2 35
1924 8 2 0 42 5 37
1924 8 11 0 42 5 37
1927 12 7 0 37.5 -4 41.5
1941 12 15 0 41.5 0 41.5
tr low
