1923 8 17 21 4
1926 7 20 22 4
1928 5 28 19 4
1928 6 29 30 15
1929 2 12 3.5 4
1929 7 9 25 4
1929 8 19 22 6
1929 10 8 19 4
1930 7 30 24 4
1940 7 24 23.9 4
1942 7 28 23.5 5
1943 3 12 13.5 4
1943 5 9 18.3 4
1944 6 11 20.5 6
1944 6 17 21.6 6
1944 6 21 21.9 4
1944 6 30 23 7
1944 9 1 22.5 4
1944 10 9 22.5 4
1945 12 10 12.5 5
1946 1 28 2.5 7
1946 2 28 3.4 5
1946 6 16 22.5 4
1946 7 6 22.5 4
1946 7 28 24.5 5
1946 8 17 25.6 4
1946 11 1 17.5 5
1946 11 22 8.5 5
1946 12 29 -1.5 8
1947 1 4 -4.5 5
1947 1 11 1.5 6
1947 3 28 9.5 4
1947 6 4 19.5 4
1947 7 22 23.2 7
1947 8 1 23.5 8
1947 8 8 18.5 4
1947 9 4 18.6 4
1947 10 2 18.5 4
1947 10 10 18.5 5
1947 12 2 3.4 5
1947 12 28 3.6 4
1948 1 7 3.5 4
1948 1 18 5.5 6
1948 2 3 3.5 7
1948 5 25 20.5 4
1949 1 14 2.4 5
1949 6 26 22.5 4
1949 6 30 22.6 4
1949 7 21 22 4
1949 7 25 21.5 4
1949 8 2 21.2 6
1949 8 15 21.2 4
1949 9 20 19 4
1949 9 26 16.4 5
1949 9 30 16.7 4
1949 12 6 7.2 5
1949 12 22 4.4 9
1950 1 3 2.2 9
1950 1 11 2.2 6
1950 1 20 2.2 6
1950 1 28 2.3 8
1950 3 4 4.2 4
1950 3 8 5.3 4
1950 3 12 5.4 4
1950 3 31 5.4 7
1950 4 12 6.4 5
1950 4 19 8.2 4
1950 4 24 10.3 4
1950 5 19 16.3 5
1950 5 31 19.4 4
1950 6 12 20 7
1950 6 24 20.1 6
1950 7 1 22.3 4
1950 7 29 20 8
1950 8 4 20 4
1950 8 19 20.1 4
1950 8 31 21 9
1950 9 8 20 6
1950 9 30 19.2 7
1950 10 20 18.4 7
1950 10 24 18.3 4
1950 10 31 17.3 6
1950 11 4 17.3 4
1950 11 17 0.2 5
1950 11 21 0.2 4
1950 12 3 0.2 12
1950 12 15 0.2 8
1950 12 21 0.2 6
1951 1 2 0.4 7
1951 1 23 0.4 6
1951 3 25 0.4 6
1951 3 31 0.6 4
1951 5 10 20.3 6
1951 5 26 18.7 5
1951 6 6 19.4 7
1951 6 16 19.5 9
1951 6 24 21.4 4
1951 7 31 20.4 6
1951 8 11 21.5 5
1951 10 14 16.4 4
1951 11 11 8.4 5
1951 11 19 10.3 5
1951 11 30 10.3 4
1951 12 8 0.4 4
1951 12 18 0.4 4
1952 1 1 0.4 4
1952 1 15 0.4 4
1952 1 20 0.4 4
1952 2 8 4 4
1952 2 29 4 4
1952 3 10 2 7
1952 3 16 2 5
1952 3 27 4 4
1952 4 4 4 4
1952 4 13 11 9
1952 8 10 27.2 4
1952 10 7 16 6
1952 10 14 12.3 6
1952 11 2 12 10
1952 11 12 8 6
1952 11 19 3 5
1952 11 24 4 4
1952 12 3 5 6
1952 12 9 5 5
1952 12 16 5 4
1952 12 24 5 7
1953 1 10 5 6
1953 1 14 4 4
1953 1 25 2 4
1953 2 5 2 5
1953 2 10 2 4
1953 2 18 2 4
1953 3 8 5 6
1953 3 31 16 8
1953 4 12 12 4
1953 5 6 13 4
1953 8 10 25 4
1953 8 15 25 4
1953 8 27 25 6
1953 10 16 17 4
1953 12 8 4 6
1953 12 14 3 4
1953 12 19 4 5
1954 1 10 3 4
1954 5 22 18 4
1954 6 10 27 5
1954 7 19 26 4
1954 8 2 27 6
1954 8 24 26 5
1954 9 9 25 4
1954 9 13 25 4
1954 9 28 23 4
1954 10 13 22 6
1954 10 27 12 4
1954 11 10 9 4
1954 11 18 9 5
1954 12 5 5 12
1954 12 9 5 4
1954 12 27 2 5
1955 1 2 5 6
1955 1 15 4 6
1955 1 19 3 4
1955 1 24 3 4
1955 1 31 2 7
1955 2 4 2 4
1955 2 14 2 7
1955 2 20 4 4
1955 2 24 3 4
1955 3 5 5 6
1955 3 15 12 4
1955 4 11 11 4
1955 4 20 18 4
1955 4 28 18 5
1955 5 2 17 4
1955 5 9 21 5
1955 5 15 22 4
1955 5 24 19 4
1955 6 5 23 4
1955 6 25 21 4
1955 7 9 22 4
1955 8 8 24 8
1955 8 31 24 5
1955 9 8 21 4
1955 9 14 25 4
1955 9 18 25 4
1955 9 30 23 4
1955 11 6 10 6
1955 11 11 5 5
1955 11 18 6 7
1955 12 2 5 6
1955 12 13 4 5
1955 12 20 2 7
1955 12 25 2 5
1956 1 10 1 13
1956 1 26 1 16
1956 2 6 5 4
1956 2 14 1 6
1956 3 3 10 9
1956 3 11 6 4
1956 3 22 10 4
1956 4 2 10 11
1956 4 10 9 6
1956 5 6 16 11
1956 5 14 19 4
1956 5 19 19 5
1956 5 26 19 7
1956 6 13 23 17
1956 6 19 24 6
1956 6 30 23 11
1956 7 10 22 10
1956 7 20 22 9
1956 7 31 21 4
1956 8 18 21 4
1956 8 30 21 4
1956 9 5 20 4
1956 9 9 19 4
1956 9 27 19 13
1956 10 7 17 7
1956 10 14 16 4
1956 10 25 11 5
1956 11 18 5 9
1956 12 2 1 7
1956 12 26 1 10
1957 3 2 10 4
1957 3 21 13 4
1957 4 1 10 4
1957 4 28 14 4
1957 5 5 15 4
1957 5 19 20 5
1957 5 31 21 12
1957 6 12 21 6
1957 6 27 25 5
1957 9 22 21 9
1957 9 27 20 5
1957 11 7 10 4
1957 11 20 6 10
1957 12 4 NA 8
1957 12 13 NA 8
1957 12 19 4 5
1958 1 12 -2 4
1958 2 20 4 5
1958 2 25 5 5
1958 3 3 4 5
1958 4 4 13 4
1958 4 10 10 5
1958 4 17 10 6
1958 5 26 19 4
1958 5 31 20 5
1958 6 30 25 4
1958 8 3 26 4
1958 8 31 23 5
1958 9 21 23 6
1958 12 17 2 4
1958 12 22 1 5
1959 1 5 -5 7
1959 2 16 6 7
1959 3 3 8 4
1959 3 15 4 4
1959 3 25 8 4
1959 4 1 10 4
1959 4 5 10 4
1959 4 30 17 4
1959 5 11 16 5
1959 5 28 20 7
1959 6 7 21 4
1959 6 19 24 4
1959 6 28 24 5
1959 7 8 23 5
1959 7 17 23 7
1959 7 21 23 4
1959 9 8 23 5
1959 9 19 20 4
1959 9 26 19 4
1959 10 19 10 13
1959 11 1 12 4
1959 11 23 6 4
1960 1 25 2 4
1960 4 29 13 5
1960 5 6 15 4
1960 5 29 23 4
1960 12 4 5 4
1961 3 13 7 4
1961 4 17 10 4
1961 5 2 15 5
1961 6 13 26 5
1961 12 25 1 4
1962 1 3 -1 6
1962 1 29 2 5
1962 2 25 6 4
1962 4 12 14 5
1962 5 21 23 6
1962 7 5 23 4
1962 8 19 24 4
1962 8 27 19 4
1962 9 17 24 6
1962 10 2 16 5
1962 10 9 15 4
1962 11 4 10 6
1963 3 22 10 4
1963 6 23 25 5
1963 7 17 25 7
1963 7 24 26 6
1963 8 27 24 5
1963 9 1 23 4
1963 10 10 17 9
1963 10 21 18 4
1963 10 28 15 6
1964 1 31 5 5
1964 4 17 14 5
1964 5 11 16 6
1964 8 17 24 6
1964 9 10 24 4
1964 10 3 18 5
1964 11 1 12 5
1964 12 28 5 4
1965 4 19 16 5
1965 7 7 26 5
1965 7 13 26 5
1965 8 9 25 4
1965 8 18 24 4
1965 8 28 24 4
1965 9 12 23 4
1965 9 20 22 4
1965 10 16 18 4
1965 11 5 11 9
1965 12 6 3 4
1966 2 5 3 5
1966 6 9 26 4
1966 7 17 26 5
1966 7 21 27 4
1966 9 4 24 4
1966 9 13 22 5
1966 9 22 24 4
1966 10 20 11 4
1966 10 27 9 4
1966 11 1 10 5
1966 12 2 5 4
1966 12 20 -3 5
1967 3 26 14 5
1967 4 6 19 4
1967 5 21 20 4
1967 6 11 22 4
1967 8 10 25 5
1967 8 27 22 4
1967 10 5 17 5
1967 12 4 6 4
1968 6 10 23 5
1968 6 15 25 5
1968 6 20 23 5
1968 7 16 23 5
1968 8 3 23 6
1968 8 14 23 6
1968 8 19 23 4
1968 8 28 23 6
1968 10 12 20 6
1968 11 1 11 4
1969 5 5 16 4
1969 5 28 23 4
1969 8 7 27 4
1969 8 12 23 4
1969 9 8 24 4
1969 12 10 4 4
1970 1 28 8 4
1970 3 1 10 4
1970 4 26 17 4
1970 5 14 18 5
1970 6 1 22 4
1970 6 13 23 4
1970 8 3 26 5
1970 9 6 24 7
1970 9 12 23 4
1970 10 5 17 4
1970 12 25 4 5
1971 2 16 6 4
1971 2 27 7 5
1971 6 1 20 5
1971 6 17 23 7
1971 6 30 24 4
1971 7 14 24 7
1971 7 21 25 4
1971 8 7 21 4
1971 8 16 23 5
1971 9 9 24 4
1972 1 21 3 4
1972 3 15 14 4
1972 3 27 17 7
1972 4 30 20 5
1972 5 27 23 5
1972 6 17 23 4
1972 6 29 27 4
1972 9 12 23 4
1972 10 6 21 4
1973 5 26 23 5
1973 6 8 24 5
1973 8 21 24 8
1973 8 27 23 6
1973 9 17 23 4
1973 9 25 23 5
1973 10 18 15 4
1973 10 24 12 6
1973 11 5 12 5
1974 4 21 15 4
1974 6 3 25 4
1974 6 26 26 4
1974 7 13 23 5
1974 8 4 26 5
1974 8 20 26 5
1974 10 3 16 4
1974 11 9 12 4
1974 12 19 2 5
1975 4 27 16 5
1975 6 25 24 5
1975 8 7 23 5
1975 8 22 25 4
1975 8 31 23 5
1975 10 11 13 6
1975 11 24 3 4
1976 5 31 17 4
1976 6 25 27 5
1976 7 3 25 6
1976 7 16 23 4
1976 8 11 25 5
1976 8 26 24 6
1976 10 2 20 4
1976 10 31 6 4
1976 11 5 8 5
1977 8 11 20 4
1977 12 18 1 15
1978 1 15 2 6
1978 1 19 1 4
1978 6 26 28 7
1978 7 11 28 9
1979 4 27 17 4
1979 8 10 22 5
1979 9 8 22 6
1980 5 27 23 4
1980 9 7 21 5
1981 2 6 6 4
1981 7 18 24 5
1982 1 2 7 4
1982 4 15 15 4
1982 9 3 22 5
1982 11 21 12 4
1983 1 21 4 4
1983 2 4 2 8
1983 5 16 16 4
1983 7 9 25 5
1983 8 3 26 4
1984 4 16 11 4
1984 4 29 13 4
1984 5 13 21 4
1984 5 17 17 4
1984 7 3 21 4
1984 7 14 24 5
1984 7 31 20 4
1984 8 16 20 7
1984 10 10 16 5
1984 10 18 14 6
