1922 8 6 20 4
1922 8 14 20.3 6
1922 10 2 15 4
1922 10 7 10.4 4
1922 12 25 5 4
1923 4 10 11 4
1923 6 29 25 4
1923 7 6 22 4
1923 9 7 20 4
1924 1 20 1 4
1925 1 20 1 4
1926 1 20 1 4
1927 3 5 5 4
1928 2 17 2 4
1928 12 14 1 4
1929 2 17 2 4
1929 3 5 5 4
1929 7 17 24 5
1929 7 28 24 4
1929 11 2 6 4
1940 7 10 21.9 4
1941 2 19 7.9 5
1941 4 26 13.9 4
1941 6 4 19.9 4
1941 6 28 21.9 5
1941 7 23 22.9 4
1941 8 10 21.9 6
1941 8 27 21.9 5
1941 9 7 23 5
1941 9 21 22 4
1941 11 16 4 4
1941 11 25 0 4
1941 12 6 0 4
1941 12 19 0 12
1941 12 31 0 11
1942 12 25 1.3 5
1944 1 12 -0.1 5
1944 1 18 -0.7 4
1944 2 1 -0.2 12
1944 2 8 -0.1 5
1944 2 13 -0.1 4
1944 2 20 -0.1 6
1944 3 4 -0.3 5
1944 5 1 16.5 6
1944 5 25 16.5 4
1944 5 30 16.5 4
1944 8 18 24.5 6
1944 8 28 22.5 6
1944 9 11 20.5 6
1944 9 17 19.5 4
1944 9 22 22.5 4
1944 10 2 22.5 4
1944 11 15 14.5 4
1944 12 13 -1.5 4
1944 12 26 -1.5 4
1945 1 6 -1.5 7
1945 1 21 -1.5 6
1945 2 28 1.5 12
1945 3 5 1.5 4
1945 8 29 19.5 5
1945 9 12 21.5 6
1945 10 31 17.5 7
1945 11 29 13.5 6
1945 12 16 12.5 4
1945 12 23 10.5 7
1946 1 19 2.5 13
1946 2 3 2.5 14
1946 2 9 2.5 4
1946 2 27 2.5 17
1946 3 5 4.5 5
1946 3 18 4.5 10
1946 5 10 15.5 4
1946 5 16 16.5 5
1946 6 23 21.5 6
1946 7 28 24.5 5
1946 9 24 24.5 4
1946 10 14 16.5 5
1946 10 23 16.5 7
1946 11 20 8.5 4
1946 12 4 2.5 4
1946 12 27 1.5 5
1947 2 9 2.5 5
1947 9 22 19.5 6
1947 10 7 18.5 6
1947 11 17 2.5 6
1947 11 22 1.5 5
1947 12 12 3.5 8
1947 12 24 3.5 10
1948 1 26 3.5 4
1948 2 2 4.3 4
1948 2 7 2.5 4
1948 12 5 2 5
1949 1 10 2.3 4
1949 1 15 2.4 5
1949 1 27 2.4 7
1949 3 6 5.6 4
1949 3 20 11.5 5
1949 5 3 12.4 4
1949 5 20 16.5 4
1949 6 21 19.5 8
1949 6 27 22.5 4
1949 7 1 22.6 4
1949 7 6 22.5 5
1949 7 13 22.4 4
1949 7 18 22.3 5
1949 7 22 22 4
1949 7 31 21.5 9
1949 8 7 21.3 4
1949 8 15 21.2 7
1949 8 28 21.4 6
1949 9 5 21.3 8
1949 9 14 21.2 9
1949 9 22 19 8
1949 10 10 15.4 4
1949 10 28 15.2 8
1949 11 5 10.3 4
1949 11 10 10.3 4
1949 12 10 7.2 11
1949 12 21 2.4 6
1949 12 30 2.2 4
1950 1 5 2.2 4
1950 1 13 2.2 6
1950 1 17 3.2 4
1950 1 26 2.2 9
1950 3 5 4.2 5
1950 3 9 5.3 4
1950 4 2 5.4 14
1950 4 8 4.3 4
1950 4 21 8.2 5
1950 4 28 10.3 6
1950 5 20 16.3 5
1950 6 7 19.2 5
1950 6 13 20 5
1950 6 18 20.1 5
1950 6 24 20.1 5
1950 7 2 22.3 4
1950 7 19 21.2 6
1950 7 26 20.2 7
1950 8 5 20 10
1950 8 12 20.1 4
1950 8 19 20.1 4
1950 8 23 20 4
1950 8 31 21 8
1950 9 12 20 9
1950 9 21 20 4
1950 9 30 19.2 8
1950 10 4 19.4 4
1950 10 21 18.4 5
1950 10 26 18.3 5
1950 11 4 17.3 9
1950 12 5 0.2 26
1950 12 12 0.4 7
1951 1 1 0.2 20
1951 1 8 0.4 7
1951 1 24 0.4 13
1951 1 28 0.3 4
1951 2 6 0.4 9
1951 2 12 0.2 6
1951 2 18 0.4 6
1951 3 16 0.2 26
1951 3 26 0.4 8
1951 4 17 10 17
1951 5 11 20.3 5
1951 6 3 19.7 5
1951 7 2 21.7 4
1951 7 9 21.4 5
1951 8 17 21.4 4
1951 9 10 20.1 6
1951 9 26 16.3 4
1951 10 18 16.4 12
1951 10 30 16.3 4
1951 11 9 0.2 4
1951 11 23 10.2 4
1951 11 30 10.3 4
1951 12 5 0.2 5
1951 12 24 0.4 19
1951 12 28 0.3 4
1952 1 21 0.4 24
1952 1 26 0.2 5
1952 1 31 0.4 5
1952 2 5 3 4
1952 2 12 4 7
1952 2 24 2 5
1952 3 5 4 8
1952 3 16 2 11
1952 3 21 2 4
1952 3 26 2 4
1952 4 5 4 10
1952 4 9 9 4
1952 4 14 11 5
1952 4 18 12 4
1952 5 19 16 5
1952 6 10 24.2 4
1952 6 27 28.1 4
1952 7 6 24.2 5
1952 7 28 25.3 4
1952 8 6 27.2 4
1952 8 16 26.3 4
1952 10 21 12 4
1952 11 4 12 8
1952 11 13 8 9
1952 11 19 3 4
1952 11 27 4 8
1952 12 31 5 31
1953 1 13 5 10
1953 1 28 2 8
1953 2 12 2 10
1953 2 20 2 7
1953 3 11 5 11
1953 3 20 10 4
1953 4 5 10 4
1953 4 19 12 10
1953 4 27 15 6
1953 5 11 15 4
1953 6 8 23 4
1953 8 7 25 13
1953 8 20 25 8
1953 8 25 24 5
1953 9 2 25 4
1953 10 23 18 7
1953 10 30 12 4
1953 12 16 3 4
1954 1 4 4 4
1954 1 19 3 4
1954 2 10 7 8
1954 2 23 8 4
1954 4 5 12 5
1954 5 3 16 6
1954 5 7 15 4
1954 5 22 18 4
1954 6 3 25 4
1954 7 7 25 5
1954 7 13 25 5
1954 7 31 28 7
1954 8 5 27 4
1954 8 9 25 4
1954 8 16 26 7
1954 9 7 25 4
1954 9 18 25 4
1954 10 14 22 7
1954 11 4 12 20
1954 11 9 10 5
1954 11 20 9 11
1954 12 10 5 12
1954 12 24 2 7
1955 1 16 4 7
1955 1 25 3 9
1955 2 9 2 15
1955 2 15 2 4
1955 2 21 4 6
1955 2 28 4 4
1955 3 6 5 6
1955 3 16 12 5
1955 4 8 12 5
1955 4 15 11 5
1955 5 10 21 5
1955 5 20 22 6
1955 5 30 20 4
1955 8 3 24 13
1955 8 19 24 5
1955 9 20 25 8
1955 11 7 10 7
1955 11 16 5 4
1955 11 26 7 4
1955 12 4 5 8
1955 12 8 4 4
1955 12 15 4 6
1955 12 21 2 6
1956 1 5 1 8
1956 1 11 1 4
1956 1 17 2 6
1956 1 27 1 10
1956 2 3 4 4
1956 2 15 1 6
1956 3 3 10 8
1956 3 7 9 4
1956 3 23 10 4
1956 4 3 10 6
1956 4 17 10 7
1956 4 23 10 4
1956 5 2 16 6
1956 5 8 16 5
1956 5 28 19 18
1956 6 6 20 5
1956 6 14 23 8
1956 6 20 24 6
1956 7 3 23 13
1956 7 25 22 22
1956 8 2 21 6
1956 8 8 20 6
1956 8 20 21 6
1956 8 27 21 4
1956 9 2 21 4
1956 9 6 20 4
1956 9 10 19 4
1956 9 23 19 8
1956 10 1 19 7
1956 10 8 17 5
1956 10 17 16 9
1956 10 27 11 4
1956 11 4 10 8
1956 11 21 5 11
1956 11 26 4 5
1956 12 4 1 8
1956 12 22 3 5
1956 12 27 1 5
1957 1 8 3 5
1957 1 14 5 4
1957 3 4 10 7
1957 3 16 10 8
1957 4 8 10 8
1957 5 1 14 4
1957 5 6 15 5
1957 5 22 20 4
1957 5 26 21 4
1957 5 30 20 4
1957 6 14 21 6
1957 6 29 25 6
1957 8 21 21 4
1957 9 17 24 4
1957 9 28 20 5
1957 11 8 10 4
1957 11 16 7 8
1957 11 21 6 5
1957 12 18 2 4
1958 1 13 -2 4
1958 1 29 2 4
1958 2 21 4 5
1958 2 25 5 4
1958 3 4 4 5
1958 3 20 5 4
1958 4 16 11 5
1958 4 25 15 4
1958 5 2 15 6
1958 5 19 17 4
1958 7 1 25 4
1958 7 7 26 6
1958 7 16 25 5
1958 7 26 26 7
1958 8 6 26 6
1958 8 18 25 4
1958 9 12 23 4
1958 9 16 24 4
1958 9 22 23 6
1958 10 21 15 4
1958 10 25 12 4
1958 11 26 10 4
1958 12 10 5 7
1959 1 2 -3 4
1959 1 13 2 6
1959 1 30 3 9
1959 2 13 6 5
1959 2 27 12 4
1959 3 4 8 5
1959 3 23 7 4
1959 4 6 10 10
1959 4 10 7 4
1959 4 21 12 6
1959 4 28 18 4
1959 5 13 16 5
1959 5 18 20 5
1959 5 29 20 9
1959 6 3 22 5
1959 6 9 21 5
1959 6 16 23 4
1959 7 5 23 4
1959 7 16 24 8
1959 7 22 23 6
1959 8 6 24 6
1959 8 12 25 6
1959 8 18 25 5
1959 9 8 23 4
1959 9 25 21 4
1959 9 29 19 4
1959 10 10 15 6
1959 10 14 12 4
1959 10 23 10 7
1959 11 3 12 5
1959 11 17 5 4
1960 1 6 3 4
1960 1 22 -2 5
1960 1 26 2 4
1960 2 4 6 4
1960 4 7 10 6
1960 7 4 27 5
1960 7 28 23 14
1960 9 7 23 6
1960 9 16 19 4
1960 10 3 19 4
1960 11 21 10 4
1960 11 28 8 7
1960 12 27 -1 10
1961 1 16 -1 5
1961 1 30 3 5
1961 4 3 10 5
1961 4 13 10 5
1961 4 29 14 4
1961 5 3 15 4
1961 8 8 23 5
1961 9 3 24 5
1961 9 13 23 4
1961 10 28 13 4
1961 11 11 7 4
1961 12 3 5 4
1961 12 12 10 4
1962 1 6 -1 8
1962 4 16 15 4
1962 5 9 20 5
1962 5 22 23 6
1962 7 1 24 4
1962 7 31 25 7
1962 8 13 26 4
1962 10 5 16 7
1962 10 10 15 5
1962 10 18 15 5
1962 11 2 10 4
1962 11 8 10 5
1962 12 13 2 5
1963 6 2 24 4
1963 6 23 25 4
1963 7 1 25 5
1963 7 20 25 5
1963 8 27 24 5
1963 9 6 22 5
1963 9 22 23 4
1963 9 26 22 4
1963 10 5 15 6
1963 10 13 17 5
1963 11 1 15 8
1964 2 2 5 5
1964 2 7 1 4
1964 4 21 15 4
1964 5 13 16 4
1964 5 19 22 4
1964 6 9 23 4
1964 7 9 25 8
1964 7 13 26 4
1964 7 22 26 7
1964 8 3 24 5
1964 8 28 24 13
1964 9 12 24 8
1964 9 19 22 7
1964 9 27 21 5
1964 10 16 14 7
1964 11 24 3 4
1964 12 2 5 4
1964 12 8 5 4
1965 1 9 10 4
1965 3 15 9 4
1965 4 1 14 4
1965 4 30 15 5
1965 6 1 20 4
1965 6 8 24 4
1965 6 18 25 5
1965 7 3 25 7
1965 7 9 26 6
1965 7 15 26 5
1965 7 19 25 4
1965 8 2 24 4
1965 8 10 25 4
1965 8 18 24 4
1965 9 1 24 7
1965 9 5 23 4
1965 10 14 17 4
1965 10 29 10 5
1965 11 18 10 4
1965 11 23 11 5
1965 12 19 5 4
1966 2 6 3 4
1966 2 17 3 4
1966 2 25 2 4
1966 3 22 14 5
1966 4 3 10 5
1966 5 9 16 4
1966 6 8 25 6
1966 6 20 25 8
1966 7 3 24 10
1966 7 9 25 6
1966 7 13 24 4
1966 7 26 29 4
1966 8 9 24 6
1966 8 23 23 4
1966 8 29 21 6
1966 9 2 23 4
1966 9 11 22 4
1966 9 19 24 6
1966 9 30 22 7
1966 10 18 13 4
1966 11 1 10 4
1966 11 11 5 4
1966 12 6 4 4
1967 3 26 14 4
1967 4 12 20 6
1967 6 13 22 4
1967 6 21 24 4
1967 6 25 25 4
1967 7 7 24 4
1967 7 11 25 4
1967 7 18 24 5
1967 8 5 24 4
1967 9 19 18 4
1967 10 2 13 5
1967 10 13 12 5
1967 10 20 8 4
1967 11 15 5 5
1967 11 27 13 4
1967 12 16 -2 4
1968 1 22 4 4
1968 2 1 10 4
1968 2 13 10 4
1968 6 2 23 6
1968 6 11 23 4
1968 6 21 23 5
1968 7 1 25 6
1968 7 16 23 4
1968 8 4 23 4
1968 8 26 22 7
1968 9 4 19 4
1968 10 31 10 6
1968 11 7 10 6
1968 11 25 7 5
1968 12 18 3 5
1969 1 20 5 4
1969 1 31 10 4
1969 2 21 6 4
1969 3 24 12 4
1969 3 31 9 4
1969 4 21 12 4
1969 4 26 18 4
1969 5 16 16 5
1969 5 29 23 6
1969 6 15 23 4
1969 6 29 25 7
1969 7 12 23 4
1969 7 16 25 4
1969 8 2 26 4
1969 8 17 25 5
1969 8 27 25 4
1969 9 2 24 6
1969 9 12 24 7
1969 9 18 23 6
1969 10 3 17 4
1969 11 10 12 4
1969 11 23 -3 5
1969 12 17 3 6
1970 1 16 4 5
1970 1 23 3 5
1970 5 15 18 4
1970 9 6 24 4
1970 9 13 23 4
1970 9 20 22 4
1970 10 12 10 4
1970 10 20 10 5
1970 11 3 5 4
1970 11 27 1 5
1970 12 10 5 4
1970 12 29 3 4
1971 2 1 3 4
1971 2 11 -2 7
1971 3 2 7 4
1971 3 14 8 4
1971 5 16 15 6
1971 7 8 26 4
1971 7 24 25 5
1971 8 11 22 4
1971 8 19 23 5
1971 9 4 24 5
1971 10 10 17 6
1971 10 20 15 4
1971 10 29 10 4
1971 11 3 12 5
1972 1 29 8 4
1972 3 11 13 4
1972 6 24 25 5
1972 7 29 25 4
1972 8 13 22 5
1972 8 20 23 5
1972 8 30 23 4
1972 9 3 24 4
1972 9 25 18 4
1972 10 8 21 4
1972 10 28 15 4
1972 11 4 7 4
1972 11 29 5 5
1973 1 27 1 5
1973 3 13 10 4
1973 5 28 23 4
1973 6 20 25 5
1973 6 24 23 4
1973 7 6 27 7
1973 7 16 23 4
1973 8 6 23 6
1973 8 12 24 4
1973 8 16 25 4
1973 9 17 23 5
1973 9 26 23 6
1973 10 29 13 5
1973 11 7 12 4
1973 11 14 13 4
1973 11 20 10 5
1973 12 7 3 4
1974 2 1 1 5
1974 3 2 5 5
1974 4 1 14 5
1974 4 28 20 5
1974 5 29 25 6
1974 6 13 25 4
1974 7 13 23 6
1974 8 14 25 4
1974 9 1 23 5
1974 9 21 20 5
1974 10 4 16 4
1974 11 9 12 5
1974 11 24 10 7
1975 1 22 3 5
1975 2 8 5 4
1975 2 19 8 4
1975 3 28 10 4
1975 4 8 12 4
1975 4 16 12 5
1975 6 18 25 4
1975 6 24 25 4
1975 7 5 23 6
1975 7 13 25 4
1975 7 20 23 7
1975 8 19 23 8
1975 9 10 23 15
1975 10 6 15 4
1975 11 2 15 4
1975 11 9 10 4
1975 11 19 5 6
1975 12 10 3 6
1976 1 23 3 5
1976 3 23 10 4
1976 6 26 27 4
1976 6 30 25 4
1976 7 17 23 5
1976 7 24 23 5
1976 8 14 25 9
1976 8 28 24 4
1976 9 1 23 4
1976 9 10 23 8
1976 9 20 23 5
1976 11 7 8 6
1976 11 21 8 4
1976 12 25 3 4
1977 1 7 5 5
1977 1 20 1 4
1977 1 29 8 6
1977 7 15 24 5
1977 12 10 1 6
1977 12 19 1 5
1978 7 20 28 4
1978 8 18 25 6
1979 2 22 7 4
1979 3 8 5 4
1979 9 11 22 5
1979 10 8 16 4
1980 3 23 11 4
1980 7 8 28 6
1980 7 22 28 4
1980 8 9 25 4
1980 9 1 23 4
1980 9 16 22 7
1981 3 26 9 4
1981 7 24 26 5
1981 7 29 23 5
1981 10 7 19 5
1981 12 9 6 5
1982 1 31 5 4
1982 6 3 20 5
1982 10 10 20 4
1982 12 19 3 5
1983 1 10 -2 6
1983 2 4 2 4
1983 2 11 2 6
1983 2 28 2 15
1983 4 7 2 4
1983 7 12 25 4
1983 7 19 25 5
1983 10 8 22 4
1983 11 15 10 4
1984 8 6 20 13
1984 8 17 20 9
1984 9 7 20 4
1984 10 21 14 4
