1982  1  1    0.0   23.0    5.0
1982  1  2    0.0   22.0    4.0
1982  1  3    0.0   22.0    6.0
1982  1  4    0.0   20.0    6.0
1982  1  5    0.0   17.0   -3.0
1982  1  6    0.0   25.0   -2.0
1982  1  7    0.0   23.0    3.0
1982  1  8    0.0   24.0    4.0
1982  1  9    0.0   14.0    5.0
1982  1 10    0.0   21.0    5.0
1982  1 11   18.0   20.0    6.0
1982  1 12    0.0   13.0    8.0
1982  1 13    0.0   12.0    7.0
1982  1 14    0.0   17.0    3.0
1982  1 15    0.0   15.0   -4.0
1982  1 16    0.0   23.0    1.0
1982  1 17    0.0   21.0    1.0
1982  1 18    0.0   25.0   -3.0
1982  1 19    0.0   25.0    4.0
1982  1 20    0.0   21.0    5.0
1982  1 21    0.0   19.0   10.0
1982  1 22    0.0   21.0    5.0
1982  1 23    0.0   22.0    8.0
1982  1 24    0.0   21.0    1.0
1982  1 25    0.0   26.0    6.0
1982  1 26    0.0   25.0    4.0
1982  1 27    0.0   22.0    2.0
1982  1 28    0.0   24.0    5.0
1982  1 29    0.0   25.0    2.0
1982  1 30    0.0   15.0    3.0
1982  1 31    0.0   17.0   -2.0
1982  2  1    0.0   21.0   -1.0
1982  2  2    0.0   17.0    2.0
1982  2  3    0.0   21.0    5.0
1982  2  4    0.0   22.0    1.0
1982  2  5    0.0   23.0    2.0
1982  2  6    0.0   21.0    6.0
1982  2  7    0.0   24.0    5.0
1982  2  8    0.0   23.0    6.0
1982  2  9    0.0   21.0    4.0
1982  2 10    0.0   24.0    3.0
1982  2 11    0.0   25.0    2.0
1982  2 12    0.0   20.0   10.0
1982  2 13    0.0   21.0    4.0
1982  2 14    0.0   25.0    3.0
1982  2 15    0.0   24.0    4.0
1982  2 16    0.0   26.0    4.0
1982  2 17    0.0   26.0    7.0
1982  2 18    0.0   25.0    6.0
1982  2 19    0.0   22.0    6.0
1982  2 20    0.0   21.0    7.0
1982  2 21    0.0   21.0    5.0
1982  2 22    0.0   25.0    6.0
1982  2 23    0.0   29.0    6.0
1982  2 24    0.0   23.0    8.0
1982  2 25    0.0   22.0    5.0
1982  2 26    0.0   12.0    5.0
1982  2 27    0.0   19.0   -2.0
1982  2 28    0.0   20.0    5.0
1982  3  1    0.0   24.0    6.0
1982  3  2    0.0   26.0    6.0
1982  3  3    0.0   27.0    6.0
1982  3  4    0.0   26.0    6.0
1982  3  5    0.0   24.0    4.0
1982  3  6    0.0   28.0    5.0
1982  3  7    0.0   26.0    7.0
1982  3  8    0.0   27.0    6.0
1982  3  9    0.0   26.0    1.0
1982  3 10    0.0   29.0    6.0
1982  3 11    0.0   28.0    8.0
1982  3 12    0.0   30.0    9.0
1982  3 13    0.0   30.0    8.0
1982  3 14    0.0   28.0   11.0
1982  3 15    0.0   28.0    5.0
1982  3 16    0.0   28.0    4.0
1982  3 17    0.0   30.0    6.0
1982  3 18    0.0   32.0   10.0
1982  3 19    0.0   30.0   11.0
1982  3 20    0.0   30.0    6.0
1982  3 21    0.0   29.0    8.0
1982  3 22    0.0   30.0    8.0
1982  3 23    0.0   30.0    5.0
1982  3 24    0.0   29.0   12.0
1982  3 25    0.0   30.0   11.0
1982  3 26    0.0   29.0    7.0
1982  3 27    0.0   30.0    5.0
1982  3 28    0.0   29.0    7.0
1982  3 29    0.0   28.0    4.0
1982  3 30    0.0   29.0    7.0
1982  3 31    0.0   30.0    8.0
1982  4  1    0.0   32.0    7.0
1982  4  2    0.0   31.0    9.0
1982  4  3    0.0   32.0    7.0
1982  4  4    0.0   33.0    8.0
1982  4  5    0.0   33.0    9.0
1982  4  6    0.0   34.0   10.0
1982  4  7    0.0   34.0    9.0
1982  4  8    0.0   30.0   10.0
1982  4  9    0.0   30.0    9.0
1982  4 10    0.0   29.0   10.0
1982  4 11    0.0   32.0   10.0
1982  4 12    0.0   34.0    5.0
1982  4 13    0.0   33.0   16.0
1982  4 14    0.0   32.0   17.0
1982  4 15    0.0   32.0   10.0
1982  4 16    0.0   31.0    8.0
1982  4 17    0.0   34.0   10.0
1982  4 18    0.0   34.0   10.0
1982  4 19    0.0   32.0   11.0
1982  4 20    0.0   30.0   10.0
1982  4 21    0.0   28.0   14.0
1982  4 22    0.0   15.0   10.0
1982  4 23    0.0   21.0    9.0
1982  4 24    0.0   27.0    5.0
1982  4 25    0.0   29.0    6.0
1982  4 26    0.0   31.0    7.0
1982  4 27    0.0   31.0   12.0
1982  4 28    6.0   21.0   13.0
1982  4 29    0.0   29.0   14.0
1982  4 30    0.0   27.0    8.0
1982  5  1    0.0   23.0   10.0
1982  5  2    0.0   31.0   16.0
1982  5  3    0.0   29.0   17.0
1982  5  4    0.0   29.0   11.0
1982  5  5    0.0   28.0   14.0
1982  5  6    0.0   28.0   18.0
1982  5  7    0.0   31.0    9.0
1982  5  8    0.0   31.0    8.0
1982  5  9    0.0   30.0    9.0
1982  5 10    0.0   31.0    5.0
1982  5 11    0.0   30.0    9.0
1982  5 12    0.0   29.0   15.0
1982  5 13    0.0   29.0    8.0
1982  5 14    0.0   30.0    7.0
1982  5 15    0.0   33.0   10.0
1982  5 16    0.0   33.0   11.0
1982  5 17    0.0   33.0   15.0
1982  5 18    0.0   33.0   13.0
1982  5 19    0.0   33.0   13.0
1982  5 20    0.0   31.0   16.0
1982  5 21    0.0   33.0   13.0
1982  5 22    0.0   34.0   13.0
1982  5 23    0.0   33.0   12.0
1982  5 24    0.0   34.0   14.0
1982  5 25    0.0   35.0   16.0
1982  5 26    0.0   34.0   17.0
1982  5 27    0.0   33.0   16.0
1982  5 28    0.0   35.0   17.0
1982  5 29    0.0   31.0   14.0
1982  5 30    0.0   36.0   13.0
1982  5 31    0.0   34.0   14.0
1982  6  1    0.0   40.0   16.0
1982  6  2    0.0   38.0   14.0
1982  6  3    0.0   38.0   14.0
1982  6  4    0.0   40.0   17.0
1982  6  5    0.0   41.0   18.0
1982  6  6    0.0   39.0   19.0
1982  6  7    0.0   39.0   19.0
1982  6  8    0.0   40.0   17.0
1982  6  9    0.0   39.0   15.0
1982  6 10    0.0   37.0   17.0
1982  6 11    0.0   37.0   18.0
1982  6 12    0.0   38.0   20.0
1982  6 13    0.0   36.0   18.0
1982  6 14    0.0   37.0   19.0
1982  6 15    0.0   37.0   22.0
1982  6 16    0.0   39.0   22.0
1982  6 17    0.0   37.0   18.0
1982  6 18    0.0   36.0   19.0
1982  6 19    0.0   37.0   15.0
1982  6 20    0.0   36.0   11.0
1982  6 21    0.0   37.0   15.0
1982  6 22    0.0   36.0   21.0
1982  6 23    0.0   38.0   17.0
1982  6 24    0.0   39.0   19.0
1982  6 25    0.0   38.0   20.0
1982  6 26    0.0   40.0   18.0
1982  6 27    0.0   39.0   19.0
1982  6 28    0.0   37.0   20.0
1982  6 29    0.0   35.0   19.0
1982  6 30    0.0   37.0   20.0
1982  7  1    0.0   35.0   19.0
1982  7  2   17.0   34.0   18.0
1982  7  3    2.5   32.0   17.0
1982  7  4    0.0   32.0   18.0
1982  7  5    0.0   32.0   19.0
1982  7  6    0.0   34.0   16.0
1982  7  7   10.0   34.0   20.0
1982  7  8    3.0   34.0   19.0
1982  7  9    0.0   33.0   18.0
1982  7 10    0.0   36.0   20.0
1982  7 11    0.0   35.0   21.0
1982  7 12    0.0   34.0   18.0
1982  7 13    0.0   34.0   17.0
1982  7 14    0.0   35.0   17.0
1982  7 15    7.0   36.0   17.0
1982  7 16    5.0   34.0   19.0
1982  7 17    0.0   35.0   18.0
1982  7 18    0.0   34.0   19.0
1982  7 19    7.0   35.0   19.0
1982  7 20    0.0   32.0   18.0
1982  7 21    0.0   35.0   14.0
1982  7 22    0.0   33.0   15.0
1982  7 23    0.0   32.0   17.0
1982  7 24    0.0   33.0   18.0
1982  7 25    0.0   34.0   16.0
1982  7 26    0.0   33.0   18.0
1982  7 27    0.0   35.0   15.0
1982  7 28    0.0   35.0   16.0
1982  7 29    0.0   34.0   18.0
1982  7 30    0.0   33.0   19.0
1982  7 31    0.0   34.0   17.0
1982  8  1    0.0   34.0   18.0
1982  8  2    0.0   35.0   19.0
1982  8  3    0.0   34.0   18.0
1982  8  4    0.0   35.0   15.0
1982  8  5    8.5   33.0   17.0
1982  8  6    0.0   34.0   16.0
1982  8  7    0.0   34.0   17.0
1982  8  8   23.0   35.0   16.0
1982  8  9   14.0   27.0   18.0
1982  8 10    4.0   26.0   17.0
1982  8 11    0.0   29.0   19.0
1982  8 12    0.0   30.0   16.0
1982  8 13    0.0   33.0   16.0
1982  8 14    0.0   34.0   17.0
1982  8 15    0.0   35.0   17.0
1982  8 16    0.0   35.0   19.0
1982  8 17    0.0   35.0   18.0
1982  8 18    6.0   34.0   17.0
1982  8 19    0.0   33.0   15.0
1982  8 20   13.0   33.0   17.0
1982  8 21    0.0   32.0   17.0
1982  8 22    7.0   31.0   17.0
1982  8 23    0.0   33.0   15.0
1982  8 24    0.0   33.0   17.0
1982  8 25    0.0   32.0   16.0
1982  8 26    0.0   32.0   15.0
1982  8 27    0.0   31.0   17.0
1982  8 28    0.0   33.0   15.0
1982  8 29    0.0   34.0   16.0
1982  8 30    0.0   34.0   16.0
1982  8 31    0.0   33.0   18.0
1982  9  1    0.0   33.0   17.0
1982  9  2    0.0   36.0   19.0
1982  9  3    0.0   33.0   18.0
1982  9  4    0.0   30.0   18.0
1982  9  5   10.0   32.0   15.0
1982  9  6    0.0   32.0   17.0
1982  9  7    0.0   31.0   16.0
1982  9  8   12.0   32.0   17.0
1982  9  9    7.0   31.0   18.0
1982  9 10    0.0   31.0   11.0
1982  9 11    0.0   30.0   10.0
1982  9 12    0.0   36.0   17.0
1982  9 13    0.0   32.0   19.0
1982  9 14    6.0   31.0   14.0
1982  9 15    0.0   32.0   14.0
1982  9 16    0.0   31.0   15.0
1982  9 17    0.0   33.0   15.0
1982  9 18    0.0   30.0   15.0
1982  9 19    0.0   33.0   15.0
1982  9 20    0.0   32.0   14.0
1982  9 21    0.0   31.0   15.0
1982  9 22    0.0   30.0   15.0
1982  9 23    0.0   33.0   14.0
1982  9 24    0.0   34.0   15.0
1982  9 25    0.0   33.0   14.0
1982  9 26    0.0   35.0   14.0
1982  9 27    0.0   32.0   18.0
1982  9 28    5.0   33.0   16.0
1982  9 29    0.0   25.0   17.0
1982  9 30    0.0   28.0   16.0
1982 10  1    0.0   32.0   12.0
1982 10  2    0.0   33.0   15.0
1982 10  3    0.0   32.0   15.0
1982 10  4    0.0   32.0   15.0
1982 10  5    0.0   33.0   13.0
1982 10  6    0.0   34.0   16.0
1982 10  7    0.0   33.0   15.0
1982 10  8    0.0   32.0   13.0
1982 10  9    0.0   31.0   12.0
1982 10 10    0.0   33.0   14.0
1982 10 11    0.0   30.0    9.0
1982 10 12    0.0   28.0    8.0
1982 10 13    0.0   23.0    9.0
1982 10 14    0.0   26.0    8.0
1982 10 15    0.0   28.0   10.0
1982 10 16    0.0   28.0   11.0
1982 10 17    0.0   31.0   11.0
1982 10 18    0.0   32.0   13.0
1982 10 19    0.0   31.0   15.0
1982 10 20    0.0   26.0   10.0
1982 10 21    0.0   29.0    9.0
1982 10 22    0.0   27.0   10.0
1982 10 23    0.0   27.0    9.0
1982 10 24    0.0   28.0    9.0
1982 10 25    0.0   29.0    9.0
1982 10 26    0.0   32.0    9.0
1982 10 27    0.0   24.0   15.0
1982 10 28    0.0   24.0    7.0
1982 10 29    0.0   26.0    6.0
1982 10 30    0.0   30.0    8.0
1982 10 31    0.0   31.0    8.0
1982 11  1    0.0   30.0    8.0
1982 11  2    0.0   26.0    7.0
1982 11  3    0.0   14.0    5.0
1982 11  4    0.0   18.0    2.0
1982 11  5    0.0   24.0    2.0
1982 11  6    0.0   27.0    3.0
1982 11  7    0.0   27.0    6.0
1982 11  8    0.0   22.0    8.0
1982 11  9    0.0   25.0   10.0
1982 11 10    0.0   24.0   14.0
1982 11 11    0.0   26.0   11.0
1982 11 12    0.0   18.0    6.0
1982 11 13    0.0   27.0    8.0
1982 11 14    0.0   25.0    6.0
1982 11 15    0.0   21.0    2.0
1982 11 16    0.0   24.0    7.0
1982 11 17    0.0   23.0    8.0
1982 11 18    0.0   22.0    8.0
1982 11 19    0.0   21.0    7.0
1982 11 20    0.0   21.0    6.0
1982 11 21    0.0   22.0    5.0
1982 11 22    0.0   26.0    5.0
1982 11 23    0.0   25.0    4.0
1982 11 24   11.0   17.0    6.0
1982 11 25    0.0   17.0    2.0
1982 11 26    0.0   11.0    2.0
1982 11 27    0.0   16.0    5.0
1982 11 28    0.0   14.0    2.0
1982 11 29    0.0   21.0    3.0
1982 11 30    0.0   20.0    5.0
1982 12  1    3.0   21.0    8.0
1982 12  2    0.0   14.0   12.0
1982 12  3    0.0   13.0    3.0
1982 12  4    0.0   17.0    2.0
1982 12  5    0.0   22.0    2.0
1982 12  6    0.0   19.0    1.0
1982 12  7    0.0   23.0    1.0
1982 12  8   55.0   22.0    4.0
1982 12  9    0.0   23.0    3.0
1982 12 10    0.0   21.0    9.0
1982 12 11    0.0   15.0    6.0
1982 12 12    0.0   14.0    1.0
1982 12 13    0.0   18.0    3.0
1982 12 14    0.0   18.0    4.0
1982 12 15    0.0   16.0    3.0
1982 12 16    0.0   19.0    2.0
1982 12 17    0.0   21.0    3.0
1982 12 18    0.0   25.0    4.0
1982 12 19    0.0   21.0    3.0
1982 12 20    0.0   25.0    3.0
1982 12 21    0.0   21.0    4.0
1982 12 22    0.0   23.0    4.0
1982 12 23    0.0   21.0    5.0
1982 12 24    0.0   23.0    7.0
1982 12 25    0.0    8.0    3.0
1982 12 26    0.0    4.0    2.0
1982 12 27    0.0   13.0   -5.0
1982 12 28    0.0   17.0    3.0
1982 12 29    0.0   14.0    1.0
1982 12 30    0.0   17.0    1.0
1982 12 31    0.0   16.0    2.0
1983  1  1    0.0   18.0    2.0
1983  1  2    0.0   12.0    7.0
1983  1  3    0.0   18.0    7.0
1983  1  4    0.0   19.0    1.0
1983  1  5    0.0   20.0    6.0
1983  1  6    0.0   21.0    2.0
1983  1  7    0.0   22.0    2.0
1983  1  8    0.0   18.0    4.0
1983  1  9    0.0   22.0    2.0
1983  1 10    0.0   23.0    4.0
1983  1 11    0.0   20.0    2.0
1983  1 12    0.0   18.0    4.0
1983  1 13    0.0   17.0    7.0
1983  1 14    0.0   15.0    3.0
1983  1 15    0.0   15.0    5.0
1983  1 16    0.0   17.0    3.0
1983  1 17    0.0   18.0    3.0
1983  1 18    0.0   18.0    4.0
1983  1 19    0.0   18.0    8.0
1983  1 20    0.0    9.0    2.0
1983  1 21    0.0   11.0    2.0
1983  1 22    0.0   14.0    2.0
1983  1 23    0.0   17.0    2.0
1983  1 24    0.0   18.0    2.0
1983  1 25    0.0   13.0    2.0
1983  1 26    0.0   24.0    2.0
1983  1 27    0.0   24.0    1.0
1983  1 28    0.0   25.0    4.0
1983  1 29    0.0   24.0    4.0
1983  1 30    5.0   21.0    2.0
1983  1 31    0.0   22.0    3.0
1983  2  1    0.0   14.0    1.0
1983  2  2    0.0   14.0    1.0
1983  2  3    0.0   22.0    1.0
1983  2  4    0.0   15.0   10.0
1983  2  5    0.0   20.0    3.0
1983  2  6    0.0   18.0    2.0
1983  2  7    0.0   19.0    1.0
1983  2  8    0.0   24.0    4.0
1983  2  9    0.0   22.0    3.0
1983  2 10    0.0   20.0    2.0
1983  2 11    0.0   19.0    6.0
1983  2 12    0.0   24.0    2.0
1983  2 13    0.0   25.0    2.0
1983  2 14    0.0   21.0    3.0
1983  2 15    0.0   18.0    5.0
1983  2 16    0.0   22.0    1.0
1983  2 17    0.0   23.0    6.0
1983  2 18    0.0   24.0    5.0
1983  2 19    0.0   27.0    5.0
1983  2 20    0.0   20.0    4.0
1983  2 21    0.0   22.0    5.0
1983  2 22    0.0   22.0    2.0
1983  2 23    0.0   24.0    6.0
1983  2 24    0.0   22.0    6.0
1983  2 25    0.0   21.0    5.0
1983  2 26    0.0   20.0    5.0
1983  2 27    0.0   22.0    5.0
1983  2 28    0.0   25.0    4.0
1983  3  1    0.0   25.0    6.0
1983  3  2    0.0   21.0    5.0
1983  3  3    8.0   26.0    4.0
1983  3  4    0.0   22.0    5.0
1983  3  5    0.0   20.0    2.0
1983  3  6    0.0   21.0    4.0
1983  3  7    0.0   27.0    2.0
1983  3  8    0.0   23.0    2.0
1983  3  9    0.0   23.0    7.0
1983  3 10    0.0   26.0    5.0
1983  3 11    0.0   33.0    7.0
1983  3 12    0.0   22.0    7.0
1983  3 13    0.0   30.0    8.0
1983  3 14    0.0   33.0    7.0
1983  3 15    0.0   28.0    8.0
1983  3 16    0.0   26.0    8.0
1983  3 17    0.0   31.0    7.0
1983  3 18    0.0   32.0    8.0
1983  3 19    0.0   31.0    7.0
1983  3 20    0.0   33.0    6.0
1983  3 21    0.0   33.0    7.0
1983  3 22    0.0   38.0    7.0
1983  3 23    0.0   35.0    7.0
1983  3 24    0.0   38.0    8.0
1983  3 25    0.0   23.0    8.0
1983  3 26    0.0   22.0    3.0
1983  3 27    0.0   33.0    1.0
1983  3 28    0.0   39.0    1.0
1983  3 29    0.0   34.0    5.0
1983  3 30    0.0   34.0    4.0
1983  3 31    0.0   32.0    6.0
1983  4  1    0.0   35.0    9.0
1983  4  2    0.0   34.0   10.0
1983  4  3    0.0   35.0    4.0
1983  4  4    0.0   32.0    5.0
1983  4  5    0.0   29.0    3.0
1983  4  6    7.0   15.0    6.0
1983  4  7    0.0   25.0   -2.0
1983  4  8    0.0   23.0   -2.0
1983  4  9    0.0   25.0    7.0
1983  4 10    0.0   29.0    2.0
1983  4 11    0.0   28.0    2.0
1983  4 12    0.0   25.0    4.0
1983  4 13    0.0   25.0    7.0
1983  4 14    0.0   23.0    3.0
1983  4 15    0.0   24.0    5.0
1983  4 16    0.0   27.0    7.0
1983  4 17    0.0   32.0    8.0
1983  4 18    0.0   33.0   11.0
1983  4 19    0.0   32.0    9.0
1983  4 20    0.0   29.0    9.0
1983  4 21    0.0   29.0    6.0
1983  4 22    0.0   28.0    7.0
1983  4 23    0.0   28.0   10.0
1983  4 24    0.0   30.0    9.0
1983  4 25    0.0   30.0   11.0
1983  4 26    0.0   30.0    9.0
1983  4 27    0.0   31.0   12.0
1983  4 28    0.0   33.0   14.0
1983  4 29    0.0   34.0   11.0
1983  4 30    0.0   31.0   14.0
1983  5  1    0.0   35.0   15.0
1983  5  2    0.0   32.0   10.0
1983  5  3    0.0   27.0    7.0
1983  5  4    0.0   34.0    8.0
1983  5  5    0.0   34.0   11.0
1983  5  6    0.0   35.0   10.0
1983  5  7    0.0   33.0   13.0
1983  5  8    0.0   30.0   13.0
1983  5  9    0.0   29.0   12.0
1983  5 10    0.0   34.0   10.0
1983  5 11    0.0   35.0   12.0
1983  5 12    0.0   34.0   19.0
1983  5 13    0.0   32.0   11.0
1983  5 14    0.0   31.0    8.0
1983  5 15    0.0   30.0    9.0
1983  5 16    0.0   33.0   10.0
1983  5 17    0.0   33.0    9.0
1983  5 18    0.0   31.0   10.0
1983  5 19    0.0   33.0   10.0
1983  5 20    0.0   32.0   10.0
1983  5 21    0.0   32.0   11.0
1983  5 22    0.0   35.0   13.0
1983  5 23    0.0   36.0   14.0
1983  5 24    0.0   34.0   16.0
1983  5 25   12.0   33.0   15.0
1983  5 26    0.0   28.0   15.0
1983  5 27    0.0   30.0   15.0
1983  5 28    0.0   31.0   16.0
1983  5 29    0.0   29.0   15.0
1983  5 30    0.0   34.0   14.0
1983  5 31    0.0   35.0   16.0
1983  6  1    0.0   32.0   17.0
1983  6  2    0.0   35.0   16.0
1983  6  3    0.0   35.0   17.0
1983  6  4    0.0   34.0   19.0
1983  6  5    0.0   37.0   16.0
1983  6  6    0.0   33.0   15.0
1983  6  7    0.0   33.0   14.0
1983  6  8    0.0   37.0   19.0
1983  6  9    0.0   32.0   15.0
1983  6 10    0.0   38.0   17.0
1983  6 11    0.0   38.0   17.0
1983  6 12    0.0   37.0   18.0
1983  6 13    3.0   37.0   19.0
1983  6 14    0.0   37.0   20.0
1983  6 15    0.0   32.0   16.0
1983  6 16    0.0   35.0   17.0
1983  6 17    0.0   36.0   15.0
1983  6 18    0.0   38.0   21.0
1983  6 19    0.0   39.0   22.0
1983  6 20    0.0   40.0   22.0
1983  6 21    0.0   38.0   18.0
1983  6 22    0.0   39.0   21.0
1983  6 23    0.0   36.0   22.0
1983  6 24    0.0   34.0   18.0
1983  6 25    0.0   35.0   19.0
1983  6 26    0.0   37.0   19.0
1983  6 27    0.0   36.0   18.0
1983  6 28    0.0   36.0   17.0
1983  6 29    0.0   38.0   17.0
1983  6 30    0.0   39.0   19.0
1983  7  1    0.0   38.0   18.0
1983  7  2    0.0   38.0   18.0
1983  7  3    0.0   37.0   22.0
1983  7  4    0.0   39.0   19.0
1983  7  5    0.0   37.0   18.0
1983  7  6    0.0   36.0   16.0
1983  7  7    0.0   32.0   17.0
1983  7  8    0.0   34.0   17.0
1983  7  9    0.0   35.0   17.0
1983  7 10    0.0   36.0   14.0
1983  7 11    0.0   33.0   17.0
1983  7 12    0.0   35.0   16.0
1983  7 13    0.0   34.0   15.0
1983  7 14    0.0   35.0   17.0
1983  7 15    0.0   36.0   20.0
1983  7 16    0.0   38.0   20.0
1983  7 17    0.0   37.0   17.0
1983  7 18    0.0   37.0   19.0
1983  7 19   12.0   36.0   16.0
1983  7 20    0.0   30.0   18.0
1983  7 21    0.0   32.0   17.0
1983  7 22    0.0   34.0   17.0
1983  7 23    0.0   34.0   19.0
1983  7 24    5.0   35.0   17.0
1983  7 25    0.0   37.0   16.0
1983  7 26    0.0   35.0   20.0
1983  7 27    5.0   33.0   18.0
1983  7 28    6.0   33.0   19.0
1983  7 29    0.0   34.0   18.0
1983  7 30    0.0   33.0   18.0
1983  7 31    0.0   32.0   18.0
1983  8  1    0.0   33.0   19.0
1983  8  2    0.0   34.0   18.0
1983  8  3    0.0   35.0   18.0
1983  8  4   12.0   28.0   18.0
1983  8  5    0.0   27.0   15.0
1983  8  6   26.0   30.0   18.0
1983  8  7    0.0   33.0   17.0
1983  8  8    0.0   27.0   17.0
1983  8  9    0.0   30.0   17.0
1983  8 10    5.0   30.0   19.0
1983  8 11    0.0   29.0   18.0
1983  8 12    0.0   28.0   17.0
1983  8 13    0.0   30.0   18.0
1983  8 14    0.0   28.0   17.0
1983  8 15   38.0   25.0   19.0
1983  8 16    0.0   23.0   16.0
1983  8 17    0.0   28.0   17.0
1983  8 18    0.0   30.0   16.0
1983  8 19    0.0   31.0   16.0
1983  8 20    0.0   35.0   17.0
1983  8 21   10.0   30.0   17.0
1983  8 22   12.0   31.0   13.0
1983  8 23    0.0   31.0   17.0
1983  8 24    0.0   29.0   15.0
1983  8 25    0.0   31.0   17.0
1983  8 26    0.0   32.0   16.0
1983  8 27    0.0   33.0   17.0
1983  8 28    0.0   33.0   18.0
1983  8 29    0.0   33.0   18.0
1983  8 30    0.0   31.0   17.0
1983  8 31    0.0   32.0   18.0
1983  9  1    0.0   33.0   17.0
1983  9  2    0.0   33.0   17.0
1983  9  3    0.0   34.0   17.0
1983  9  4    0.0   33.0   15.0
1983  9  5    0.0   36.0   18.0
1983  9  6    0.0   33.0   20.0
1983  9  7    0.0   34.0   21.0
1983  9  8    0.0   34.0   16.0
1983  9  9    0.0   33.0   18.0
1983  9 10   14.0   34.0   17.0
1983  9 11    0.0   30.0   17.0
1983  9 12    0.0   30.0   16.0
1983  9 13    0.0   32.0   17.0
1983  9 14    0.0   31.0   18.0
1983  9 15    0.0   29.0   19.0
1983  9 16    7.1   28.0   19.0
1983  9 17    0.0   29.0   17.0
1983  9 18    0.0   30.0   16.0
1983  9 19    0.0   31.0   16.0
1983  9 20    0.0   23.0   14.0
1983  9 21    0.0   24.0   16.0
1983  9 22    0.0   30.0   13.0
1983  9 23    0.0   30.0   15.0
1983  9 24    0.0   31.0   12.0
1983  9 25    0.0   32.0   15.0
1983  9 26    0.0   33.0   16.0
1983  9 27    0.0   31.0   16.0
1983  9 28    0.0   29.0   17.0
1983  9 29    0.0   24.0   17.0
1983  9 30    0.0   21.0   14.0
1983 10  1    0.0   29.0   14.0
1983 10  2    0.0   32.0   14.0
1983 10  3    0.0   31.0   15.0
1983 10  4    0.0   31.0   15.0
1983 10  5    0.0   32.0   17.0
1983 10  6    0.0   34.0   16.0
1983 10  7    0.0   33.0   16.0
1983 10  8    0.0   33.0   15.0
1983 10  9    0.0   31.0   13.0
1983 10 10    0.0   31.0   13.0
1983 10 11    0.0   33.0   14.0
1983 10 12    0.0   31.0   12.0
1983 10 13    0.0   29.0   14.0
1983 10 14    0.0   30.0    8.0
1983 10 15    0.0   31.0   11.0
1983 10 16    0.0   32.0   11.0
1983 10 17    0.0   31.0    9.0
1983 10 18   18.5   25.0   10.0
1983 10 19    0.0   26.0    8.0
1983 10 20    0.0   24.0    9.0
1983 10 21    0.0   24.0   10.0
1983 10 22    0.0   26.0   11.0
1983 10 23    0.0   29.0   10.0
1983 10 24    0.0   29.0    9.0
1983 10 25   11.0   21.0   12.0
1983 10 26    3.0   23.0   12.0
1983 10 27    8.0   20.0    8.0
1983 10 28    3.0   24.0    8.0
1983 10 29    0.0   23.0   11.0
1983 10 30    0.0   25.0   10.0
1983 10 31    0.0   24.0   10.0
1983 11  1    0.0   28.0   11.0
1983 11  2    0.0   23.0   10.0
1983 11  3    3.0   18.0   14.0
1983 11  4    0.0   19.0   12.0
1983 11  5    0.0   22.0    8.0
1983 11  6    0.0   24.0    9.0
1983 11  7    0.0   25.0    9.0
1983 11  8    0.0   25.0    8.0
1983 11  9    0.0   25.0   10.0
1983 11 10    0.0   25.0    6.0
1983 11 11    0.0   20.0    8.0
1983 11 12    0.0   24.0   10.0
1983 11 13    0.0   28.0    6.0
1983 11 14    0.0   28.0    7.0
1983 11 15    0.0   28.0    5.0
1983 11 16    0.0   27.0    7.0
1983 11 17    0.0   26.0    7.0
1983 11 18    0.0   20.0    6.0
1983 11 19    0.0   23.0   11.0
1983 11 20    0.0   19.0    3.0
1983 11 21    0.0   25.0    5.0
1983 11 22    0.0   19.0    5.0
1983 11 23    0.0   16.0   -2.0
1983 11 24    0.0   18.0   -3.0
1983 11 25    0.0   25.0   -1.0
1983 11 26    0.0   19.0   -1.0
1983 11 27    0.0   18.0   -3.0
1983 11 28    0.0   20.0   -3.0
1983 11 29    0.0   24.0   -1.0
1983 11 30    0.0   25.0    5.0
1983 12  1    0.0   23.0    3.0
1983 12  2    0.0   20.0    7.0
1983 12  3    0.0   23.0    2.0
1983 12  4    0.0   26.0    2.0
1983 12  5    0.0   24.0    4.0
1983 12  6    0.0   13.0    1.0
1983 12  7    0.0   25.0    1.0
1983 12  8    0.0   25.0    3.0
1983 12  9    0.0   21.0    7.0
1983 12 10    0.0   26.0    6.0
1983 12 11    0.0   24.0    3.0
1983 12 12    0.0   24.0    6.0
1983 12 13    0.0   25.0    3.0
1983 12 14    0.0   27.0    2.0
1983 12 15    0.0   22.0    1.0
1983 12 16    0.0   27.0    4.0
1983 12 17    0.0   25.0    4.0
1983 12 18    0.0   23.0    2.0
1983 12 19    0.0   22.0   -2.0
1983 12 20    0.0   25.0    3.0
1983 12 21    0.0   22.0    1.0
1983 12 22    0.0   26.0    5.0
1983 12 23    0.0   28.0    5.0
1983 12 24    0.0   24.0    6.0
1983 12 25    0.0   26.0   -4.0
1983 12 26    0.0   24.0   -4.0
1983 12 27    0.0   21.0    1.0
1983 12 28    0.0   20.0    2.0
1983 12 29    0.0   10.0   -3.0
1983 12 30    0.0   13.0   -7.0
1983 12 31    0.0   12.0   -6.0
1984  1  1    0.0   19.0    4.0
1984  1  2    0.0   20.0    2.0
1984  1  3    0.0   20.0    4.0
1984  1  4    0.0   19.0    3.0
1984  1  5    0.0   24.0    7.0
1984  1  6    0.0   18.0    2.0
1984  1  7    0.0   19.0    6.0
1984  1  8    0.0   26.0    0.0
1984  1  9    0.0   13.0    0.0
1984  1 10    0.0   22.0   -4.0
1984  1 11    0.0   22.0   -3.0
1984  1 12    0.0   23.0   -2.0
1984  1 13    0.0   21.0    2.0
1984  1 14    0.0   27.0    2.0
1984  1 15    0.0   29.0   -2.0
1984  1 16    0.0   28.0   -2.0
1984  1 17    0.0   24.0   -3.0
1984  1 18    0.0   27.0   -3.0
1984  1 19    0.0   26.0    3.0
1984  1 20    0.0   20.0    7.0
1984  1 21    0.0   29.0   -4.0
1984  1 22    0.0   27.0    4.0
1984  1 23    0.0   21.0    2.0
1984  1 24    0.0   23.0    3.0
1984  1 25    0.0   28.0    6.0
1984  1 26    0.0   24.0    9.0
1984  1 27    0.0   27.0    4.0
1984  1 28    0.0   29.0    8.0
1984  1 29   20.0   21.0   -1.0
1984  1 30    0.0   13.0   -2.0
1984  1 31    0.0   12.0   -1.0
1984  2  1  -99.9  -99.9  -99.9
1984  2  2  -99.9  -99.9  -99.9
1984  2  3  -99.9  -99.9  -99.9
1984  2  4  -99.9  -99.9  -99.9
1984  2  5  -99.9  -99.9  -99.9
1984  2  6  -99.9  -99.9  -99.9
1984  2  7  -99.9  -99.9  -99.9
1984  2  8  -99.9  -99.9  -99.9
1984  2  9  -99.9  -99.9  -99.9
1984  2 10  -99.9  -99.9  -99.9
1984  2 11  -99.9  -99.9  -99.9
1984  2 12  -99.9  -99.9  -99.9
1984  2 13  -99.9  -99.9  -99.9
1984  2 14  -99.9  -99.9  -99.9
1984  2 15  -99.9  -99.9  -99.9
1984  2 16  -99.9  -99.9  -99.9
1984  2 17  -99.9  -99.9  -99.9
1984  2 18  -99.9  -99.9  -99.9
1984  2 19  -99.9  -99.9  -99.9
1984  2 20  -99.9  -99.9  -99.9
1984  2 21  -99.9  -99.9  -99.9
1984  2 22  -99.9  -99.9  -99.9
1984  2 23  -99.9  -99.9  -99.9
1984  2 24  -99.9  -99.9  -99.9
1984  2 25  -99.9  -99.9  -99.9
1984  2 26  -99.9  -99.9  -99.9
1984  2 27  -99.9  -99.9  -99.9
1984  2 28  -99.9  -99.9  -99.9
1984  2 29  -99.9  -99.9  -99.9
1984  3  1    0.0   32.0    5.0
1984  3  2    0.0   31.0    2.0
1984  3  3    0.0   32.0    9.0
1984  3  4    0.0   27.0   10.0
1984  3  5    0.0   25.0    4.0
1984  3  6    0.0   25.0    5.0
1984  3  7    0.0   27.0    4.0
1984  3  8    0.0   31.0    5.0
1984  3  9    0.0   30.0    3.0
1984  3 10    0.0   33.0    3.0
1984  3 11    0.0   31.0    6.0
1984  3 12    0.0   25.0    5.0
1984  3 13    0.0   34.0    8.0
1984  3 14    0.0   30.0    5.0
1984  3 15    0.0   30.0    9.0
1984  3 16    0.0   30.0    9.0
1984  3 17    0.0   31.0   10.0
1984  3 18    0.0   30.0   12.0
1984  3 19    0.0   25.0    6.0
1984  3 20    0.0   29.0    5.0
1984  3 21    0.0   28.0    8.0
1984  3 22    0.0   28.0    8.0
1984  3 23    0.0   27.0    5.0
1984  3 24    0.0   27.0    4.0
1984  3 25    0.0   23.0   12.0
1984  3 26    0.0   25.0   10.0
1984  3 27    0.0   25.0   13.0
1984  3 28    0.0   28.0    6.0
1984  3 29    0.0   28.0    5.0
1984  3 30    0.0   27.0   10.0
1984  3 31    0.0   28.0    8.0
1984  4  1    0.0   28.0   10.0
1984  4  2    0.0   25.0   10.0
1984  4  3    0.0   27.0    5.0
1984  4  4    0.0   23.0    6.0
1984  4  5    0.0   29.0   10.0
1984  4  6    0.0   31.0   10.0
1984  4  7    0.0   21.0   11.0
1984  4  8    0.0   21.0    6.0
1984  4  9    0.0   31.0    8.0
1984  4 10    0.0   31.0   10.0
1984  4 11    0.0   33.0   10.0
1984  4 12    0.0   32.0   12.0
1984  4 13    0.0   34.0   14.0
1984  4 14    0.0   29.0   12.0
1984  4 15    0.0   28.0    7.0
1984  4 16    0.0   29.0    8.0
1984  4 17    0.0   33.0    8.0
1984  4 18    0.0   30.0   11.0
1984  4 19    0.0   32.0    9.0
1984  4 20    0.0   30.0   12.0
1984  4 21    0.0   30.0   11.0
1984  4 22    0.0   31.0    7.0
1984  4 23    0.0   31.0    8.0
1984  4 24    0.0   32.0    8.0
1984  4 25    0.0   33.0    8.0
1984  4 26    0.0   29.0    8.0
1984  4 27    0.0   30.0   10.0
1984  4 28    0.0   32.0    7.0
1984  4 29    0.0   30.0   12.0
1984  4 30    0.0   32.0    8.0
1984  5  1    0.0   33.0    7.0
1984  5  2    0.0   34.0    8.0
1984  5  3    0.0   35.0   10.0
1984  5  4    0.0   31.0   14.0
1984  5  5    0.0   35.0   13.0
1984  5  6    0.0   36.0   12.0
1984  5  7    0.0   35.0   11.0
1984  5  8    0.0   36.0   15.0
1984  5  9    0.0   34.0    8.0
1984  5 10    0.0   37.0    5.0
1984  5 11    0.0   37.0   13.0
1984  5 12    0.0   37.0   17.0
1984  5 13    0.0   33.0   17.0
1984  5 14    0.0   32.0   14.0
1984  5 15    6.0   31.0   14.0
1984  5 16   13.0   26.0   14.0
1984  5 17    0.0   29.0   10.0
1984  5 18    0.0   33.0   12.0
1984  5 19    5.0   33.0   16.0
1984  5 20    0.0   34.0   14.0
1984  5 21    0.0   34.0   14.0
1984  5 22    0.0   37.0   14.0
1984  5 23    4.5   37.0   17.0
1984  5 24    0.0   32.0   16.0
1984  5 25    0.0   35.0   14.0
1984  5 26    0.0   38.0   17.0
1984  5 27    0.0   37.0   15.0
1984  5 28    0.0   35.0   17.0
1984  5 29    0.0   38.0   18.0
1984  5 30    0.0   36.0   15.0
1984  5 31    0.0   35.0   13.0
1984  6  1    0.0   36.0   18.0
1984  6  2    1.0   33.0   15.0
1984  6  3    0.0   32.0   14.0
1984  6  4    0.0   31.0   11.0
1984  6  5    0.0   33.0   14.0
1984  6  6    0.0   35.0   13.0
1984  6  7    0.0   37.0   15.0
1984  6  8    0.0   38.0   17.0
1984  6  9    0.0   38.0   16.0
1984  6 10    0.0   38.0   17.0
1984  6 11    0.0   38.0   19.0
1984  6 12    0.0   37.0   18.0
1984  6 13    5.0   34.0   16.0
1984  6 14    9.0   34.0   18.0
1984  6 15    0.0   34.0   18.0
1984  6 16    6.9   34.0   17.0
1984  6 17    0.0   28.0   15.0
1984  6 18    6.0   28.0   17.0
1984  6 19    0.0   29.0   15.0
1984  6 20    1.7   35.0   20.0
1984  6 21    1.0   38.0   22.0
1984  6 22    0.0   31.0   17.0
1984  6 23    6.0   33.0   18.0
1984  6 24    0.0   30.0   17.0
1984  6 25    0.0   33.0   16.0
1984  6 26    0.0   35.0   20.0
1984  6 27    2.7   39.0   20.0
1984  6 28    0.0   36.0   18.0
1984  6 29    0.0   35.0   17.0
1984  6 30    0.0   30.0   19.0
1984  7  1    0.0   33.0   17.0
1984  7  2    0.0   32.0   16.0
1984  7  3    0.0   38.0   19.0
1984  7  4   11.0   36.0   18.0
1984  7  5    0.0   30.0   16.0
1984  7  6   16.0   28.0   18.0
1984  7  7    0.0   28.0   14.0
1984  7  8    0.0   31.0   15.0
1984  7  9    0.0   37.0   16.0
1984  7 10   12.0   34.0   18.0
1984  7 11    0.0   33.0   16.0
1984  7 12    0.0   32.0   17.0
1984  7 13    0.0   28.0   15.0
1984  7 14    0.0   30.0   15.0
1984  7 15    0.0   32.0   15.0
1984  7 16    0.0   33.0   15.0
1984  7 17    0.0   33.0   14.0
1984  7 18    0.0   33.0   16.0
1984  7 19    0.0   36.0   18.0
1984  7 20    0.0   35.0   18.0
1984  7 21    0.0   36.0   19.0
1984  7 22    0.0   34.0   20.0
1984  7 23    0.0   32.0   17.0
1984  7 24    0.0   31.0   15.0
1984  7 25    0.0   30.0   14.0
1984  7 26    0.0   33.0   13.0
1984  7 27    0.0   32.0   12.0
1984  7 28    0.0   34.0   18.0
1984  7 29    0.0   35.0   15.0
1984  7 30    0.0   36.0   18.0
1984  7 31    0.0   37.0   14.0
1984  8  1    0.0   35.0   13.0
1984  8  2   15.0   32.0   12.0
1984  8  3   12.0   36.0   14.0
1984  8  4    0.0   35.0   17.0
1984  8  5    0.0   35.0   15.0
1984  8  6   45.0   35.0   17.0
1984  8  7    0.0   34.0   14.0
1984  8  8   19.0   32.0   16.0
1984  8  9   10.0   36.0   17.0
1984  8 10    9.0   35.0   17.0
1984  8 11    0.0   34.0   17.0
1984  8 12    0.0   35.0   15.0
1984  8 13    0.0   34.0   18.0
1984  8 14    0.0   33.0   16.0
1984  8 15   16.0   35.0   12.0
1984  8 16    0.0   30.0   16.0
1984  8 17    0.0   34.0   14.0
1984  8 18    0.0   36.0   12.0
1984  8 19    0.0   35.0   15.0
1984  8 20    0.0   31.0   15.0
1984  8 21    0.0   36.0   14.0
1984  8 22    0.0   33.0   14.0
1984  8 23    0.0   33.0   15.0
1984  8 24    0.0   34.0   12.0
1984  8 25    0.0   33.0   14.0
1984  8 26    0.0   35.0   13.0
1984  8 27    0.0   33.0   17.0
1984  8 28    0.0   34.0   16.0
1984  8 29    0.0   34.0   17.0
1984  8 30    0.0   35.0   17.0
1984  8 31    0.0   33.0   16.0
1984  9  1    0.0   35.0   18.0
1984  9  2    0.0   28.0   17.0
1984  9  3    0.0   23.0   15.0
1984  9  4    0.0   25.0   18.0
1984  9  5    0.0   24.0   15.0
1984  9  6    0.0   28.0   14.0
1984  9  7    0.0   32.0   10.0
1984  9  8   12.0   35.0   18.0
1984  9  9    0.0   36.0   15.0
1984  9 10    0.0   34.0   17.0
1984  9 11    0.0   35.0   16.0
1984  9 12    0.0   33.0   15.0
1984  9 13    0.0   36.0   15.0
1984  9 14    0.0   37.0   14.0
1984  9 15    0.0   33.0   15.0
1984  9 16    0.0   32.0   17.0
1984  9 17    0.0   31.0   12.0
1984  9 18    0.0   30.0   11.0
1984  9 19    0.0   30.0   10.0
1984  9 20    0.0   29.0   15.0
1984  9 21    0.0   32.0    8.0
1984  9 22    0.0   31.0   10.0
1984  9 23    0.0   29.0    9.0
1984  9 24    0.0   33.0    8.0
1984  9 25    0.0   33.0   11.0
1984  9 26    0.0   29.0   19.0
1984  9 27    0.0   31.0   15.0
1984  9 28    0.0   34.0   17.0
1984  9 29    0.0   31.0   19.0
1984  9 30    0.0   32.0   18.0
1984 10  1    0.0   31.0   13.0
1984 10  2   14.0   29.0   12.0
1984 10  3    0.0   21.0   15.0
1984 10  4    0.0   22.0    9.0
1984 10  5    0.0   19.0    9.0
1984 10  6    0.0   22.0   10.0
1984 10  7    0.0   23.0   11.0
1984 10  8    0.0   29.0   10.0
1984 10  9    0.0   30.0    9.0
1984 10 10    0.0   28.0   12.0
1984 10 11    0.0   29.0    7.0
1984 10 12    0.0   30.0   10.0
1984 10 13    0.0   29.0    9.0
1984 10 14    0.0   28.0    7.0
1984 10 15    0.0   29.0    8.0
1984 10 16    0.0   27.0   10.0
1984 10 17    0.0   28.0    7.0
1984 10 18    0.0   29.0    9.0
1984 10 19    0.0   30.0    7.0
1984 10 20    0.0   21.0    6.0
1984 10 21    0.0   27.0    6.0
1984 10 22    0.0   28.0    3.0
1984 10 23    8.0   22.0    4.0
1984 10 24    8.0   23.0    7.0
1984 10 25    1.0   22.0    8.0
1984 10 26    0.0   22.0    3.0
1984 10 27    0.0   28.0    5.0
1984 10 28    0.0   20.0    9.0
1984 10 29    0.0   26.0   10.0
1984 10 30    0.0   22.0   12.0
1984 10 31    0.0   26.0   10.0
1984 11  1  -99.9  -99.9  -99.9
1984 11  2  -99.9  -99.9  -99.9
1984 11  3  -99.9  -99.9  -99.9
1984 11  4  -99.9  -99.9  -99.9
1984 11  5  -99.9  -99.9  -99.9
1984 11  6  -99.9  -99.9  -99.9
1984 11  7  -99.9  -99.9  -99.9
1984 11  8  -99.9  -99.9  -99.9
1984 11  9  -99.9  -99.9  -99.9
1984 11 10  -99.9  -99.9  -99.9
1984 11 11  -99.9  -99.9  -99.9
1984 11 12  -99.9  -99.9  -99.9
1984 11 13  -99.9  -99.9  -99.9
1984 11 14  -99.9  -99.9  -99.9
1984 11 15  -99.9  -99.9  -99.9
1984 11 16  -99.9  -99.9  -99.9
1984 11 17  -99.9  -99.9  -99.9
1984 11 18  -99.9  -99.9  -99.9
1984 11 19  -99.9  -99.9  -99.9
1984 11 20  -99.9  -99.9  -99.9
1984 11 21  -99.9  -99.9  -99.9
1984 11 22  -99.9  -99.9  -99.9
1984 11 23  -99.9  -99.9  -99.9
1984 11 24  -99.9  -99.9  -99.9
1984 11 25  -99.9  -99.9  -99.9
1984 11 26  -99.9  -99.9  -99.9
1984 11 27  -99.9  -99.9  -99.9
1984 11 28  -99.9  -99.9  -99.9
1984 11 29  -99.9  -99.9  -99.9
1984 11 30  -99.9  -99.9  -99.9
1984 12  1  -99.9  -99.9  -99.9
1984 12  2  -99.9  -99.9  -99.9
1984 12  3  -99.9  -99.9  -99.9
1984 12  4  -99.9  -99.9  -99.9
1984 12  5  -99.9  -99.9  -99.9
1984 12  6  -99.9  -99.9  -99.9
1984 12  7  -99.9  -99.9  -99.9
1984 12  8  -99.9  -99.9  -99.9
1984 12  9  -99.9  -99.9  -99.9
1984 12 10  -99.9  -99.9  -99.9
1984 12 11  -99.9  -99.9  -99.9
1984 12 12  -99.9  -99.9  -99.9
1984 12 13  -99.9  -99.9  -99.9
1984 12 14  -99.9  -99.9  -99.9
1984 12 15  -99.9  -99.9  -99.9
1984 12 16  -99.9  -99.9  -99.9
1984 12 17  -99.9  -99.9  -99.9
1984 12 18  -99.9  -99.9  -99.9
1984 12 19  -99.9  -99.9  -99.9
1984 12 20  -99.9  -99.9  -99.9
1984 12 21  -99.9  -99.9  -99.9
1984 12 22  -99.9  -99.9  -99.9
1984 12 23  -99.9  -99.9  -99.9
1984 12 24  -99.9  -99.9  -99.9
1984 12 25  -99.9  -99.9  -99.9
1984 12 26  -99.9  -99.9  -99.9
1984 12 27  -99.9  -99.9  -99.9
1984 12 28  -99.9  -99.9  -99.9
1984 12 29  -99.9  -99.9  -99.9
1984 12 30  -99.9  -99.9  -99.9
1984 12 31  -99.9  -99.9  -99.9
