pc up
1982 1 11 25 9.7 5.5 4.2
1992 1 10 45 7 1 6
1979 6 3 39 24 18.5 5.5
1979 7 19 77 29 16.8 12.2
1985 7 20 55.3 32 18 14
1989 7 29 56 32 19 13
1990 7 12 64 34 23 11
1976 9 5 80.6 24.6 15.5 9.1
1978 9 24 67.2 18 15 3
1981 9 4 88.4 27.9 16.5 11.4
1990 9 22 70.5 25.5 17 8.5
1995 9 14 112.9 18.6 16.8 1.8
1986 10 4 46.6 31 15 16
tx up
tx low
1980 4 13 0 8 NA NA
1983 4 7 10.8 4.8 0.9 3.9
1979 9 16 1 13 9 4
1976 11 30 0 2.2 -5.8 8
1978 11 30 0 1.5 0 1.5
1980 11 16 6.4 2 0 2
tn up
1990 1 15 0 35 22 13
1990 1 19 0 35 21 14
1990 1 24 0 38 22 16
1990 1 26 0 35 22 13
1990 1 29 0 36 21 15
tn low
2000 7 14 5 24 2 22
1975 8 2 0 31.8 2.3 29.5
1995 8 21 0 32.6 2.3 30.3
tr up
1975 8 2 0 31.8 2.3 29.5
1995 8 21 0 32.6 2.3 30.3
tr low
2000 7 26 3.2 23 21 2
