1945 3 6 0 4
1955 8 4 22 4
1955 9 29 17 4
1955 10 21 10 4
1955 12 13 0 4
1956 8 27 20 5
1956 12 9 6 4
1957 2 6 5 5
1957 6 19 24 4
1957 7 19 24 4
1957 10 24 11 4
1957 12 10 0 4
1958 1 16 0 4
1958 1 30 -3 4
1958 4 19 5 5
1958 4 26 5 4
1958 6 5 16 4
1958 6 21 18 7
1958 6 26 18 4
1961 2 6 -5 4
1961 8 5 13 6
1962 7 8 16 5
1963 6 28 20.9 4
1963 7 26 24.2 4
1963 8 5 22 4
1963 8 19 18 5
1963 9 5 19 5
1963 9 13 18 8
1963 9 22 19 5
1963 10 2 11 4
1964 9 27 16 7
1966 12 8 4 4
1967 3 13 8 4
1968 8 22 18 4
1972 11 23 0 4
1980 9 12 19 4
1981 9 22 13 4
