pc up
1938 1 21 22.8 14.8 -0.7 15.5
1970 1 30 24.2 15.3 -9.1 24.4
1973 1 6 25 7 1.5 5.5
1938 2 26 56.2 18.4 -0.3 18.7
1938 3 4 45.2 14.9 -1.3 16.2
1941 3 16 36 18 6.5 11.5
1941 5 22 34 29.2 11.5 17.7
1944 7 21 44 33.8 21 12.8
1944 7 22 45 31 18.5 12.5
1968 7 5 113.5 28 17.5 10.5
1971 7 1 55.5 32.4 20.5 11.9
1973 7 14 80.2 33.4 23 10.4
1941 8 12 63 36.4 18.5 17.9
1957 8 30 50 35 22 13
1978 8 19 52.5 35.3 22.9 12.4
1978 8 29 78 28.6 18.3 10.3
1945 10 2 51 13.4 12.7 0.700000000000001
1937 12 12 98.4 23.2 -0.2 23.4
1937 12 13 44 22.9 -0.4 23.3
tx up
1959 1 5 0 44 1.1 42.9
1935 12 26 0 44 -2.6 46.6
tx low
1965 3 2 0 -4 -7 3
1980 4 12 1.4 4.9 0 4.9
1983 4 5 10 2.5 0 2.5
1983 4 6 5.2 0.5 -2 2.5
1983 4 7 1.8 1.5 -0.5 2
1935 5 4 0 10.2 1 9.2
1970 9 28 0.6 12.5 8 4.5
1979 9 15 3.8 13.1 11 2.1
tn up
tn low
1970 7 10 0 39.5 2 37.5
1984 7 3 0 37.1 2.9 34.2
1931 8 22 0 34.2 7.8 26.4
1931 8 23 3 34.2 8 26.2
1963 8 25 0 36 1 35
1970 8 11 0 32.2 2.8 29.4
tr up
1959 1 5 0 44 1.1 42.9
1958 5 1 0 42 5 37
1970 7 10 0 39.5 2 37.5
1984 7 3 0 37.1 2.9 34.2
1963 8 25 0 36 1 35
1957 9 8 0 39 1.1 37.9
1957 9 25 0 39 1.3 37.7
1935 12 26 0 44 -2.6 46.6
tr low
