1961 4 12 5 4
1961 6 3 14 6
1961 9 11 15 4
1961 9 22 10 4
1962 1 28 2 4
1962 3 1 2 5
1962 3 23 2 4
1962 6 23 15 15
1962 6 29 15 4
1962 8 20 16 4
1962 10 4 15 4
1962 10 31 15 4
1962 11 12 5 4
1963 2 28 5 10
1963 3 13 3 4
1963 4 30 15 4
1963 5 15 7 6
1963 7 22 12 5
1963 9 25 10 4
1964 1 6 3 4
1964 1 10 2 4
1964 3 25 7 4
1964 4 4 4 4
1964 4 17 5 10
1964 4 29 5 12
1964 5 8 6 5
1964 6 2 12 25
1964 6 10 14 5
1964 6 20 16 5
1964 7 5 15 13
1964 7 19 15 9
1964 7 31 16 12
1964 8 20 15 5
1964 9 18 18 4
1964 10 2 15 12
1964 10 17 17 9
1964 10 30 16 5
1964 11 5 10 5
1964 11 10 5 4
1964 11 14 10 4
1964 11 19 7 5
1964 11 24 8 4
1964 11 29 5 5
1964 12 11 4 5
1964 12 20 -4 4
1964 12 24 -4 4
1965 4 15 6 11
1965 5 9 6 7
1965 5 19 5 5
1965 5 31 7 12
1965 6 8 11 4
1965 8 22 14 4
1966 4 24 12 6
1966 5 19 12 4
1966 7 18 12 5
1967 9 6 14 5
1969 3 11 2 6
1969 3 24 3 4
1969 8 11 15 5
1969 9 2 15 4
1969 9 12 16 4
1969 9 23 15 4
1969 11 13 5 4
1970 1 26 15 4
1970 2 18 7 6
1970 6 17 18 4
1970 6 23 14 5
1970 7 7 18 4
1970 7 19 14 7
1970 7 23 17 4
1970 8 4 16 5
1970 8 31 17 4
1970 9 9 13 5
1971 6 22 18 4
1971 9 27 10 4
1971 10 14 16 4
1972 3 29 2 4
1972 10 6 12 5
1972 10 19 12 6
1973 9 12 15 4
1973 10 7 8 5
1973 12 2 -3 12
1973 12 15 -1 5
1974 1 31 -6 4
1974 3 1 0 4
1974 3 18 3 17
1974 3 26 8 4
1974 6 5 20 5
1974 6 9 19 4
1974 6 21 12 4
1974 8 19 16 4
1974 9 15 14 4
1974 11 1 0 5
1974 11 26 -6 4
1974 12 9 -1 5
1975 4 29 5 4
1975 10 2 5 5
1975 10 14 6 6
1975 11 12 0 5
1975 12 1 -5 5
1975 12 30 -10 4
1976 2 21 0 4
1976 3 4 3 4
1976 4 18 2 5
1976 11 5 1 5
1977 3 24 5 4
1977 8 5 15 5
1978 6 26 22 4
1978 7 10 16 4
1978 7 20 17 5
1978 9 5 16 4
1978 9 10 14 4
1978 10 18 5 4
1978 10 25 8 4
1978 12 7 3 7
1979 1 4 -5 5
1979 1 23 -6 5
1979 2 23 0 5
1979 6 19 10 4
1979 7 6 15 6
1979 8 10 14 8
1979 8 28 14 4
1979 9 17 9 4
1979 10 7 8 5
1979 10 24 4 4
1979 11 13 -4 5
1979 11 21 -5 4
1979 12 3 -6 6
1979 12 12 0 4
1979 12 19 -2 7
1979 12 24 -7 4
1980 1 12 -3 4
1980 1 22 -3 8
1980 2 8 -3 4
1980 2 27 2 4
1980 3 2 0 4
1980 3 22 3 4
1980 4 22 5 4
1980 5 27 11 5
1980 7 29 17 5
1980 9 15 14 4
1980 12 7 3 4
1981 1 15 2 6
1981 2 8 -1 4
1981 2 22 2 5
1981 3 23 2 4
1981 11 25 -1 4
1982 1 10 -4 6
1982 5 2 9 4
1982 6 10 18 4
1982 6 20 14 4
1982 7 15 16 5
1982 7 26 15 5
1982 8 20 15 5
1982 9 20 15 5
1983 5 17 7 4
1983 12 21 -2 4
