1961 5 6 12 4
1961 10 24 10 5
1961 12 18 -2 4
1962 1 28 2 4
1962 3 3 2 7
1962 6 25 15 4
1962 8 21 16 6
1962 8 29 16 4
1962 9 4 17 4
1962 9 28 16 4
1962 10 22 16 8
1962 10 30 16 7
1962 11 12 5 4
1963 2 16 5 4
1963 3 14 3 5
1963 3 20 5 4
1963 3 29 5 4
1963 4 3 5 4
1963 8 10 11 5
1963 9 14 10 4
1963 9 28 10 4
1963 12 10 4 4
1964 1 18 2 6
1964 2 2 3 5
1964 3 16 5 4
1964 3 31 6 6
1964 4 9 4 6
1964 4 21 5 8
1964 4 26 4 5
1964 5 3 5 7
1964 5 9 6 6
1964 5 18 5 9
1964 5 31 6 13
1964 6 10 14 4
1964 6 24 16 13
1964 6 28 18 4
1964 7 27 15 24
1964 8 1 16 5
1964 8 19 14 9
1964 8 23 15 4
1964 8 31 16 5
1964 9 30 15 12
1964 10 18 17 9
1964 11 6 10 5
1964 11 27 8 5
1964 12 4 5 7
1965 1 26 5 4
1965 2 22 4 5
1965 2 28 -6 4
1965 3 15 6 6
1965 4 19 5 4
1965 5 30 6 5
1965 8 16 17 5
1965 8 25 14 5
1965 9 3 15 6
1966 4 16 12 4
1966 4 20 10 4
1966 5 28 10 4
1969 3 30 3 4
1969 4 10 5 4
1969 9 7 15 7
1969 11 14 5 5
1970 3 15 5 5
1970 4 13 8 4
1970 6 6 16 4
1970 6 19 18 5
1970 6 24 14 4
1970 7 26 17 5
1970 7 30 15 4
1970 12 10 14 4
1970 12 24 10 4
1971 1 12 10 4
1971 8 30 16 4
1971 9 17 12 5
1972 2 8 -1 4
1972 2 20 -1 4
1972 5 17 12 4
1972 7 15 16 4
1972 7 21 17 4
1972 8 8 16 6
1972 10 17 10 4
1973 2 12 -3 4
1973 3 3 3 6
1973 3 12 -1 5
1973 9 2 16 4
1973 10 23 3 6
1973 11 3 2 4
1974 1 3 -1 4
1974 3 15 3 4
1974 4 4 7 5
1974 6 8 20 5
1974 7 11 16 4
1974 8 29 13 6
1974 9 9 11 4
1974 9 16 14 4
1974 10 12 10 6
1975 1 3 -2 4
1975 5 26 9 4
1975 7 21 16 4
1975 9 8 15 4
1975 9 16 14 4
1975 10 11 6 4
1975 11 1 5 5
1975 11 15 0 4
1976 2 10 0 4
1976 3 8 0 4
1976 7 24 14 4
1976 9 3 14 4
1976 11 10 1 4
1977 5 21 5 4
1977 6 19 16 6
1977 6 27 16 4
1977 8 3 15 4
1977 9 19 13 5
1977 10 21 8 5
1977 11 13 -1 5
1978 3 18 -3 4
1978 8 18 15 5
1978 12 28 -5 4
1979 2 17 1 4
1979 2 26 0 6
1979 4 21 7 4
1979 6 4 11 5
1979 7 6 15 5
1979 7 29 17 4
1979 8 18 14 6
1979 8 27 13 4
1979 9 24 9 5
1979 12 2 -5 5
1979 12 20 -2 4
1980 2 20 0 4
1980 7 27 16 4
1980 8 18 17 6
1980 8 25 16 4
1980 9 5 15 5
1980 10 5 9 5
1980 12 6 -1 4
1980 12 30 -2 4
1981 5 6 10 4
1981 5 25 11 5
1981 9 6 14 4
1981 12 10 -4 4
1981 12 14 -3 4
1982 2 21 0 4
1982 5 27 11 5
1982 6 18 14 4
1982 7 1 15 4
1982 7 13 16 4
1982 8 10 16 4
1982 9 10 16 4
1983 2 19 -2 4
1983 3 27 2 5
1983 7 2 14 4
1983 7 25 16 5
1983 8 15 16 6
1983 9 11 15 4
