pc up
1984 1 29 45 12 -3 15
1991 2 28 35.5 5 1.5 3.5
2006 6 26 58.2 15 8 7
1991 7 6 72.5 20 10 10
1997 9 5 80 19 9 10
1981 10 11 78 9.1 2 7.1
1998 10 20 56.8 17 11 6
2004 11 16 75.4 5 -0.5 5.5
1990 12 28 74.4 10 2 8
tx up
1995 8 9 0 31.2 9.5 21.7
2004 9 25 0 34 23.5 10.5
tx low
1997 4 4 5 3 -1 4
1983 6 29 14.8 8 3 5
1995 8 18 0 11 9.5 1.5
1995 8 27 1.1 11 5 6
1992 9 24 0 7 1 6
1992 9 25 0 8 1 7
1992 9 26 0 7.5 1 6.5
1992 9 27 0 8 1.5 6.5
1980 10 29 0 5.5 -1 6.5
1981 10 10 1.5 5.1 3 2.1
tn up
2007 7 15 0 26.5 22 4.5
2004 9 25 0 34 23.5 10.5
tn low
tr up
tr low
