1963 5 15 19 4
1963 9 13 16 4
1964 5 29 17 7
1964 9 29 15 4
1965 2 27 -1 5
1965 8 12 18 4
1965 8 25 17 4
1965 9 12 18 7
1966 7 16 19 7
1966 9 14 17 4
1967 7 31 20 4
1967 8 25 17 5
1967 9 2 16 6
1967 10 27 8 4
1968 5 27 15 4
1968 8 23 18 5
1969 7 16 20 4
1970 8 1 19 4
1970 9 4 16 4
1970 10 5 13 4
1970 11 23 2 4
1971 2 2 0 4
1971 6 18 13 4
1971 8 25 16 4
1971 11 15 9 5
1972 4 9 9 4
1972 6 10 15 4
1972 7 26 18 4
1972 10 6 13 4
1973 1 28 -5 4
1973 2 3 -1 4
1973 7 16 19 4
1974 8 12 18 4
1974 12 27 0 4
1975 2 10 2 5
1975 12 8 -5 4
1975 12 19 0 5
1978 9 28 15 5
1980 4 24 8 4
1980 6 13 14 4
1980 6 30 18 4
1981 1 31 4 5
1981 7 22 21 5
1981 8 8 20 4
1981 10 5 19 4
1983 1 29 2 4
1983 7 20 20 4
1983 8 14 19 4
1983 11 9 9 4
1983 11 29 -2 4
1984 4 13 7 6
1984 5 27 18 4
1987 9 24 9 4
1987 9 30 9 5
1988 4 22 9 4
1988 7 15 10 4
1989 2 25 -2 4
1992 8 18 19 4
1992 10 10 12 4
1993 12 4 5 4
1994 2 2 -3 4
1994 5 25 18 4
1994 11 27 3 4
1995 4 18 19 4
1996 2 2 9 4
1996 5 5 19 5
1996 8 23 19 4
1998 3 7 9 4
2000 3 30 19 4
