1963 6 24 23 4
1963 7 18 19.5 4
1963 10 8 9.5 5
1963 10 22 15 4
1963 10 26 9 4
1965 5 8 13 4
1965 7 1 18 4
1966 7 16 19 4
1966 7 26 21 4
1966 11 24 5 4
1970 7 10 22 4
1971 3 28 11 4
1971 4 28 13 5
1971 6 10 16 4
1971 7 13 19 4
1972 6 26 20 6
1973 7 5 20 4
1973 11 24 5 4
1974 6 13 15 4
1974 9 11 8 4
1976 4 6 4 4
1976 8 11 15 5
1977 4 1 0 4
1977 6 16 10 4
1977 9 30 18 4
1980 1 19 20 4
1983 7 11 18 4
1983 8 24 19 4
1984 8 31 19 4
1985 8 31 11 4
1986 1 24 -3 4
1986 7 24 15 4
1989 5 26 14 4
1989 7 19 14 4
1992 7 6 12 8
1992 7 15 15 6
1992 8 20 18 5
1993 5 3 16 4
1993 6 15 19 6
1993 6 25 18 6
1993 8 16 20 7
1993 10 8 9 4
1994 2 28 8 4
1994 6 6 17 4
1996 2 14 7 4
1996 5 23 21 4
2011 10 26 12 5
2011 11 8 8 4
