1966  1  1  -99.9  -99.9  -99.9
1966  1  2  -99.9  -99.9  -99.9
1966  1  3  -99.9  -99.9  -99.9
1966  1  4  -99.9  -99.9  -99.9
1966  1  5  -99.9  -99.9  -99.9
1966  1  6  -99.9  -99.9  -99.9
1966  1  7  -99.9  -99.9  -99.9
1966  1  8  -99.9  -99.9  -99.9
1966  1  9  -99.9  -99.9  -99.9
1966  1 10  -99.9  -99.9  -99.9
1966  1 11  -99.9  -99.9  -99.9
1966  1 12  -99.9  -99.9  -99.9
1966  1 13  -99.9  -99.9  -99.9
1966  1 14  -99.9  -99.9  -99.9
1966  1 15  -99.9  -99.9  -99.9
1966  1 16  -99.9  -99.9  -99.9
1966  1 17  -99.9  -99.9  -99.9
1966  1 18  -99.9  -99.9  -99.9
1966  1 19  -99.9  -99.9  -99.9
1966  1 20  -99.9  -99.9  -99.9
1966  1 21  -99.9  -99.9  -99.9
1966  1 22  -99.9  -99.9  -99.9
1966  1 23  -99.9  -99.9  -99.9
1966  1 24  -99.9  -99.9  -99.9
1966  1 25  -99.9  -99.9  -99.9
1966  1 26  -99.9  -99.9  -99.9
1966  1 27  -99.9  -99.9  -99.9
1966  1 28  -99.9  -99.9  -99.9
1966  1 29  -99.9  -99.9  -99.9
1966  1 30  -99.9  -99.9  -99.9
1966  1 31  -99.9  -99.9  -99.9
1966  2  1  -99.9  -99.9  -99.9
1966  2  2  -99.9  -99.9  -99.9
1966  2  3  -99.9  -99.9  -99.9
1966  2  4  -99.9  -99.9  -99.9
1966  2  5  -99.9  -99.9  -99.9
1966  2  6  -99.9  -99.9  -99.9
1966  2  7  -99.9  -99.9  -99.9
1966  2  8  -99.9  -99.9  -99.9
1966  2  9  -99.9  -99.9  -99.9
1966  2 10  -99.9  -99.9  -99.9
1966  2 11  -99.9  -99.9  -99.9
1966  2 12  -99.9  -99.9  -99.9
1966  2 13  -99.9  -99.9  -99.9
1966  2 14  -99.9  -99.9  -99.9
1966  2 15  -99.9  -99.9  -99.9
1966  2 16  -99.9  -99.9  -99.9
1966  2 17  -99.9  -99.9  -99.9
1966  2 18  -99.9  -99.9  -99.9
1966  2 19  -99.9  -99.9  -99.9
1966  2 20  -99.9  -99.9  -99.9
1966  2 21  -99.9  -99.9  -99.9
1966  2 22  -99.9  -99.9  -99.9
1966  2 23  -99.9  -99.9  -99.9
1966  2 24  -99.9  -99.9  -99.9
1966  2 25  -99.9  -99.9  -99.9
1966  2 26  -99.9  -99.9  -99.9
1966  2 27  -99.9  -99.9  -99.9
1966  2 28  -99.9  -99.9  -99.9
1966  3  1  -99.9  -99.9  -99.9
1966  3  2  -99.9  -99.9  -99.9
1966  3  3  -99.9  -99.9  -99.9
1966  3  4  -99.9  -99.9  -99.9
1966  3  5  -99.9  -99.9  -99.9
1966  3  6  -99.9  -99.9  -99.9
1966  3  7  -99.9  -99.9  -99.9
1966  3  8  -99.9  -99.9  -99.9
1966  3  9  -99.9  -99.9  -99.9
1966  3 10  -99.9  -99.9  -99.9
1966  3 11  -99.9  -99.9  -99.9
1966  3 12  -99.9  -99.9  -99.9
1966  3 13  -99.9  -99.9  -99.9
1966  3 14  -99.9  -99.9  -99.9
1966  3 15  -99.9  -99.9  -99.9
1966  3 16  -99.9  -99.9  -99.9
1966  3 17  -99.9  -99.9  -99.9
1966  3 18  -99.9  -99.9  -99.9
1966  3 19  -99.9  -99.9  -99.9
1966  3 20  -99.9  -99.9  -99.9
1966  3 21  -99.9  -99.9  -99.9
1966  3 22  -99.9  -99.9  -99.9
1966  3 23  -99.9  -99.9  -99.9
1966  3 24  -99.9  -99.9  -99.9
1966  3 25  -99.9  -99.9  -99.9
1966  3 26  -99.9  -99.9  -99.9
1966  3 27  -99.9  -99.9  -99.9
1966  3 28  -99.9  -99.9  -99.9
1966  3 29  -99.9  -99.9  -99.9
1966  3 30  -99.9  -99.9  -99.9
1966  3 31  -99.9  -99.9  -99.9
1966  4  1  -99.9  -99.9  -99.9
1966  4  2  -99.9  -99.9  -99.9
1966  4  3  -99.9  -99.9  -99.9
1966  4  4  -99.9  -99.9  -99.9
1966  4  5  -99.9  -99.9  -99.9
1966  4  6  -99.9  -99.9  -99.9
1966  4  7  -99.9  -99.9  -99.9
1966  4  8  -99.9  -99.9  -99.9
1966  4  9  -99.9  -99.9  -99.9
1966  4 10  -99.9  -99.9  -99.9
1966  4 11  -99.9  -99.9  -99.9
1966  4 12  -99.9  -99.9  -99.9
1966  4 13  -99.9  -99.9  -99.9
1966  4 14  -99.9  -99.9  -99.9
1966  4 15  -99.9  -99.9  -99.9
1966  4 16  -99.9  -99.9  -99.9
1966  4 17  -99.9  -99.9  -99.9
1966  4 18  -99.9  -99.9  -99.9
1966  4 19  -99.9  -99.9  -99.9
1966  4 20  -99.9  -99.9  -99.9
1966  4 21  -99.9  -99.9  -99.9
1966  4 22  -99.9  -99.9  -99.9
1966  4 23  -99.9  -99.9  -99.9
1966  4 24  -99.9  -99.9  -99.9
1966  4 25  -99.9  -99.9  -99.9
1966  4 26  -99.9  -99.9  -99.9
1966  4 27  -99.9  -99.9  -99.9
1966  4 28  -99.9  -99.9  -99.9
1966  4 29  -99.9  -99.9  -99.9
1966  4 30  -99.9  -99.9  -99.9
1966  5  1  -99.9  -99.9  -99.9
1966  5  2  -99.9  -99.9  -99.9
1966  5  3  -99.9  -99.9  -99.9
1966  5  4  -99.9  -99.9  -99.9
1966  5  5  -99.9  -99.9  -99.9
1966  5  6  -99.9  -99.9  -99.9
1966  5  7  -99.9  -99.9  -99.9
1966  5  8  -99.9  -99.9  -99.9
1966  5  9  -99.9  -99.9  -99.9
1966  5 10  -99.9  -99.9  -99.9
1966  5 11  -99.9  -99.9  -99.9
1966  5 12  -99.9  -99.9  -99.9
1966  5 13  -99.9  -99.9  -99.9
1966  5 14  -99.9  -99.9  -99.9
1966  5 15  -99.9  -99.9  -99.9
1966  5 16  -99.9  -99.9  -99.9
1966  5 17  -99.9  -99.9  -99.9
1966  5 18  -99.9  -99.9  -99.9
1966  5 19  -99.9  -99.9  -99.9
1966  5 20  -99.9  -99.9  -99.9
1966  5 21  -99.9  -99.9  -99.9
1966  5 22  -99.9  -99.9  -99.9
1966  5 23  -99.9  -99.9  -99.9
1966  5 24  -99.9  -99.9  -99.9
1966  5 25  -99.9  -99.9  -99.9
1966  5 26  -99.9  -99.9  -99.9
1966  5 27  -99.9  -99.9  -99.9
1966  5 28  -99.9  -99.9  -99.9
1966  5 29  -99.9  -99.9  -99.9
1966  5 30  -99.9  -99.9  -99.9
1966  5 31  -99.9  -99.9  -99.9
1966  6  1  -99.9  -99.9  -99.9
1966  6  2  -99.9  -99.9  -99.9
1966  6  3  -99.9  -99.9  -99.9
1966  6  4  -99.9  -99.9  -99.9
1966  6  5  -99.9  -99.9  -99.9
1966  6  6  -99.9  -99.9  -99.9
1966  6  7  -99.9  -99.9  -99.9
1966  6  8  -99.9  -99.9  -99.9
1966  6  9  -99.9  -99.9  -99.9
1966  6 10  -99.9  -99.9  -99.9
1966  6 11  -99.9  -99.9  -99.9
1966  6 12  -99.9  -99.9  -99.9
1966  6 13  -99.9  -99.9  -99.9
1966  6 14  -99.9  -99.9  -99.9
1966  6 15  -99.9  -99.9  -99.9
1966  6 16  -99.9  -99.9  -99.9
1966  6 17  -99.9  -99.9  -99.9
1966  6 18  -99.9  -99.9  -99.9
1966  6 19  -99.9  -99.9  -99.9
1966  6 20  -99.9  -99.9  -99.9
1966  6 21  -99.9  -99.9  -99.9
1966  6 22  -99.9  -99.9  -99.9
1966  6 23  -99.9  -99.9  -99.9
1966  6 24  -99.9  -99.9  -99.9
1966  6 25  -99.9  -99.9  -99.9
1966  6 26  -99.9  -99.9  -99.9
1966  6 27  -99.9  -99.9  -99.9
1966  6 28  -99.9  -99.9  -99.9
1966  6 29  -99.9  -99.9  -99.9
1966  6 30  -99.9  -99.9  -99.9
1966  7  1  -99.9  -99.9  -99.9
1966  7  2  -99.9  -99.9  -99.9
1966  7  3  -99.9  -99.9  -99.9
1966  7  4  -99.9  -99.9  -99.9
1966  7  5  -99.9  -99.9  -99.9
1966  7  6  -99.9  -99.9  -99.9
1966  7  7  -99.9  -99.9  -99.9
1966  7  8  -99.9  -99.9  -99.9
1966  7  9  -99.9  -99.9  -99.9
1966  7 10  -99.9  -99.9  -99.9
1966  7 11  -99.9  -99.9  -99.9
1966  7 12  -99.9  -99.9  -99.9
1966  7 13  -99.9  -99.9  -99.9
1966  7 14  -99.9  -99.9  -99.9
1966  7 15  -99.9  -99.9  -99.9
1966  7 16  -99.9  -99.9  -99.9
1966  7 17  -99.9  -99.9  -99.9
1966  7 18  -99.9  -99.9  -99.9
1966  7 19  -99.9  -99.9  -99.9
1966  7 20  -99.9  -99.9  -99.9
1966  7 21  -99.9  -99.9  -99.9
1966  7 22  -99.9  -99.9  -99.9
1966  7 23  -99.9  -99.9  -99.9
1966  7 24  -99.9  -99.9  -99.9
1966  7 25  -99.9  -99.9  -99.9
1966  7 26  -99.9  -99.9  -99.9
1966  7 27  -99.9  -99.9  -99.9
1966  7 28  -99.9  -99.9  -99.9
1966  7 29  -99.9  -99.9  -99.9
1966  7 30  -99.9  -99.9  -99.9
1966  7 31  -99.9  -99.9  -99.9
1966  8  1  -99.9  -99.9  -99.9
1966  8  2  -99.9  -99.9  -99.9
1966  8  3  -99.9  -99.9  -99.9
1966  8  4  -99.9  -99.9  -99.9
1966  8  5  -99.9  -99.9  -99.9
1966  8  6  -99.9  -99.9  -99.9
1966  8  7  -99.9  -99.9  -99.9
1966  8  8  -99.9  -99.9  -99.9
1966  8  9  -99.9  -99.9  -99.9
1966  8 10  -99.9  -99.9  -99.9
1966  8 11  -99.9  -99.9  -99.9
1966  8 12  -99.9  -99.9  -99.9
1966  8 13  -99.9  -99.9  -99.9
1966  8 14  -99.9  -99.9  -99.9
1966  8 15  -99.9  -99.9  -99.9
1966  8 16  -99.9  -99.9  -99.9
1966  8 17  -99.9  -99.9  -99.9
1966  8 18  -99.9  -99.9  -99.9
1966  8 19  -99.9  -99.9  -99.9
1966  8 20  -99.9  -99.9  -99.9
1966  8 21  -99.9  -99.9  -99.9
1966  8 22  -99.9  -99.9  -99.9
1966  8 23  -99.9  -99.9  -99.9
1966  8 24  -99.9  -99.9  -99.9
1966  8 25  -99.9  -99.9  -99.9
1966  8 26  -99.9  -99.9  -99.9
1966  8 27  -99.9  -99.9  -99.9
1966  8 28  -99.9  -99.9  -99.9
1966  8 29  -99.9  -99.9  -99.9
1966  8 30  -99.9  -99.9  -99.9
1966  8 31  -99.9  -99.9  -99.9
1966  9  1    0.0   36.0   13.0
1966  9  2    6.0   35.0   14.0
1966  9  3    0.0   32.0   11.0
1966  9  4    8.0   31.0   10.0
1966  9  5    3.0   22.0    9.0
1966  9  6   16.0   23.0    6.0
1966  9  7    0.0   23.0   15.0
1966  9  8    0.0   25.0   16.0
1966  9  9    0.0   29.0   16.0
1966  9 10    0.0   27.0   15.0
1966  9 11    0.0   26.0   17.0
1966  9 12   20.0   22.0   15.0
1966  9 13    2.0   24.0   16.0
1966  9 14    1.0   21.0   18.0
1966  9 15    3.0   27.0   13.0
1966  9 16    0.0   27.0   16.0
1966  9 17    0.0   33.0   17.0
1966  9 18    0.0   29.0   17.0
1966  9 19    0.0   30.0   14.0
1966  9 20    0.0   26.0   12.0
1966  9 21    0.0   22.0   13.0
1966  9 22    0.0   27.0   14.0
1966  9 23    0.0   27.0   13.0
1966  9 24    0.0   28.0   12.0
1966  9 25    0.0   28.0   15.0
1966  9 26   10.0   25.0   10.0
1966  9 27    0.0   30.0    9.0
1966  9 28    0.0   27.0   16.0
1966  9 29    0.0   27.0   10.0
1966  9 30    0.0   24.0   13.0
1966 10  1    0.0   30.0   15.0
1966 10  2    0.0   29.0   14.5
1966 10  3    0.0   26.0   14.0
1966 10  4    0.0   27.0   14.0
1966 10  5   11.0   26.0   15.0
1966 10  6    9.0   29.0   13.0
1966 10  7    0.0   30.0   16.0
1966 10  8    0.0   27.0   12.0
1966 10  9    0.0   28.0   11.0
1966 10 10    0.0   27.0   12.0
1966 10 11    0.0   26.0   14.0
1966 10 12    0.0   30.0   14.0
1966 10 13    0.0   30.0   11.0
1966 10 14    0.0   24.0   11.0
1966 10 15    0.0   21.0   11.0
1966 10 16    0.0   27.0   12.0
1966 10 17    0.0   28.0   13.0
1966 10 18    0.0   28.0   10.0
1966 10 19    0.0   26.0    5.0
1966 10 20    0.0   25.0    7.0
1966 10 21    0.0   23.0    9.0
1966 10 22    0.0   25.0   10.0
1966 10 23    0.0   26.0   12.0
1966 10 24    0.0   23.0   13.0
1966 10 25    0.0   21.0    7.0
1966 10 26    0.0   21.0    6.0
1966 10 27    0.0   22.0    5.0
1966 10 28    0.0   21.0    8.0
1966 10 29    0.0   23.0    7.0
1966 10 30    0.0   22.0    6.0
1966 10 31    0.0   25.0    9.0
1966 11  1    0.0   20.0   10.0
1966 11  2    0.0   18.0    8.0
1966 11  3    0.0   25.0    7.0
1966 11  4    0.0   25.0   10.0
1966 11  5    0.0   23.0   10.0
1966 11  6    0.0   24.0    8.0
1966 11  7    0.0   23.0   11.0
1966 11  8    0.0   23.0   11.0
1966 11  9    0.0   23.0   12.0
1966 11 10    0.0   23.0    5.0
1966 11 11    0.0   22.0    6.0
1966 11 12    0.0   23.0    6.0
1966 11 13    0.0   22.0    8.0
1966 11 14    0.0   22.0    6.0
1966 11 15    0.0   24.0    6.0
1966 11 16    0.0   24.0    7.0
1966 11 17    0.0   24.0    8.0
1966 11 18    0.0   25.0    8.0
1966 11 19    0.0   21.0    5.0
1966 11 20    0.0   23.0    7.0
1966 11 21    0.0   25.0   13.0
1966 11 22    0.0   25.0    9.0
1966 11 23    0.0   22.0    9.0
1966 11 24    0.0   24.0    9.0
1966 11 25    0.0   23.0   10.0
1966 11 26    0.0   24.0   13.0
1966 11 27    0.0   15.0    3.0
1966 11 28    0.0   22.0    0.0
1966 11 29    0.0   25.0    4.0
1966 11 30    0.0   21.0    4.0
1966 12  1    0.0   22.0    6.0
1966 12  2    0.0   21.0    5.0
1966 12  3    0.0   24.0    4.0
1966 12  4    0.0   21.0    7.0
1966 12  5    0.0   25.0    5.0
1966 12  6    0.0   25.0   11.0
1966 12  7    0.0   23.0   11.0
1966 12  8    0.0   21.0    9.0
1966 12  9    0.0   24.0    3.0
1966 12 10    0.0   20.0    0.0
1966 12 11    0.0   12.0   -2.0
1966 12 12    0.0   13.0   -1.0
1966 12 13    0.0   13.0   -2.0
1966 12 14    0.0   19.0    0.0
1966 12 15    0.0   15.0   -3.0
1966 12 16    0.0   14.0   -1.0
1966 12 17    0.0   20.0   -1.0
1966 12 18    0.0   20.0   -3.0
1966 12 19    0.0   20.0    0.0
1966 12 20    0.0   15.0   -1.0
1966 12 21    0.0   20.0    6.0
1966 12 22    2.5   12.0    1.0
1966 12 23    0.0   17.0   -3.0
1966 12 24    0.0   16.0    1.0
1966 12 25    0.0   19.0    0.0
1966 12 26    0.0   19.0   -5.0
1966 12 27    0.0   20.0    5.0
1966 12 28    0.0   19.0   -1.0
1966 12 29    0.0   17.0   -1.5
1966 12 30    0.0   17.0   -2.0
1966 12 31    0.0   17.0   -1.0
1967  1  1    0.0   17.0   -1.0
1967  1  2    0.0   18.0   -2.0
1967  1  3    0.0   10.0   -1.0
1967  1  4    0.0   18.0   -2.0
1967  1  5    0.0   15.0   -1.0
1967  1  6    0.0   22.0   -2.0
1967  1  7    0.0   21.0   -1.0
1967  1  8    0.0   12.0   -3.0
1967  1  9    0.0   10.0   -6.0
1967  1 10    0.0    0.0   -4.0
1967  1 11    0.0    6.0   -2.0
1967  1 12    0.0   12.0   -1.0
1967  1 13    0.0   18.0   -1.0
1967  1 14    0.0   20.0   -5.0
1967  1 15    0.0   18.0    3.0
1967  1 16    0.0   19.0   -3.0
1967  1 17    0.0   20.0   -1.0
1967  1 18    0.0   21.0   -2.0
1967  1 19    0.0   18.0   -1.0
1967  1 20    0.0   23.0    2.0
1967  1 21    0.0   24.0    3.0
1967  1 22    0.0   23.0    5.0
1967  1 23    0.0   22.0    3.0
1967  1 24    0.0   22.0    3.0
1967  1 25    0.0   23.0    4.0
1967  1 26    0.0   18.0    6.0
1967  1 27    0.0   21.0    2.0
1967  1 28    0.0   22.0    2.0
1967  1 29    0.0   29.0    6.0
1967  1 30    0.0   26.0    7.0
1967  1 31    0.0   25.0    6.0
1967  2  1    0.0   23.0    6.0
1967  2  2    0.0   21.0    3.0
1967  2  3    0.0   20.0    2.0
1967  2  4    0.0   19.0    4.0
1967  2  5    0.0   21.0    9.0
1967  2  6    0.0   17.0    3.0
1967  2  7    0.0   20.0   -3.0
1967  2  8    0.0   20.0   -2.0
1967  2  9    0.0   21.0   -2.0
1967  2 10    0.0   25.0   -2.0
1967  2 11    0.0   12.0    5.0
1967  2 12    0.0   17.0    2.0
1967  2 13    0.0   21.0    3.0
1967  2 14    0.0   17.0    4.0
1967  2 15    0.0   21.0    6.0
1967  2 16    0.0   20.0    5.0
1967  2 17    0.0   19.0    6.0
1967  2 18    0.0   23.0    8.0
1967  2 19    0.0   18.0    9.0
1967  2 20    0.0   21.0    7.0
1967  2 21    0.0   22.0    3.0
1967  2 22    0.0   21.0    4.0
1967  2 23    0.0   20.0    5.0
1967  2 24    0.0   22.0    6.0
1967  2 25    0.0   23.0    4.0
1967  2 26    0.0   24.0    5.0
1967  2 27    0.0   17.0    6.0
1967  2 28    0.0   13.0    5.0
1967  3  1    0.0   18.0    7.0
1967  3  2    0.0   24.0    7.0
1967  3  3    0.0   24.0    9.0
1967  3  4    0.0   27.0    0.0
1967  3  5    0.0   23.0    9.0
1967  3  6    0.0   17.0    8.0
1967  3  7    0.0   22.0    4.0
1967  3  8    0.0   22.0    6.0
1967  3  9    0.0   24.0    9.0
1967  3 10    0.0   27.0    4.0
1967  3 11    0.0   29.0    9.0
1967  3 12    0.0   30.0   10.0
1967  3 13    0.0   29.0   11.0
1967  3 14    0.0   22.0   13.0
1967  3 15    0.0   21.0   11.0
1967  3 16    0.0   23.0   11.0
1967  3 17    0.0   25.0    9.0
1967  3 18    0.0   27.0   12.0
1967  3 19    0.0   25.0    3.0
1967  3 20    0.0   24.0    9.0
1967  3 21    0.0   26.0    9.0
1967  3 22    3.0   25.0    9.0
1967  3 23    0.0   24.0   11.0
1967  3 24    0.0   23.0   13.0
1967  3 25    0.0   25.0   12.0
1967  3 26    0.0   24.0   11.0
1967  3 27    0.0   29.0   12.0
1967  3 28    0.0   27.0   13.0
1967  3 29    0.0   28.0   11.0
1967  3 30    0.0   28.0   17.0
1967  3 31    0.0   27.0   11.0
1967  4  1    0.0   30.0    9.0
1967  4  2    0.0   27.0   14.0
1967  4  3    0.0   30.0   13.0
1967  4  4    0.0   29.0    9.0
1967  4  5    0.0   29.0   13.0
1967  4  6    0.0   28.0   17.0
1967  4  7    0.0   30.0   17.0
1967  4  8    0.0   30.0   18.0
1967  4  9    0.0   29.0   19.0
1967  4 10    0.0   30.0   14.0
1967  4 11    0.0   27.0   13.0
1967  4 12    0.0   28.0   15.0
1967  4 13    0.0   26.0   16.0
1967  4 14    0.0   25.0   14.0
1967  4 15    0.0   24.0   17.0
1967  4 16    0.0   27.0   15.0
1967  4 17    0.0   25.0   14.0
1967  4 18    0.0   24.0   13.0
1967  4 19    0.0   27.0   12.0
1967  4 20    0.0   29.0   16.0
1967  4 21    0.0   29.0   11.0
1967  4 22    0.0   27.0   11.0
1967  4 23    0.0   23.0   10.0
1967  4 24    0.0   32.0   12.0
1967  4 25    0.0   31.0    7.0
1967  4 26    0.0   30.0   10.0
1967  4 27    0.0   30.0   15.0
1967  4 28    0.0   30.0   18.0
1967  4 29    0.0   29.0   16.0
1967  4 30    0.0   29.0   13.0
1967  5  1    0.0   30.0   16.0
1967  5  2    0.0   29.0   15.0
1967  5  3    0.0   31.0   13.0
1967  5  4    0.0   28.0   14.0
1967  5  5    0.0   27.0   12.0
1967  5  6    0.0   31.0   12.0
1967  5  7    0.0   32.0   14.0
1967  5  8    0.0   33.0   15.0
1967  5  9    0.0   34.0   12.0
1967  5 10    0.0   33.0   13.0
1967  5 11    0.0   35.0   14.0
1967  5 12    0.0   36.0   15.0
1967  5 13    0.0   34.0   11.0
1967  5 14    0.0   31.0   12.0
1967  5 15    0.0   24.0   12.0
1967  5 16    0.0   26.0   11.0
1967  5 17    0.0   29.0   16.0
1967  5 18    0.0   31.0   14.0
1967  5 19    0.0   30.0   15.0
1967  5 20    0.0   31.0   17.0
1967  5 21    0.0   30.0   16.0
1967  5 22    0.0   29.0   12.0
1967  5 23    0.0   31.0   11.0
1967  5 24    5.0   27.0   13.0
1967  5 25    0.0   22.0   11.0
1967  5 26    0.0   31.0   11.0
1967  5 27    0.0   30.0   16.0
1967  5 28    0.0   31.0   15.0
1967  5 29    0.0   29.0   17.0
1967  5 30    0.0   30.0   12.0
1967  5 31    0.0   30.0   11.0
1967  6  1    0.0   27.0   12.0
1967  6  2    0.0   29.0    8.0
1967  6  3    6.0   27.0   14.0
1967  6  4   44.0   30.0   16.0
1967  6  5    0.0   30.0   17.0
1967  6  6    0.0   29.0   18.0
1967  6  7    0.0   34.0   13.0
1967  6  8    0.0   34.0   20.0
1967  6  9    0.0   29.0   18.0
1967  6 10    0.0   30.0   14.0
1967  6 11    0.0   30.0   12.0
1967  6 12    0.0   30.0   11.0
1967  6 13    0.0   32.0   12.0
1967  6 14    0.0   35.0   10.0
1967  6 15    0.0   34.0   12.0
1967  6 16    0.0   35.0   16.0
1967  6 17    0.0   25.0   14.0
1967  6 18    0.0   35.0   14.0
1967  6 19    0.0   30.0   19.0
1967  6 20    0.0   34.0   20.0
1967  6 21    0.0   31.0   13.0
1967  6 22    0.0   31.0   15.0
1967  6 23    0.0   33.0   23.0
1967  6 24    0.0   25.0   14.0
1967  6 25    7.0   28.0   14.0
1967  6 26    0.0   27.0   18.0
1967  6 27    0.0   26.0   14.0
1967  6 28    0.0   29.0   13.0
1967  6 29    0.0   28.0   14.0
1967  6 30    0.0   26.0   13.0
1967  7  1    0.0   30.0   19.0
1967  7  2    0.0   32.0   19.0
1967  7  3    0.0   31.0   18.0
1967  7  4    0.0   32.0   19.0
1967  7  5    0.0   30.0   20.0
1967  7  6   10.0   29.0   19.0
1967  7  7    0.0   32.0   17.0
1967  7  8    0.0   30.0   17.0
1967  7  9    2.0   27.0   18.0
1967  7 10    0.0   32.0   13.0
1967  7 11    0.0   32.0   18.0
1967  7 12    0.0   29.0   18.0
1967  7 13    0.0   32.0   19.0
1967  7 14   24.0   27.0   19.0
1967  7 15    0.0   30.0   17.0
1967  7 16    0.0   30.0   17.0
1967  7 17    0.0   32.0   17.0
1967  7 18   12.0   32.0   19.0
1967  7 19   14.0   29.0   18.0
1967  7 20    1.0   29.0   15.0
1967  7 21    0.0   30.0   17.0
1967  7 22    0.0   31.0   18.0
1967  7 23    0.0   30.0   18.0
1967  7 24    0.0   30.0   18.0
1967  7 25    0.0   33.0   18.0
1967  7 26    0.0   33.0   20.0
1967  7 27    0.0   32.0   20.0
1967  7 28    0.0   34.0   21.0
1967  7 29    9.5   29.0   19.0
1967  7 30    0.0   32.0   17.0
1967  7 31    0.0   33.0   19.0
1967  8  1   11.0   33.0   22.0
1967  8  2    0.0   24.0   18.0
1967  8  3    0.0   25.0   18.0
1967  8  4    6.5   29.0   16.0
1967  8  5    0.0   30.0   17.0
1967  8  6    0.0   31.0   18.0
1967  8  7   45.0   33.0   19.0
1967  8  8    0.0   32.0   16.0
1967  8  9    1.5   30.0   18.0
1967  8 10    0.0   30.0   19.0
1967  8 11    0.0   29.0   18.0
1967  8 12   10.0   27.0   17.0
1967  8 13    1.0   25.0   18.0
1967  8 14    5.0   23.0   18.0
1967  8 15    0.0   26.0   15.0
1967  8 16    5.0   27.0   16.0
1967  8 17    0.0   21.0   17.0
1967  8 18    0.0   25.0   15.0
1967  8 19    0.0   27.0   14.0
1967  8 20    0.0   28.0   14.0
1967  8 21    0.0   27.0   17.0
1967  8 22    0.0   23.0   16.0
1967  8 23    0.0   28.0   15.0
1967  8 24    0.0   23.0   18.0
1967  8 25    0.0   24.0   14.0
1967  8 26    0.0   28.0   16.0
1967  8 27    0.0   27.0   14.0
1967  8 28    0.0   27.0   13.0
1967  8 29    0.0   25.0   16.0
1967  8 30   24.5   26.0   16.0
1967  8 31   55.0   19.0   15.0
1967  9  1   19.0   25.0   15.0
1967  9  2    0.0   28.0   15.0
1967  9  3    0.0   27.0   16.0
1967  9  4    0.0   27.0   16.0
1967  9  5   81.5   21.0   15.0
1967  9  6    0.0   27.0   15.0
1967  9  7    0.0   24.0   12.0
1967  9  8    2.0   22.0   14.0
1967  9  9    0.0   22.0   13.0
1967  9 10    0.0   22.0   12.0
1967  9 11    0.0   30.0   13.0
1967  9 12    0.0   37.0   17.0
1967  9 13    0.0   30.0   18.0
1967  9 14    2.5   26.0   17.0
1967  9 15   34.0   25.0   14.0
1967  9 16    0.0   26.0   13.0
1967  9 17    0.0   28.0   15.0
1967  9 18    0.0   29.0   16.0
1967  9 19    0.0   29.0   16.0
1967  9 20    0.0   28.0   15.0
1967  9 21    0.0   23.0   15.0
1967  9 22    0.0   25.0   16.0
1967  9 23    0.0   25.0   16.0
1967  9 24    3.0   21.0   15.0
1967  9 25    0.0   28.0   12.0
1967  9 26    0.0   28.0   16.0
1967  9 27    0.0   27.0   16.0
1967  9 28    0.0   20.0   16.0
1967  9 29    0.0   24.0   10.0
1967  9 30    0.0   28.0   11.0
1967 10  1    0.0   29.0   13.0
1967 10  2    0.0   30.0   13.0
1967 10  3    0.0   30.0   12.0
1967 10  4    0.0   30.0   13.0
1967 10  5    0.0   30.0   12.0
1967 10  6    0.0   31.0   15.0
1967 10  7    0.0   27.0   14.0
1967 10  8    0.0   27.0   10.0
1967 10  9    0.0   28.0    8.0
1967 10 10    0.0   29.0   14.0
1967 10 11    0.0   25.0   11.0
1967 10 12    0.0   27.0   13.0
1967 10 13    0.0   27.0   15.0
1967 10 14    0.0   25.0   13.0
1967 10 15    0.0   24.0   13.0
1967 10 16    0.0   18.0    9.0
1967 10 17    0.0   20.0    3.0
1967 10 18    0.0   23.0    4.0
1967 10 19    0.0   25.0    6.0
1967 10 20    0.0   26.0    8.0
1967 10 21    0.0   23.0    7.0
1967 10 22    0.0   26.0    7.0
1967 10 23    0.0   27.0   11.0
1967 10 24    0.0   27.0   13.0
1967 10 25    0.0   28.0    8.0
1967 10 26    0.0   30.0   11.0
1967 10 27    0.0   28.0   14.0
1967 10 28    0.0   29.0   12.0
1967 10 29    0.0   25.0   13.0
1967 10 30    0.0   20.0    5.0
1967 10 31    0.0   19.0    0.0
1967 11  1    0.0   28.0    4.5
1967 11  2    0.0   26.0    7.0
1967 11  3    0.0   22.0    7.0
1967 11  4    0.0   23.0    2.0
1967 11  5    0.0   21.0    8.0
1967 11  6    0.0   25.0    7.0
1967 11  7    0.0   17.0    4.0
1967 11  8    0.0   19.0    5.0
1967 11  9    0.0   19.0    6.0
1967 11 10    0.0   25.0    6.0
1967 11 11    0.0   25.0    6.0
1967 11 12    0.0   23.0    5.0
1967 11 13    0.0   21.0    5.0
1967 11 14    0.0   23.0    7.0
1967 11 15    0.0   25.0    6.0
1967 11 16    0.0   24.0    7.0
1967 11 17    0.0   22.0    7.0
1967 11 18    0.0   24.0    5.0
1967 11 19    0.0   22.0    7.0
1967 11 20    0.0   22.0   10.0
1967 11 21    0.0   24.0   12.0
1967 11 22    0.0   17.0    9.0
1967 11 23    0.0   21.0   11.0
1967 11 24    0.0   23.0   11.0
1967 11 25    0.0   23.0   13.0
1967 11 26    0.0   21.0   13.0
1967 11 27    0.0   24.0   11.0
1967 11 28    0.0   26.0    6.0
1967 11 29    0.0   25.0    7.0
1967 11 30    0.0   24.0   -1.0
1967 12  1    0.0   25.0    2.0
1967 12  2    0.0   16.0    5.0
1967 12  3    0.0   18.0    5.0
1967 12  4    0.0   19.0    6.0
1967 12  5    0.0   20.0    3.0
1967 12  6    0.0   22.0    5.0
1967 12  7    0.0   21.0   -3.0
1967 12  8    0.0   22.0    3.0
1967 12  9    0.0   19.0    4.0
1967 12 10    0.0   19.0   -5.0
1967 12 11    0.0   18.0   -3.0
1967 12 12    0.0   24.0    0.0
1967 12 13    0.0   24.0   -1.0
1967 12 14    2.0   12.0    1.0
1967 12 15    0.0   18.0    6.0
1967 12 16    0.0   18.0    3.0
1967 12 17    0.0   17.0    6.0
1967 12 18    0.0   20.0    7.0
1967 12 19    0.0   19.0    6.0
1967 12 20    0.0   20.0    7.0
1967 12 21    0.0   12.0    1.0
1967 12 22    0.0   12.0   -2.0
1967 12 23    0.0   13.0   -2.0
1967 12 24    0.0   13.0    2.0
1967 12 25    0.0   17.0    2.0
1967 12 26    0.0   23.0    2.0
1967 12 27    0.0   19.0   -5.0
1967 12 28    0.0   22.0   -2.0
1967 12 29    0.0   21.0    6.0
1967 12 30    0.0   19.0    5.0
1967 12 31    0.0   14.0    4.0
1968  1  1    0.0   18.0    6.0
1968  1  2    0.0   19.0   -1.0
1968  1  3    6.0   19.0   -1.0
1968  1  4    0.0   19.0    1.0
1968  1  5    0.0   19.0   -1.0
1968  1  6    0.0   19.0    0.0
1968  1  7    0.0   11.0    2.0
1968  1  8    0.0   14.0    2.0
1968  1  9    0.0   15.0    0.0
1968  1 10    0.0   16.0    0.0
1968  1 11    0.0   21.0    2.0
1968  1 12    0.0   13.0    2.0
1968  1 13    0.0   13.0    0.0
1968  1 14    0.0   19.0   -2.0
1968  1 15    0.0   20.0    5.0
1968  1 16    0.0   21.0    2.0
1968  1 17    0.0   19.0    2.0
1968  1 18    0.0   17.0    2.0
1968  1 19    0.0   15.0   -6.0
1968  1 20    0.0   11.0   -5.0
1968  1 21    0.0   12.0   -4.0
1968  1 22    0.0   16.0   -1.0
1968  1 23    0.0   11.0   -1.0
1968  1 24    0.0   17.0   -2.0
1968  1 25    0.0   20.0    0.0
1968  1 26    0.0   20.0    4.0
1968  1 27    0.0   18.0    8.0
1968  1 28    0.0   19.0    9.0
1968  1 29    0.0   19.0    4.0
1968  1 30    0.0   20.0    7.0
1968  1 31    0.0   18.0    7.0
1968  2  1    0.0   14.0   -2.0
1968  2  2    0.0   16.0   -2.0
1968  2  3    0.0   13.0    2.0
1968  2  4    0.0   18.0    2.0
1968  2  5    0.0   18.0   -2.0
1968  2  6    0.0   17.0   -2.0
1968  2  7    0.0   15.0    1.0
1968  2  8    0.0   20.0    3.0
1968  2  9    3.0   15.0    4.0
1968  2 10    0.0   18.0    7.0
1968  2 11    0.0   18.0    5.0
1968  2 12    0.0   15.0    6.0
1968  2 13    0.0   16.0    9.0
1968  2 14   10.0   16.0   10.0
1968  2 15    0.0   17.0    3.0
1968  2 16    9.0   18.0    5.0
1968  2 17    0.0   19.0    0.0
1968  2 18    0.0   20.0    7.0
1968  2 19    0.0   19.0    4.0
1968  2 20    0.0   26.0    7.0
1968  2 21    0.0   22.0    8.0
1968  2 22    0.0   21.0   10.0
1968  2 23    0.0   22.0    8.0
1968  2 24    0.0   24.0    5.0
1968  2 25    0.0   26.0    6.0
1968  2 26    0.0   25.0    8.0
1968  2 27    0.0   23.0    7.0
1968  2 28    0.0   18.0    9.0
1968  2 29    0.0   24.0    8.0
1968  3  1    0.0   16.0    2.0
1968  3  2    0.0   17.0    4.0
1968  3  3    0.0   15.0    5.0
1968  3  4    0.0   13.0    3.0
1968  3  5    0.0   14.0    6.0
1968  3  6    0.0   20.0    6.0
1968  3  7    0.0   21.0    5.0
1968  3  8    0.0   20.0    9.0
1968  3  9    6.0   11.0    9.0
1968  3 10    0.0    9.0   -3.0
1968  3 11    0.0   11.0   -3.0
1968  3 12    0.0   11.0   -4.0
1968  3 13    0.0   17.0    0.0
1968  3 14    0.0   16.0    5.0
1968  3 15    0.0   17.0    7.0
1968  3 16    0.0   19.0    4.0
1968  3 17    0.0   18.0    3.0
1968  3 18    0.0   21.0    5.0
1968  3 19    0.0   18.0    4.0
1968  3 20    3.0   13.0    2.0
1968  3 21    0.0    5.0   -3.0
1968  3 22    0.0   14.0   -3.0
1968  3 23    0.0   24.0    0.0
1968  3 24    0.0   27.0    9.0
1968  3 25    0.0   26.0    2.0
1968  3 26    0.0   28.0    5.0
1968  3 27    0.0   28.0    5.0
1968  3 28    0.0   26.0   10.0
1968  3 29    0.0   27.0   10.0
1968  3 30    0.0   29.0   11.0
1968  3 31    0.0   26.0   13.0
1968  4  1    0.0   26.0    5.0
1968  4  2    0.0   27.0   14.0
1968  4  3    0.0   29.0   12.0
1968  4  4    0.0   30.0   14.0
1968  4  5    0.0   28.0   13.0
1968  4  6    0.0   28.0   12.0
1968  4  7    0.0   22.0   10.0
1968  4  8    1.0   23.0   11.0
1968  4  9    0.0   22.0    8.0
1968  4 10    1.0   22.0   10.0
1968  4 11   24.0   17.0    8.0
1968  4 12    0.0   21.0    6.0
1968  4 13    0.0   24.0    6.0
1968  4 14    0.0   23.0    9.0
1968  4 15    0.0   31.0    9.0
1968  4 16    0.0   28.0   12.0
1968  4 17    0.0   26.0   12.0
1968  4 18    0.0   20.0   10.0
1968  4 19    0.0   26.0   10.0
1968  4 20    0.0   23.0   11.0
1968  4 21    0.0   25.0    6.0
1968  4 22    0.0   24.0   11.0
1968  4 23    0.0   23.0    7.0
1968  4 24    0.0   21.0   15.0
1968  4 25    0.0   29.0    7.0
1968  4 26    0.0   29.0    9.0
1968  4 27    0.0   29.0    8.0
1968  4 28    0.0   21.0    8.0
1968  4 29    6.0   22.0   13.0
1968  4 30    0.0   27.0    8.0
1968  5  1    0.0   30.0    9.0
1968  5  2    0.0   31.0   12.0
1968  5  3    0.0   32.0   10.0
1968  5  4    0.0   33.0   12.0
1968  5  5    0.0   29.0   11.0
1968  5  6    0.0   30.0   12.0
1968  5  7    0.0   29.0   11.0
1968  5  8    0.0   29.5   15.0
1968  5  9    0.0   29.0   14.0
1968  5 10    0.0   29.0   16.0
1968  5 11    0.0   28.0   18.0
1968  5 12    0.0   27.0   13.0
1968  5 13    0.0   30.0   11.0
1968  5 14    0.0   32.0   12.0
1968  5 15    0.0   34.0   12.0
1968  5 16    0.0   31.0   11.0
1968  5 17    0.0   30.0   10.0
1968  5 18    0.0   31.0   11.0
1968  5 19    0.0   32.0   13.0
1968  5 20    0.0   34.0   12.0
1968  5 21    0.0   33.0   12.0
1968  5 22    0.0   33.0   13.0
1968  5 23    0.0   34.0   15.0
1968  5 24    0.0   32.0   16.0
1968  5 25    0.0   34.0   15.0
1968  5 26    0.0   36.0   16.0
1968  5 27    0.0   34.0   19.0
1968  5 28    0.0   28.0   17.0
1968  5 29    0.0   32.0   17.0
1968  5 30    0.0   35.0   15.0
1968  5 31    0.0   34.0   16.0
1968  6  1    0.0   29.0   13.0
1968  6  2    0.0   31.0   16.0
1968  6  3    0.0   35.0   19.0
1968  6  4    0.0   35.0   14.0
1968  6  5    0.0   32.0   19.0
1968  6  6    0.0   34.0   22.0
1968  6  7    0.0   32.0   17.0
1968  6  8    0.0   28.0   14.0
1968  6  9    0.0   31.0   16.0
1968  6 10    0.0   34.0   19.0
1968  6 11    0.0   33.0   17.0
1968  6 12    0.0   34.0   18.0
1968  6 13    0.0   35.0   20.0
1968  6 14    0.0   31.0   18.0
1968  6 15    0.0   30.0   15.0
1968  6 16    0.0   33.0   10.0
1968  6 17    0.0   34.0   15.0
1968  6 18    0.0   32.0   14.0
1968  6 19    0.0   32.0   15.0
1968  6 20    0.0   32.0   16.0
1968  6 21    0.0   33.0   19.0
1968  6 22    0.0   35.0   20.0
1968  6 23   30.0   35.0   19.0
1968  6 24    0.0   37.0   13.0
1968  6 25    0.0   36.0   21.0
1968  6 26    0.0   37.0   20.0
1968  6 27    0.0   36.0   22.0
1968  6 28    0.0   35.0   21.0
1968  6 29    0.0   34.0   24.0
1968  6 30    0.0   35.0   24.0
1968  7  1    9.0   28.0   21.0
1968  7  2   42.0   24.0   18.0
1968  7  3   39.0   22.0   16.0
1968  7  4    7.0   24.0   16.0
1968  7  5   12.0   26.0   18.0
1968  7  6   20.0   23.0   13.0
1968  7  7    0.0   25.0   12.0
1968  7  8    6.0   26.0   12.0
1968  7  9   10.0   26.0   18.0
1968  7 10    1.0   25.0   18.0
1968  7 11    0.0   29.0   20.0
1968  7 12    0.0   31.0   20.0
1968  7 13    0.0   28.0   19.0
1968  7 14    1.0   32.0   14.0
1968  7 15    2.0   28.0   12.0
1968  7 16    0.0   31.0   20.0
1968  7 17    4.0   30.0   20.0
1968  7 18    3.0   30.0   19.0
1968  7 19    9.0   25.0   18.0
1968  7 20    0.0   27.0   15.0
1968  7 21    0.0   26.5   12.0
1968  7 22    5.0   30.0   11.0
1968  7 23    0.0   29.0   19.0
1968  7 24   20.0   27.0   18.0
1968  7 25   15.0   22.0   17.0
1968  7 26    3.0   24.0   16.0
1968  7 27    0.0   24.0   17.0
1968  7 28   11.0   25.0   16.0
1968  7 29    0.0   29.0   16.0
1968  7 30    0.0   28.0   17.0
1968  7 31    0.0   26.0   16.0
1968  8  1    4.0   36.0   20.0
1968  8  2    0.0   36.0   20.0
1968  8  3    0.0   33.0   17.0
1968  8  4    0.0   32.0   17.0
1968  8  5    0.0   30.0   19.0
1968  8  6    0.0   30.0   18.0
1968  8  7    4.0   31.0   17.0
1968  8  8    4.0   31.0   16.0
1968  8  9    0.0   33.0   15.0
1968  8 10    0.0   35.0   16.0
1968  8 11    0.0   29.0   17.0
1968  8 12    0.0   30.0   16.0
1968  8 13   12.5   32.0   17.0
1968  8 14    0.0   30.0   16.0
1968  8 15    0.0   30.0   15.0
1968  8 16    0.0   29.0   15.0
1968  8 17    0.0   32.0   14.0
1968  8 18    0.0   27.0   19.0
1968  8 19   12.0   31.0   14.0
1968  8 20    0.0   28.0   15.0
1968  8 21    1.0   27.0   18.0
1968  8 22    3.0   22.0   17.0
1968  8 23    2.0   28.0   17.0
1968  8 24    9.0   26.0   18.0
1968  8 25    0.0   26.0   16.0
1968  8 26    4.0   26.0   16.0
1968  8 27    0.0   23.0   18.0
1968  8 28    0.0   28.0   16.0
1968  8 29    0.0   28.0   16.0
1968  8 30   45.0   24.0   18.0
1968  8 31   71.0   22.0   15.0
1968  9  1    3.0   21.0   16.0
1968  9  2    0.0   27.0   16.0
1968  9  3    0.0   25.0   15.0
1968  9  4    0.0   22.0   12.0
1968  9  5    0.0   26.0   14.0
1968  9  6    5.0   19.0   15.0
1968  9  7    0.0   24.0   16.0
1968  9  8    0.0   26.0   14.0
1968  9  9    3.0   23.0   15.0
1968  9 10    0.0   22.0   13.0
1968  9 11    0.0   23.0   10.0
1968  9 12    0.0   24.0   12.0
1968  9 13    0.0   25.0   14.0
1968  9 14    0.0   27.0   15.0
1968  9 15    0.0   29.0   15.0
1968  9 16    0.0   28.0   16.0
1968  9 17    0.0   27.0   15.0
1968  9 18    0.0   28.0   14.0
1968  9 19    0.0   30.0   15.0
1968  9 20    0.0   30.0   17.0
1968  9 21    0.0   27.0   17.0
1968  9 22    0.0   24.0   14.0
1968  9 23    0.0   29.0   13.0
1968  9 24    0.0   26.0   15.0
1968  9 25    0.0   24.0   13.0
1968  9 26    0.0   25.0   10.0
1968  9 27    0.0   26.0    8.0
1968  9 28    0.0   27.0   12.0
1968  9 29    0.0   23.0   10.0
1968  9 30    0.0   25.0    9.0
1968 10  1    0.0   27.0   11.0
1968 10  2    2.0   28.0   14.0
1968 10  3    0.0   29.0   16.0
1968 10  4    0.0   28.0   14.0
1968 10  5    0.0   30.0   10.0
1968 10  6    0.0   28.0   17.0
1968 10  7    0.0   29.0   12.0
1968 10  8    0.0   30.0   14.0
1968 10  9    0.0   30.0   11.0
1968 10 10    5.0   29.0   12.0
1968 10 11    2.0   27.5   13.0
1968 10 12    0.0   30.0   15.0
1968 10 13    0.0   28.0   17.0
1968 10 14    0.0   29.0   16.0
1968 10 15    0.0   29.0   16.0
1968 10 16    0.0   28.0   11.0
1968 10 17    0.0   26.0    9.0
1968 10 18    0.0   27.0    9.0
1968 10 19    0.0   29.0   10.0
1968 10 20    0.0   28.0   13.0
1968 10 21    0.0   29.0   13.0
1968 10 22    0.0   28.0   10.0
1968 10 23    0.0   27.0    9.0
1968 10 24    0.0   25.0    8.0
1968 10 25    0.0   27.0    9.0
1968 10 26    0.0   29.0   10.0
1968 10 27    0.0   28.0   12.0
1968 10 28    0.0   28.0    9.0
1968 10 29    0.0   28.0   10.0
1968 10 30    0.0   28.0   12.0
1968 10 31    0.0   26.0   13.0
1968 11  1  -99.9  -99.9  -99.9
1968 11  2  -99.9  -99.9  -99.9
1968 11  3  -99.9  -99.9  -99.9
1968 11  4  -99.9  -99.9  -99.9
1968 11  5  -99.9  -99.9  -99.9
1968 11  6  -99.9  -99.9  -99.9
1968 11  7  -99.9  -99.9  -99.9
1968 11  8  -99.9  -99.9  -99.9
1968 11  9  -99.9  -99.9  -99.9
1968 11 10  -99.9  -99.9  -99.9
1968 11 11  -99.9  -99.9  -99.9
1968 11 12  -99.9  -99.9  -99.9
1968 11 13  -99.9  -99.9  -99.9
1968 11 14  -99.9  -99.9  -99.9
1968 11 15  -99.9  -99.9  -99.9
1968 11 16  -99.9  -99.9  -99.9
1968 11 17  -99.9  -99.9  -99.9
1968 11 18  -99.9  -99.9  -99.9
1968 11 19  -99.9  -99.9  -99.9
1968 11 20  -99.9  -99.9  -99.9
1968 11 21  -99.9  -99.9  -99.9
1968 11 22  -99.9  -99.9  -99.9
1968 11 23  -99.9  -99.9  -99.9
1968 11 24  -99.9  -99.9  -99.9
1968 11 25  -99.9  -99.9  -99.9
1968 11 26  -99.9  -99.9  -99.9
1968 11 27  -99.9  -99.9  -99.9
1968 11 28  -99.9  -99.9  -99.9
1968 11 29  -99.9  -99.9  -99.9
1968 11 30  -99.9  -99.9  -99.9
1968 12  1  -99.9  -99.9  -99.9
1968 12  2  -99.9  -99.9  -99.9
1968 12  3  -99.9  -99.9  -99.9
1968 12  4  -99.9  -99.9  -99.9
1968 12  5  -99.9  -99.9  -99.9
1968 12  6  -99.9  -99.9  -99.9
1968 12  7  -99.9  -99.9  -99.9
1968 12  8  -99.9  -99.9  -99.9
1968 12  9  -99.9  -99.9  -99.9
1968 12 10  -99.9  -99.9  -99.9
1968 12 11  -99.9  -99.9  -99.9
1968 12 12  -99.9  -99.9  -99.9
1968 12 13  -99.9  -99.9  -99.9
1968 12 14  -99.9  -99.9  -99.9
1968 12 15  -99.9  -99.9  -99.9
1968 12 16  -99.9  -99.9  -99.9
1968 12 17  -99.9  -99.9  -99.9
1968 12 18  -99.9  -99.9  -99.9
1968 12 19  -99.9  -99.9  -99.9
1968 12 20  -99.9  -99.9  -99.9
1968 12 21  -99.9  -99.9  -99.9
1968 12 22  -99.9  -99.9  -99.9
1968 12 23  -99.9  -99.9  -99.9
1968 12 24  -99.9  -99.9  -99.9
1968 12 25  -99.9  -99.9  -99.9
1968 12 26  -99.9  -99.9  -99.9
1968 12 27  -99.9  -99.9  -99.9
1968 12 28  -99.9  -99.9  -99.9
1968 12 29  -99.9  -99.9  -99.9
1968 12 30  -99.9  -99.9  -99.9
1968 12 31  -99.9  -99.9  -99.9
1969  1  1  -99.9  -99.9  -99.9
1969  1  2  -99.9  -99.9  -99.9
1969  1  3  -99.9  -99.9  -99.9
1969  1  4  -99.9  -99.9  -99.9
1969  1  5  -99.9  -99.9  -99.9
1969  1  6  -99.9  -99.9  -99.9
1969  1  7  -99.9  -99.9  -99.9
1969  1  8  -99.9  -99.9  -99.9
1969  1  9  -99.9  -99.9  -99.9
1969  1 10  -99.9  -99.9  -99.9
1969  1 11  -99.9  -99.9  -99.9
1969  1 12  -99.9  -99.9  -99.9
1969  1 13  -99.9  -99.9  -99.9
1969  1 14  -99.9  -99.9  -99.9
1969  1 15  -99.9  -99.9  -99.9
1969  1 16  -99.9  -99.9  -99.9
1969  1 17  -99.9  -99.9  -99.9
1969  1 18  -99.9  -99.9  -99.9
1969  1 19  -99.9  -99.9  -99.9
1969  1 20  -99.9  -99.9  -99.9
1969  1 21  -99.9  -99.9  -99.9
1969  1 22  -99.9  -99.9  -99.9
1969  1 23  -99.9  -99.9  -99.9
1969  1 24  -99.9  -99.9  -99.9
1969  1 25  -99.9  -99.9  -99.9
1969  1 26  -99.9  -99.9  -99.9
1969  1 27  -99.9  -99.9  -99.9
1969  1 28  -99.9  -99.9  -99.9
1969  1 29  -99.9  -99.9  -99.9
1969  1 30  -99.9  -99.9  -99.9
1969  1 31  -99.9  -99.9  -99.9
1969  2  1    0.0   19.0   -1.0
1969  2  2    0.0   18.0    0.0
1969  2  3    0.0   16.0   -2.0
1969  2  4    0.0   18.0    6.0
1969  2  5    0.0   20.0    6.0
1969  2  6    0.0   21.0    4.0
1969  2  7    0.0   15.0    6.0
1969  2  8    0.0   16.0   -3.0
1969  2  9    0.0   16.0    6.0
1969  2 10    0.0   20.0    7.0
1969  2 11    0.0   21.0    3.0
1969  2 12    0.0   22.0    6.0
1969  2 13    0.0   20.0    6.0
1969  2 14    0.0   17.0    5.0
1969  2 15    0.0   19.0    1.0
1969  2 16    0.0   20.0   -0.5
1969  2 17    0.0   19.0    0.0
1969  2 18    0.0   19.0    0.0
1969  2 19    0.0   19.0    1.0
1969  2 20    0.0   17.0    2.0
1969  2 21    0.0   18.0    0.0
1969  2 22    0.0   20.0   -1.0
1969  2 23    0.0   19.0    2.0
1969  2 24    0.0   20.0    2.0
1969  2 25    0.0   21.0    3.0
1969  2 26    0.0   23.0    3.5
1969  2 27    0.0   22.0    4.0
1969  2 28    0.0   21.0    4.0
1969  3  1    0.0   22.0    5.0
1969  3  2    0.0   17.0    5.0
1969  3  3    0.0   15.0   -3.0
1969  3  4    0.0   25.0  -99.9
1969  3  5    0.0   12.0    1.0
1969  3  6    0.0   17.0   -2.0
1969  3  7    0.0   19.0    2.0
1969  3  8    0.0   17.0   -1.0
1969  3  9    0.0   20.0   -1.0
1969  3 10    0.0   20.0    3.0
1969  3 11    0.0   18.0    8.0
1969  3 12    0.0   19.0   -2.0
1969  3 13    0.0   21.0    1.0
1969  3 14    0.0   17.0    8.0
1969  3 15    0.0    7.0    1.0
1969  3 16    0.0   10.0   -3.0
1969  3 17    0.0   20.0   -2.0
1969  3 18    0.0   24.0   -2.0
1969  3 19    0.0   27.0    7.0
1969  3 20    0.0   27.0    9.0
1969  3 21    0.0   23.0    7.0
1969  3 22    0.0   21.0   10.0
1969  3 23    0.0   24.0    6.0
1969  3 24    0.0   23.0    6.0
1969  3 25    0.0   17.0    3.0
1969  3 26    0.0   23.0    4.0
1969  3 27    0.0   17.0    6.0
1969  3 28    0.0   23.0    6.0
1969  3 29    0.0   22.0    7.0
1969  3 30    0.0   26.0    8.0
1969  3 31    0.0   28.0    9.0
1969  4  1  -99.9  -99.9  -99.9
1969  4  2  -99.9  -99.9  -99.9
1969  4  3  -99.9  -99.9  -99.9
1969  4  4  -99.9  -99.9  -99.9
1969  4  5  -99.9  -99.9  -99.9
1969  4  6  -99.9  -99.9  -99.9
1969  4  7  -99.9  -99.9  -99.9
1969  4  8  -99.9  -99.9  -99.9
1969  4  9  -99.9  -99.9  -99.9
1969  4 10  -99.9  -99.9  -99.9
1969  4 11  -99.9  -99.9  -99.9
1969  4 12  -99.9  -99.9  -99.9
1969  4 13  -99.9  -99.9  -99.9
1969  4 14  -99.9  -99.9  -99.9
1969  4 15  -99.9  -99.9  -99.9
1969  4 16  -99.9  -99.9  -99.9
1969  4 17  -99.9  -99.9  -99.9
1969  4 18  -99.9  -99.9  -99.9
1969  4 19  -99.9  -99.9  -99.9
1969  4 20  -99.9  -99.9  -99.9
1969  4 21  -99.9  -99.9  -99.9
1969  4 22  -99.9  -99.9  -99.9
1969  4 23  -99.9  -99.9  -99.9
1969  4 24  -99.9  -99.9  -99.9
1969  4 25  -99.9  -99.9  -99.9
1969  4 26  -99.9  -99.9  -99.9
1969  4 27  -99.9  -99.9  -99.9
1969  4 28  -99.9  -99.9  -99.9
1969  4 29  -99.9  -99.9  -99.9
1969  4 30  -99.9  -99.9  -99.9
1969  5  1  -99.9  -99.9  -99.9
1969  5  2  -99.9  -99.9  -99.9
1969  5  3  -99.9  -99.9  -99.9
1969  5  4  -99.9  -99.9  -99.9
1969  5  5  -99.9  -99.9  -99.9
1969  5  6  -99.9  -99.9  -99.9
1969  5  7  -99.9  -99.9  -99.9
1969  5  8  -99.9  -99.9  -99.9
1969  5  9  -99.9  -99.9  -99.9
1969  5 10  -99.9  -99.9  -99.9
1969  5 11  -99.9  -99.9  -99.9
1969  5 12  -99.9  -99.9  -99.9
1969  5 13  -99.9  -99.9  -99.9
1969  5 14  -99.9  -99.9  -99.9
1969  5 15  -99.9  -99.9  -99.9
1969  5 16  -99.9  -99.9  -99.9
1969  5 17  -99.9  -99.9  -99.9
1969  5 18  -99.9  -99.9  -99.9
1969  5 19  -99.9  -99.9  -99.9
1969  5 20  -99.9  -99.9  -99.9
1969  5 21  -99.9  -99.9  -99.9
1969  5 22  -99.9  -99.9  -99.9
1969  5 23  -99.9  -99.9  -99.9
1969  5 24  -99.9  -99.9  -99.9
1969  5 25  -99.9  -99.9  -99.9
1969  5 26  -99.9  -99.9  -99.9
1969  5 27  -99.9  -99.9  -99.9
1969  5 28  -99.9  -99.9  -99.9
1969  5 29  -99.9  -99.9  -99.9
1969  5 30  -99.9  -99.9  -99.9
1969  5 31  -99.9  -99.9  -99.9
1969  6  1  -99.9  -99.9  -99.9
1969  6  2  -99.9  -99.9  -99.9
1969  6  3  -99.9  -99.9  -99.9
1969  6  4  -99.9  -99.9  -99.9
1969  6  5  -99.9  -99.9  -99.9
1969  6  6  -99.9  -99.9  -99.9
1969  6  7  -99.9  -99.9  -99.9
1969  6  8  -99.9  -99.9  -99.9
1969  6  9  -99.9  -99.9  -99.9
1969  6 10  -99.9  -99.9  -99.9
1969  6 11  -99.9  -99.9  -99.9
1969  6 12  -99.9  -99.9  -99.9
1969  6 13  -99.9  -99.9  -99.9
1969  6 14  -99.9  -99.9  -99.9
1969  6 15  -99.9  -99.9  -99.9
1969  6 16  -99.9  -99.9  -99.9
1969  6 17  -99.9  -99.9  -99.9
1969  6 18  -99.9  -99.9  -99.9
1969  6 19  -99.9  -99.9  -99.9
1969  6 20  -99.9  -99.9  -99.9
1969  6 21  -99.9  -99.9  -99.9
1969  6 22  -99.9  -99.9  -99.9
1969  6 23  -99.9  -99.9  -99.9
1969  6 24  -99.9  -99.9  -99.9
1969  6 25  -99.9  -99.9  -99.9
1969  6 26  -99.9  -99.9  -99.9
1969  6 27  -99.9  -99.9  -99.9
1969  6 28  -99.9  -99.9  -99.9
1969  6 29  -99.9  -99.9  -99.9
1969  6 30  -99.9  -99.9  -99.9
1969  7  1    0.0   27.0   23.0
1969  7  2    0.0   30.0   19.0
1969  7  3    0.0   32.0   20.0
1969  7  4    0.0   29.0   22.0
1969  7  5   20.0   32.0   22.0
1969  7  6   16.0   29.0   19.0
1969  7  7   12.0   25.0   16.0
1969  7  8   15.0   27.0   18.0
1969  7  9   45.0   27.0   17.0
1969  7 10    0.0   28.0   17.0
1969  7 11    0.0   30.0   17.0
1969  7 12    0.0   30.0   16.0
1969  7 13    0.0  -99.9   18.0
1969  7 14    0.0   25.0   15.0
1969  7 15    0.0   26.0   15.0
1969  7 16    0.0   26.0   18.0
1969  7 17    0.0   27.0   20.0
1969  7 18    0.0   28.0   19.0
1969  7 19    0.0   28.0   18.0
1969  7 20    0.0   33.0   18.0
1969  7 21    0.0   32.0   20.0
1969  7 22    0.0   32.0   21.0
1969  7 23    0.0   33.0   20.0
1969  7 24    0.0   34.0   20.0
1969  7 25    0.0   34.0   20.0
1969  7 26    0.0   29.0   19.0
1969  7 27    0.0   30.0   18.0
1969  7 28    0.0   27.0   18.0
1969  7 29    0.0   26.0   18.0
1969  7 30    0.0   25.0   18.0
1969  7 31    0.0   26.0   18.0
1969  8  1  -99.9  -99.9  -99.9
1969  8  2  -99.9  -99.9  -99.9
1969  8  3  -99.9  -99.9  -99.9
1969  8  4  -99.9  -99.9  -99.9
1969  8  5  -99.9  -99.9  -99.9
1969  8  6  -99.9  -99.9  -99.9
1969  8  7  -99.9  -99.9  -99.9
1969  8  8  -99.9  -99.9  -99.9
1969  8  9  -99.9  -99.9  -99.9
1969  8 10  -99.9  -99.9  -99.9
1969  8 11  -99.9  -99.9  -99.9
1969  8 12  -99.9  -99.9  -99.9
1969  8 13  -99.9  -99.9  -99.9
1969  8 14  -99.9  -99.9  -99.9
1969  8 15  -99.9  -99.9  -99.9
1969  8 16  -99.9  -99.9  -99.9
1969  8 17  -99.9  -99.9  -99.9
1969  8 18  -99.9  -99.9  -99.9
1969  8 19  -99.9  -99.9  -99.9
1969  8 20  -99.9  -99.9  -99.9
1969  8 21  -99.9  -99.9  -99.9
1969  8 22  -99.9  -99.9  -99.9
1969  8 23  -99.9  -99.9  -99.9
1969  8 24  -99.9  -99.9  -99.9
1969  8 25  -99.9  -99.9  -99.9
1969  8 26  -99.9  -99.9  -99.9
1969  8 27  -99.9  -99.9  -99.9
1969  8 28  -99.9  -99.9  -99.9
1969  8 29  -99.9  -99.9  -99.9
1969  8 30  -99.9  -99.9  -99.9
1969  8 31  -99.9  -99.9  -99.9
1969  9  1  -99.9  -99.9  -99.9
1969  9  2  -99.9  -99.9  -99.9
1969  9  3  -99.9  -99.9  -99.9
1969  9  4  -99.9  -99.9  -99.9
1969  9  5  -99.9  -99.9  -99.9
1969  9  6  -99.9  -99.9  -99.9
1969  9  7  -99.9  -99.9  -99.9
1969  9  8  -99.9  -99.9  -99.9
1969  9  9  -99.9  -99.9  -99.9
1969  9 10  -99.9  -99.9  -99.9
1969  9 11  -99.9  -99.9  -99.9
1969  9 12  -99.9  -99.9  -99.9
1969  9 13  -99.9  -99.9  -99.9
1969  9 14  -99.9  -99.9  -99.9
1969  9 15  -99.9  -99.9  -99.9
1969  9 16  -99.9  -99.9  -99.9
1969  9 17  -99.9  -99.9  -99.9
1969  9 18  -99.9  -99.9  -99.9
1969  9 19  -99.9  -99.9  -99.9
1969  9 20  -99.9  -99.9  -99.9
1969  9 21  -99.9  -99.9  -99.9
1969  9 22  -99.9  -99.9  -99.9
1969  9 23  -99.9  -99.9  -99.9
1969  9 24  -99.9  -99.9  -99.9
1969  9 25  -99.9  -99.9  -99.9
1969  9 26  -99.9  -99.9  -99.9
1969  9 27  -99.9  -99.9  -99.9
1969  9 28  -99.9  -99.9  -99.9
1969  9 29  -99.9  -99.9  -99.9
1969  9 30  -99.9  -99.9  -99.9
1969 10  1  -99.9  -99.9  -99.9
1969 10  2  -99.9  -99.9  -99.9
1969 10  3  -99.9  -99.9  -99.9
1969 10  4  -99.9  -99.9  -99.9
1969 10  5  -99.9  -99.9  -99.9
1969 10  6  -99.9  -99.9  -99.9
1969 10  7  -99.9  -99.9  -99.9
1969 10  8  -99.9  -99.9  -99.9
1969 10  9  -99.9  -99.9  -99.9
1969 10 10  -99.9  -99.9  -99.9
1969 10 11  -99.9  -99.9  -99.9
1969 10 12  -99.9  -99.9  -99.9
1969 10 13  -99.9  -99.9  -99.9
1969 10 14  -99.9  -99.9  -99.9
1969 10 15  -99.9  -99.9  -99.9
1969 10 16  -99.9  -99.9  -99.9
1969 10 17  -99.9  -99.9  -99.9
1969 10 18  -99.9  -99.9  -99.9
1969 10 19  -99.9  -99.9  -99.9
1969 10 20  -99.9  -99.9  -99.9
1969 10 21  -99.9  -99.9  -99.9
1969 10 22  -99.9  -99.9  -99.9
1969 10 23  -99.9  -99.9  -99.9
1969 10 24  -99.9  -99.9  -99.9
1969 10 25  -99.9  -99.9  -99.9
1969 10 26  -99.9  -99.9  -99.9
1969 10 27  -99.9  -99.9  -99.9
1969 10 28  -99.9  -99.9  -99.9
1969 10 29  -99.9  -99.9  -99.9
1969 10 30  -99.9  -99.9  -99.9
1969 10 31  -99.9  -99.9  -99.9
1969 11  1  -99.9  -99.9  -99.9
1969 11  2  -99.9  -99.9  -99.9
1969 11  3  -99.9  -99.9  -99.9
1969 11  4  -99.9  -99.9  -99.9
1969 11  5  -99.9  -99.9  -99.9
1969 11  6  -99.9  -99.9  -99.9
1969 11  7  -99.9  -99.9  -99.9
1969 11  8  -99.9  -99.9  -99.9
1969 11  9  -99.9  -99.9  -99.9
1969 11 10  -99.9  -99.9  -99.9
1969 11 11  -99.9  -99.9  -99.9
1969 11 12  -99.9  -99.9  -99.9
1969 11 13  -99.9  -99.9  -99.9
1969 11 14  -99.9  -99.9  -99.9
1969 11 15  -99.9  -99.9  -99.9
1969 11 16  -99.9  -99.9  -99.9
1969 11 17  -99.9  -99.9  -99.9
1969 11 18  -99.9  -99.9  -99.9
1969 11 19  -99.9  -99.9  -99.9
1969 11 20  -99.9  -99.9  -99.9
1969 11 21  -99.9  -99.9  -99.9
1969 11 22  -99.9  -99.9  -99.9
1969 11 23  -99.9  -99.9  -99.9
1969 11 24  -99.9  -99.9  -99.9
1969 11 25  -99.9  -99.9  -99.9
1969 11 26  -99.9  -99.9  -99.9
1969 11 27  -99.9  -99.9  -99.9
1969 11 28  -99.9  -99.9  -99.9
1969 11 29  -99.9  -99.9  -99.9
1969 11 30  -99.9  -99.9  -99.9
1969 12  1  -99.9  -99.9  -99.9
1969 12  2  -99.9  -99.9  -99.9
1969 12  3  -99.9  -99.9  -99.9
1969 12  4  -99.9  -99.9  -99.9
1969 12  5  -99.9  -99.9  -99.9
1969 12  6  -99.9  -99.9  -99.9
1969 12  7  -99.9  -99.9  -99.9
1969 12  8  -99.9  -99.9  -99.9
1969 12  9  -99.9  -99.9  -99.9
1969 12 10  -99.9  -99.9  -99.9
1969 12 11  -99.9  -99.9  -99.9
1969 12 12  -99.9  -99.9  -99.9
1969 12 13  -99.9  -99.9  -99.9
1969 12 14  -99.9  -99.9  -99.9
1969 12 15  -99.9  -99.9  -99.9
1969 12 16  -99.9  -99.9  -99.9
1969 12 17  -99.9  -99.9  -99.9
1969 12 18  -99.9  -99.9  -99.9
1969 12 19  -99.9  -99.9  -99.9
1969 12 20  -99.9  -99.9  -99.9
1969 12 21  -99.9  -99.9  -99.9
1969 12 22  -99.9  -99.9  -99.9
1969 12 23  -99.9  -99.9  -99.9
1969 12 24  -99.9  -99.9  -99.9
1969 12 25  -99.9  -99.9  -99.9
1969 12 26  -99.9  -99.9  -99.9
1969 12 27  -99.9  -99.9  -99.9
1969 12 28  -99.9  -99.9  -99.9
1969 12 29  -99.9  -99.9  -99.9
1969 12 30  -99.9  -99.9  -99.9
1969 12 31  -99.9  -99.9  -99.9
1970  1  1  -99.9  -99.9  -99.9
1970  1  2  -99.9  -99.9  -99.9
1970  1  3  -99.9  -99.9  -99.9
1970  1  4  -99.9  -99.9  -99.9
1970  1  5  -99.9  -99.9  -99.9
1970  1  6  -99.9  -99.9  -99.9
1970  1  7  -99.9  -99.9  -99.9
1970  1  8  -99.9  -99.9  -99.9
1970  1  9  -99.9  -99.9  -99.9
1970  1 10  -99.9  -99.9  -99.9
1970  1 11  -99.9  -99.9  -99.9
1970  1 12  -99.9  -99.9  -99.9
1970  1 13  -99.9  -99.9  -99.9
1970  1 14  -99.9  -99.9  -99.9
1970  1 15  -99.9  -99.9  -99.9
1970  1 16  -99.9  -99.9  -99.9
1970  1 17  -99.9  -99.9  -99.9
1970  1 18  -99.9  -99.9  -99.9
1970  1 19  -99.9  -99.9  -99.9
1970  1 20  -99.9  -99.9  -99.9
1970  1 21  -99.9  -99.9  -99.9
1970  1 22  -99.9  -99.9  -99.9
1970  1 23  -99.9  -99.9  -99.9
1970  1 24  -99.9  -99.9  -99.9
1970  1 25  -99.9  -99.9  -99.9
1970  1 26  -99.9  -99.9  -99.9
1970  1 27  -99.9  -99.9  -99.9
1970  1 28  -99.9  -99.9  -99.9
1970  1 29  -99.9  -99.9  -99.9
1970  1 30  -99.9  -99.9  -99.9
1970  1 31  -99.9  -99.9  -99.9
1970  2  1  -99.9  -99.9  -99.9
1970  2  2  -99.9  -99.9  -99.9
1970  2  3  -99.9  -99.9  -99.9
1970  2  4  -99.9  -99.9  -99.9
1970  2  5  -99.9  -99.9  -99.9
1970  2  6  -99.9  -99.9  -99.9
1970  2  7  -99.9  -99.9  -99.9
1970  2  8  -99.9  -99.9  -99.9
1970  2  9  -99.9  -99.9  -99.9
1970  2 10  -99.9  -99.9  -99.9
1970  2 11  -99.9  -99.9  -99.9
1970  2 12  -99.9  -99.9  -99.9
1970  2 13  -99.9  -99.9  -99.9
1970  2 14  -99.9  -99.9  -99.9
1970  2 15  -99.9  -99.9  -99.9
1970  2 16  -99.9  -99.9  -99.9
1970  2 17  -99.9  -99.9  -99.9
1970  2 18  -99.9  -99.9  -99.9
1970  2 19  -99.9  -99.9  -99.9
1970  2 20  -99.9  -99.9  -99.9
1970  2 21  -99.9  -99.9  -99.9
1970  2 22  -99.9  -99.9  -99.9
1970  2 23  -99.9  -99.9  -99.9
1970  2 24  -99.9  -99.9  -99.9
1970  2 25  -99.9  -99.9  -99.9
1970  2 26  -99.9  -99.9  -99.9
1970  2 27  -99.9  -99.9  -99.9
1970  2 28  -99.9  -99.9  -99.9
1970  3  1  -99.9  -99.9  -99.9
1970  3  2  -99.9  -99.9  -99.9
1970  3  3  -99.9  -99.9  -99.9
1970  3  4  -99.9  -99.9  -99.9
1970  3  5  -99.9  -99.9  -99.9
1970  3  6  -99.9  -99.9  -99.9
1970  3  7  -99.9  -99.9  -99.9
1970  3  8  -99.9  -99.9  -99.9
1970  3  9  -99.9  -99.9  -99.9
1970  3 10  -99.9  -99.9  -99.9
1970  3 11  -99.9  -99.9  -99.9
1970  3 12  -99.9  -99.9  -99.9
1970  3 13  -99.9  -99.9  -99.9
1970  3 14  -99.9  -99.9  -99.9
1970  3 15  -99.9  -99.9  -99.9
1970  3 16  -99.9  -99.9  -99.9
1970  3 17  -99.9  -99.9  -99.9
1970  3 18  -99.9  -99.9  -99.9
1970  3 19  -99.9  -99.9  -99.9
1970  3 20  -99.9  -99.9  -99.9
1970  3 21  -99.9  -99.9  -99.9
1970  3 22  -99.9  -99.9  -99.9
1970  3 23  -99.9  -99.9  -99.9
1970  3 24  -99.9  -99.9  -99.9
1970  3 25  -99.9  -99.9  -99.9
1970  3 26  -99.9  -99.9  -99.9
1970  3 27  -99.9  -99.9  -99.9
1970  3 28  -99.9  -99.9  -99.9
1970  3 29  -99.9  -99.9  -99.9
1970  3 30  -99.9  -99.9  -99.9
1970  3 31  -99.9  -99.9  -99.9
1970  4  1  -99.9  -99.9  -99.9
1970  4  2  -99.9  -99.9  -99.9
1970  4  3  -99.9  -99.9  -99.9
1970  4  4  -99.9  -99.9  -99.9
1970  4  5  -99.9  -99.9  -99.9
1970  4  6  -99.9  -99.9  -99.9
1970  4  7  -99.9  -99.9  -99.9
1970  4  8  -99.9  -99.9  -99.9
1970  4  9  -99.9  -99.9  -99.9
1970  4 10  -99.9  -99.9  -99.9
1970  4 11  -99.9  -99.9  -99.9
1970  4 12  -99.9  -99.9  -99.9
1970  4 13  -99.9  -99.9  -99.9
1970  4 14  -99.9  -99.9  -99.9
1970  4 15  -99.9  -99.9  -99.9
1970  4 16  -99.9  -99.9  -99.9
1970  4 17  -99.9  -99.9  -99.9
1970  4 18  -99.9  -99.9  -99.9
1970  4 19  -99.9  -99.9  -99.9
1970  4 20  -99.9  -99.9  -99.9
1970  4 21  -99.9  -99.9  -99.9
1970  4 22  -99.9  -99.9  -99.9
1970  4 23  -99.9  -99.9  -99.9
1970  4 24  -99.9  -99.9  -99.9
1970  4 25  -99.9  -99.9  -99.9
1970  4 26  -99.9  -99.9  -99.9
1970  4 27  -99.9  -99.9  -99.9
1970  4 28  -99.9  -99.9  -99.9
1970  4 29  -99.9  -99.9  -99.9
1970  4 30  -99.9  -99.9  -99.9
1970  5  1  -99.9  -99.9  -99.9
1970  5  2  -99.9  -99.9  -99.9
1970  5  3  -99.9  -99.9  -99.9
1970  5  4  -99.9  -99.9  -99.9
1970  5  5  -99.9  -99.9  -99.9
1970  5  6  -99.9  -99.9  -99.9
1970  5  7  -99.9  -99.9  -99.9
1970  5  8  -99.9  -99.9  -99.9
1970  5  9  -99.9  -99.9  -99.9
1970  5 10  -99.9  -99.9  -99.9
1970  5 11  -99.9  -99.9  -99.9
1970  5 12  -99.9  -99.9  -99.9
1970  5 13  -99.9  -99.9  -99.9
1970  5 14  -99.9  -99.9  -99.9
1970  5 15  -99.9  -99.9  -99.9
1970  5 16  -99.9  -99.9  -99.9
1970  5 17  -99.9  -99.9  -99.9
1970  5 18  -99.9  -99.9  -99.9
1970  5 19  -99.9  -99.9  -99.9
1970  5 20  -99.9  -99.9  -99.9
1970  5 21  -99.9  -99.9  -99.9
1970  5 22  -99.9  -99.9  -99.9
1970  5 23  -99.9  -99.9  -99.9
1970  5 24  -99.9  -99.9  -99.9
1970  5 25  -99.9  -99.9  -99.9
1970  5 26  -99.9  -99.9  -99.9
1970  5 27  -99.9  -99.9  -99.9
1970  5 28  -99.9  -99.9  -99.9
1970  5 29  -99.9  -99.9  -99.9
1970  5 30  -99.9  -99.9  -99.9
1970  5 31  -99.9  -99.9  -99.9
1970  6  1  -99.9  -99.9  -99.9
1970  6  2  -99.9  -99.9  -99.9
1970  6  3  -99.9  -99.9  -99.9
1970  6  4  -99.9  -99.9  -99.9
1970  6  5  -99.9  -99.9  -99.9
1970  6  6  -99.9  -99.9  -99.9
1970  6  7  -99.9  -99.9  -99.9
1970  6  8  -99.9  -99.9  -99.9
1970  6  9  -99.9  -99.9  -99.9
1970  6 10  -99.9  -99.9  -99.9
1970  6 11  -99.9  -99.9  -99.9
1970  6 12  -99.9  -99.9  -99.9
1970  6 13  -99.9  -99.9  -99.9
1970  6 14  -99.9  -99.9  -99.9
1970  6 15  -99.9  -99.9  -99.9
1970  6 16  -99.9  -99.9  -99.9
1970  6 17  -99.9  -99.9  -99.9
1970  6 18  -99.9  -99.9  -99.9
1970  6 19  -99.9  -99.9  -99.9
1970  6 20  -99.9  -99.9  -99.9
1970  6 21  -99.9  -99.9  -99.9
1970  6 22  -99.9  -99.9  -99.9
1970  6 23  -99.9  -99.9  -99.9
1970  6 24  -99.9  -99.9  -99.9
1970  6 25  -99.9  -99.9  -99.9
1970  6 26  -99.9  -99.9  -99.9
1970  6 27  -99.9  -99.9  -99.9
1970  6 28  -99.9  -99.9  -99.9
1970  6 29  -99.9  -99.9  -99.9
1970  6 30  -99.9  -99.9  -99.9
1970  7  1  -99.9  -99.9  -99.9
1970  7  2  -99.9  -99.9  -99.9
1970  7  3  -99.9  -99.9  -99.9
1970  7  4  -99.9  -99.9  -99.9
1970  7  5  -99.9  -99.9  -99.9
1970  7  6  -99.9  -99.9  -99.9
1970  7  7  -99.9  -99.9  -99.9
1970  7  8  -99.9  -99.9  -99.9
1970  7  9  -99.9  -99.9  -99.9
1970  7 10  -99.9  -99.9  -99.9
1970  7 11  -99.9  -99.9  -99.9
1970  7 12  -99.9  -99.9  -99.9
1970  7 13  -99.9  -99.9  -99.9
1970  7 14  -99.9  -99.9  -99.9
1970  7 15  -99.9  -99.9  -99.9
1970  7 16  -99.9  -99.9  -99.9
1970  7 17  -99.9  -99.9  -99.9
1970  7 18  -99.9  -99.9  -99.9
1970  7 19  -99.9  -99.9  -99.9
1970  7 20  -99.9  -99.9  -99.9
1970  7 21  -99.9  -99.9  -99.9
1970  7 22  -99.9  -99.9  -99.9
1970  7 23  -99.9  -99.9  -99.9
1970  7 24  -99.9  -99.9  -99.9
1970  7 25  -99.9  -99.9  -99.9
1970  7 26  -99.9  -99.9  -99.9
1970  7 27  -99.9  -99.9  -99.9
1970  7 28  -99.9  -99.9  -99.9
1970  7 29  -99.9  -99.9  -99.9
1970  7 30  -99.9  -99.9  -99.9
1970  7 31  -99.9  -99.9  -99.9
1970  8  1  -99.9  -99.9  -99.9
1970  8  2  -99.9  -99.9  -99.9
1970  8  3  -99.9  -99.9  -99.9
1970  8  4  -99.9  -99.9  -99.9
1970  8  5  -99.9  -99.9  -99.9
1970  8  6  -99.9  -99.9  -99.9
1970  8  7  -99.9  -99.9  -99.9
1970  8  8  -99.9  -99.9  -99.9
1970  8  9  -99.9  -99.9  -99.9
1970  8 10  -99.9  -99.9  -99.9
1970  8 11  -99.9  -99.9  -99.9
1970  8 12  -99.9  -99.9  -99.9
1970  8 13  -99.9  -99.9  -99.9
1970  8 14  -99.9  -99.9  -99.9
1970  8 15  -99.9  -99.9  -99.9
1970  8 16  -99.9  -99.9  -99.9
1970  8 17  -99.9  -99.9  -99.9
1970  8 18  -99.9  -99.9  -99.9
1970  8 19  -99.9  -99.9  -99.9
1970  8 20  -99.9  -99.9  -99.9
1970  8 21  -99.9  -99.9  -99.9
1970  8 22  -99.9  -99.9  -99.9
1970  8 23  -99.9  -99.9  -99.9
1970  8 24  -99.9  -99.9  -99.9
1970  8 25  -99.9  -99.9  -99.9
1970  8 26  -99.9  -99.9  -99.9
1970  8 27  -99.9  -99.9  -99.9
1970  8 28  -99.9  -99.9  -99.9
1970  8 29  -99.9  -99.9  -99.9
1970  8 30  -99.9  -99.9  -99.9
1970  8 31  -99.9  -99.9  -99.9
1970  9  1  -99.9  -99.9  -99.9
1970  9  2  -99.9  -99.9  -99.9
1970  9  3  -99.9  -99.9  -99.9
1970  9  4  -99.9  -99.9  -99.9
1970  9  5  -99.9  -99.9  -99.9
1970  9  6  -99.9  -99.9  -99.9
1970  9  7  -99.9  -99.9  -99.9
1970  9  8  -99.9  -99.9  -99.9
1970  9  9  -99.9  -99.9  -99.9
1970  9 10  -99.9  -99.9  -99.9
1970  9 11  -99.9  -99.9  -99.9
1970  9 12  -99.9  -99.9  -99.9
1970  9 13  -99.9  -99.9  -99.9
1970  9 14  -99.9  -99.9  -99.9
1970  9 15  -99.9  -99.9  -99.9
1970  9 16  -99.9  -99.9  -99.9
1970  9 17  -99.9  -99.9  -99.9
1970  9 18  -99.9  -99.9  -99.9
1970  9 19  -99.9  -99.9  -99.9
1970  9 20  -99.9  -99.9  -99.9
1970  9 21  -99.9  -99.9  -99.9
1970  9 22  -99.9  -99.9  -99.9
1970  9 23  -99.9  -99.9  -99.9
1970  9 24  -99.9  -99.9  -99.9
1970  9 25  -99.9  -99.9  -99.9
1970  9 26  -99.9  -99.9  -99.9
1970  9 27  -99.9  -99.9  -99.9
1970  9 28  -99.9  -99.9  -99.9
1970  9 29  -99.9  -99.9  -99.9
1970  9 30  -99.9  -99.9  -99.9
1970 10  1  -99.9  -99.9  -99.9
1970 10  2  -99.9  -99.9  -99.9
1970 10  3  -99.9  -99.9  -99.9
1970 10  4  -99.9  -99.9  -99.9
1970 10  5  -99.9  -99.9  -99.9
1970 10  6  -99.9  -99.9  -99.9
1970 10  7  -99.9  -99.9  -99.9
1970 10  8  -99.9  -99.9  -99.9
1970 10  9  -99.9  -99.9  -99.9
1970 10 10  -99.9  -99.9  -99.9
1970 10 11  -99.9  -99.9  -99.9
1970 10 12  -99.9  -99.9  -99.9
1970 10 13  -99.9  -99.9  -99.9
1970 10 14  -99.9  -99.9  -99.9
1970 10 15  -99.9  -99.9  -99.9
1970 10 16  -99.9  -99.9  -99.9
1970 10 17  -99.9  -99.9  -99.9
1970 10 18  -99.9  -99.9  -99.9
1970 10 19  -99.9  -99.9  -99.9
1970 10 20  -99.9  -99.9  -99.9
1970 10 21  -99.9  -99.9  -99.9
1970 10 22  -99.9  -99.9  -99.9
1970 10 23  -99.9  -99.9  -99.9
1970 10 24  -99.9  -99.9  -99.9
1970 10 25  -99.9  -99.9  -99.9
1970 10 26  -99.9  -99.9  -99.9
1970 10 27  -99.9  -99.9  -99.9
1970 10 28  -99.9  -99.9  -99.9
1970 10 29  -99.9  -99.9  -99.9
1970 10 30  -99.9  -99.9  -99.9
1970 10 31  -99.9  -99.9  -99.9
1970 11  1  -99.9  -99.9  -99.9
1970 11  2  -99.9  -99.9  -99.9
1970 11  3  -99.9  -99.9  -99.9
1970 11  4  -99.9  -99.9  -99.9
1970 11  5  -99.9  -99.9  -99.9
1970 11  6  -99.9  -99.9  -99.9
1970 11  7  -99.9  -99.9  -99.9
1970 11  8  -99.9  -99.9  -99.9
1970 11  9  -99.9  -99.9  -99.9
1970 11 10  -99.9  -99.9  -99.9
1970 11 11  -99.9  -99.9  -99.9
1970 11 12  -99.9  -99.9  -99.9
1970 11 13  -99.9  -99.9  -99.9
1970 11 14  -99.9  -99.9  -99.9
1970 11 15  -99.9  -99.9  -99.9
1970 11 16  -99.9  -99.9  -99.9
1970 11 17  -99.9  -99.9  -99.9
1970 11 18  -99.9  -99.9  -99.9
1970 11 19  -99.9  -99.9  -99.9
1970 11 20  -99.9  -99.9  -99.9
1970 11 21  -99.9  -99.9  -99.9
1970 11 22  -99.9  -99.9  -99.9
1970 11 23  -99.9  -99.9  -99.9
1970 11 24  -99.9  -99.9  -99.9
1970 11 25  -99.9  -99.9  -99.9
1970 11 26  -99.9  -99.9  -99.9
1970 11 27  -99.9  -99.9  -99.9
1970 11 28  -99.9  -99.9  -99.9
1970 11 29  -99.9  -99.9  -99.9
1970 11 30  -99.9  -99.9  -99.9
1970 12  1  -99.9  -99.9  -99.9
1970 12  2  -99.9  -99.9  -99.9
1970 12  3  -99.9  -99.9  -99.9
1970 12  4  -99.9  -99.9  -99.9
1970 12  5  -99.9  -99.9  -99.9
1970 12  6  -99.9  -99.9  -99.9
1970 12  7  -99.9  -99.9  -99.9
1970 12  8  -99.9  -99.9  -99.9
1970 12  9  -99.9  -99.9  -99.9
1970 12 10  -99.9  -99.9  -99.9
1970 12 11  -99.9  -99.9  -99.9
1970 12 12  -99.9  -99.9  -99.9
1970 12 13  -99.9  -99.9  -99.9
1970 12 14  -99.9  -99.9  -99.9
1970 12 15  -99.9  -99.9  -99.9
1970 12 16  -99.9  -99.9  -99.9
1970 12 17  -99.9  -99.9  -99.9
1970 12 18  -99.9  -99.9  -99.9
1970 12 19  -99.9  -99.9  -99.9
1970 12 20  -99.9  -99.9  -99.9
1970 12 21  -99.9  -99.9  -99.9
1970 12 22  -99.9  -99.9  -99.9
1970 12 23  -99.9  -99.9  -99.9
1970 12 24  -99.9  -99.9  -99.9
1970 12 25  -99.9  -99.9  -99.9
1970 12 26  -99.9  -99.9  -99.9
1970 12 27  -99.9  -99.9  -99.9
1970 12 28  -99.9  -99.9  -99.9
1970 12 29  -99.9  -99.9  -99.9
1970 12 30  -99.9  -99.9  -99.9
1970 12 31  -99.9  -99.9  -99.9
1971  1  1  -99.9  -99.9  -99.9
1971  1  2  -99.9  -99.9  -99.9
1971  1  3  -99.9  -99.9  -99.9
1971  1  4  -99.9  -99.9  -99.9
1971  1  5  -99.9  -99.9  -99.9
1971  1  6  -99.9  -99.9  -99.9
1971  1  7  -99.9  -99.9  -99.9
1971  1  8  -99.9  -99.9  -99.9
1971  1  9  -99.9  -99.9  -99.9
1971  1 10  -99.9  -99.9  -99.9
1971  1 11  -99.9  -99.9  -99.9
1971  1 12  -99.9  -99.9  -99.9
1971  1 13  -99.9  -99.9  -99.9
1971  1 14  -99.9  -99.9  -99.9
1971  1 15  -99.9  -99.9  -99.9
1971  1 16  -99.9  -99.9  -99.9
1971  1 17  -99.9  -99.9  -99.9
1971  1 18  -99.9  -99.9  -99.9
1971  1 19  -99.9  -99.9  -99.9
1971  1 20  -99.9  -99.9  -99.9
1971  1 21  -99.9  -99.9  -99.9
1971  1 22  -99.9  -99.9  -99.9
1971  1 23  -99.9  -99.9  -99.9
1971  1 24  -99.9  -99.9  -99.9
1971  1 25  -99.9  -99.9  -99.9
1971  1 26  -99.9  -99.9  -99.9
1971  1 27  -99.9  -99.9  -99.9
1971  1 28  -99.9  -99.9  -99.9
1971  1 29  -99.9  -99.9  -99.9
1971  1 30  -99.9  -99.9  -99.9
1971  1 31  -99.9  -99.9  -99.9
1971  2  1  -99.9  -99.9  -99.9
1971  2  2  -99.9  -99.9  -99.9
1971  2  3  -99.9  -99.9  -99.9
1971  2  4  -99.9  -99.9  -99.9
1971  2  5  -99.9  -99.9  -99.9
1971  2  6  -99.9  -99.9  -99.9
1971  2  7  -99.9  -99.9  -99.9
1971  2  8  -99.9  -99.9  -99.9
1971  2  9  -99.9  -99.9  -99.9
1971  2 10  -99.9  -99.9  -99.9
1971  2 11  -99.9  -99.9  -99.9
1971  2 12  -99.9  -99.9  -99.9
1971  2 13  -99.9  -99.9  -99.9
1971  2 14  -99.9  -99.9  -99.9
1971  2 15  -99.9  -99.9  -99.9
1971  2 16  -99.9  -99.9  -99.9
1971  2 17  -99.9  -99.9  -99.9
1971  2 18  -99.9  -99.9  -99.9
1971  2 19  -99.9  -99.9  -99.9
1971  2 20  -99.9  -99.9  -99.9
1971  2 21  -99.9  -99.9  -99.9
1971  2 22  -99.9  -99.9  -99.9
1971  2 23  -99.9  -99.9  -99.9
1971  2 24  -99.9  -99.9  -99.9
1971  2 25  -99.9  -99.9  -99.9
1971  2 26  -99.9  -99.9  -99.9
1971  2 27  -99.9  -99.9  -99.9
1971  2 28  -99.9  -99.9  -99.9
1971  3  1  -99.9  -99.9  -99.9
1971  3  2  -99.9  -99.9  -99.9
1971  3  3  -99.9  -99.9  -99.9
1971  3  4  -99.9  -99.9  -99.9
1971  3  5  -99.9  -99.9  -99.9
1971  3  6  -99.9  -99.9  -99.9
1971  3  7  -99.9  -99.9  -99.9
1971  3  8  -99.9  -99.9  -99.9
1971  3  9  -99.9  -99.9  -99.9
1971  3 10  -99.9  -99.9  -99.9
1971  3 11  -99.9  -99.9  -99.9
1971  3 12  -99.9  -99.9  -99.9
1971  3 13  -99.9  -99.9  -99.9
1971  3 14  -99.9  -99.9  -99.9
1971  3 15  -99.9  -99.9  -99.9
1971  3 16  -99.9  -99.9  -99.9
1971  3 17  -99.9  -99.9  -99.9
1971  3 18  -99.9  -99.9  -99.9
1971  3 19  -99.9  -99.9  -99.9
1971  3 20  -99.9  -99.9  -99.9
1971  3 21  -99.9  -99.9  -99.9
1971  3 22  -99.9  -99.9  -99.9
1971  3 23  -99.9  -99.9  -99.9
1971  3 24  -99.9  -99.9  -99.9
1971  3 25  -99.9  -99.9  -99.9
1971  3 26  -99.9  -99.9  -99.9
1971  3 27  -99.9  -99.9  -99.9
1971  3 28  -99.9  -99.9  -99.9
1971  3 29  -99.9  -99.9  -99.9
1971  3 30  -99.9  -99.9  -99.9
1971  3 31  -99.9  -99.9  -99.9
1971  4  1  -99.9  -99.9  -99.9
1971  4  2  -99.9  -99.9  -99.9
1971  4  3  -99.9  -99.9  -99.9
1971  4  4  -99.9  -99.9  -99.9
1971  4  5  -99.9  -99.9  -99.9
1971  4  6  -99.9  -99.9  -99.9
1971  4  7  -99.9  -99.9  -99.9
1971  4  8  -99.9  -99.9  -99.9
1971  4  9  -99.9  -99.9  -99.9
1971  4 10  -99.9  -99.9  -99.9
1971  4 11  -99.9  -99.9  -99.9
1971  4 12  -99.9  -99.9  -99.9
1971  4 13  -99.9  -99.9  -99.9
1971  4 14  -99.9  -99.9  -99.9
1971  4 15  -99.9  -99.9  -99.9
1971  4 16  -99.9  -99.9  -99.9
1971  4 17  -99.9  -99.9  -99.9
1971  4 18  -99.9  -99.9  -99.9
1971  4 19  -99.9  -99.9  -99.9
1971  4 20  -99.9  -99.9  -99.9
1971  4 21  -99.9  -99.9  -99.9
1971  4 22  -99.9  -99.9  -99.9
1971  4 23  -99.9  -99.9  -99.9
1971  4 24  -99.9  -99.9  -99.9
1971  4 25  -99.9  -99.9  -99.9
1971  4 26  -99.9  -99.9  -99.9
1971  4 27  -99.9  -99.9  -99.9
1971  4 28  -99.9  -99.9  -99.9
1971  4 29  -99.9  -99.9  -99.9
1971  4 30  -99.9  -99.9  -99.9
1971  5  1  -99.9  -99.9  -99.9
1971  5  2  -99.9  -99.9  -99.9
1971  5  3  -99.9  -99.9  -99.9
1971  5  4  -99.9  -99.9  -99.9
1971  5  5  -99.9  -99.9  -99.9
1971  5  6  -99.9  -99.9  -99.9
1971  5  7  -99.9  -99.9  -99.9
1971  5  8  -99.9  -99.9  -99.9
1971  5  9  -99.9  -99.9  -99.9
1971  5 10  -99.9  -99.9  -99.9
1971  5 11  -99.9  -99.9  -99.9
1971  5 12  -99.9  -99.9  -99.9
1971  5 13  -99.9  -99.9  -99.9
1971  5 14  -99.9  -99.9  -99.9
1971  5 15  -99.9  -99.9  -99.9
1971  5 16  -99.9  -99.9  -99.9
1971  5 17  -99.9  -99.9  -99.9
1971  5 18  -99.9  -99.9  -99.9
1971  5 19  -99.9  -99.9  -99.9
1971  5 20  -99.9  -99.9  -99.9
1971  5 21  -99.9  -99.9  -99.9
1971  5 22  -99.9  -99.9  -99.9
1971  5 23  -99.9  -99.9  -99.9
1971  5 24  -99.9  -99.9  -99.9
1971  5 25  -99.9  -99.9  -99.9
1971  5 26  -99.9  -99.9  -99.9
1971  5 27  -99.9  -99.9  -99.9
1971  5 28  -99.9  -99.9  -99.9
1971  5 29  -99.9  -99.9  -99.9
1971  5 30  -99.9  -99.9  -99.9
1971  5 31  -99.9  -99.9  -99.9
1971  6  1  -99.9  -99.9  -99.9
1971  6  2  -99.9  -99.9  -99.9
1971  6  3  -99.9  -99.9  -99.9
1971  6  4  -99.9  -99.9  -99.9
1971  6  5  -99.9  -99.9  -99.9
1971  6  6  -99.9  -99.9  -99.9
1971  6  7  -99.9  -99.9  -99.9
1971  6  8  -99.9  -99.9  -99.9
1971  6  9  -99.9  -99.9  -99.9
1971  6 10  -99.9  -99.9  -99.9
1971  6 11  -99.9  -99.9  -99.9
1971  6 12  -99.9  -99.9  -99.9
1971  6 13  -99.9  -99.9  -99.9
1971  6 14  -99.9  -99.9  -99.9
1971  6 15  -99.9  -99.9  -99.9
1971  6 16  -99.9  -99.9  -99.9
1971  6 17  -99.9  -99.9  -99.9
1971  6 18  -99.9  -99.9  -99.9
1971  6 19  -99.9  -99.9  -99.9
1971  6 20  -99.9  -99.9  -99.9
1971  6 21  -99.9  -99.9  -99.9
1971  6 22  -99.9  -99.9  -99.9
1971  6 23  -99.9  -99.9  -99.9
1971  6 24  -99.9  -99.9  -99.9
1971  6 25  -99.9  -99.9  -99.9
1971  6 26  -99.9  -99.9  -99.9
1971  6 27  -99.9  -99.9  -99.9
1971  6 28  -99.9  -99.9  -99.9
1971  6 29  -99.9  -99.9  -99.9
1971  6 30  -99.9  -99.9  -99.9
1971  7  1  -99.9  -99.9  -99.9
1971  7  2  -99.9  -99.9  -99.9
1971  7  3  -99.9  -99.9  -99.9
1971  7  4  -99.9  -99.9  -99.9
1971  7  5  -99.9  -99.9  -99.9
1971  7  6  -99.9  -99.9  -99.9
1971  7  7  -99.9  -99.9  -99.9
1971  7  8  -99.9  -99.9  -99.9
1971  7  9  -99.9  -99.9  -99.9
1971  7 10  -99.9  -99.9  -99.9
1971  7 11  -99.9  -99.9  -99.9
1971  7 12  -99.9  -99.9  -99.9
1971  7 13  -99.9  -99.9  -99.9
1971  7 14  -99.9  -99.9  -99.9
1971  7 15  -99.9  -99.9  -99.9
1971  7 16  -99.9  -99.9  -99.9
1971  7 17  -99.9  -99.9  -99.9
1971  7 18  -99.9  -99.9  -99.9
1971  7 19  -99.9  -99.9  -99.9
1971  7 20  -99.9  -99.9  -99.9
1971  7 21  -99.9  -99.9  -99.9
1971  7 22  -99.9  -99.9  -99.9
1971  7 23  -99.9  -99.9  -99.9
1971  7 24  -99.9  -99.9  -99.9
1971  7 25  -99.9  -99.9  -99.9
1971  7 26  -99.9  -99.9  -99.9
1971  7 27  -99.9  -99.9  -99.9
1971  7 28  -99.9  -99.9  -99.9
1971  7 29  -99.9  -99.9  -99.9
1971  7 30  -99.9  -99.9  -99.9
1971  7 31  -99.9  -99.9  -99.9
1971  8  1  -99.9  -99.9  -99.9
1971  8  2  -99.9  -99.9  -99.9
1971  8  3  -99.9  -99.9  -99.9
1971  8  4  -99.9  -99.9  -99.9
1971  8  5  -99.9  -99.9  -99.9
1971  8  6  -99.9  -99.9  -99.9
1971  8  7  -99.9  -99.9  -99.9
1971  8  8  -99.9  -99.9  -99.9
1971  8  9  -99.9  -99.9  -99.9
1971  8 10  -99.9  -99.9  -99.9
1971  8 11  -99.9  -99.9  -99.9
1971  8 12  -99.9  -99.9  -99.9
1971  8 13  -99.9  -99.9  -99.9
1971  8 14  -99.9  -99.9  -99.9
1971  8 15  -99.9  -99.9  -99.9
1971  8 16  -99.9  -99.9  -99.9
1971  8 17  -99.9  -99.9  -99.9
1971  8 18  -99.9  -99.9  -99.9
1971  8 19  -99.9  -99.9  -99.9
1971  8 20  -99.9  -99.9  -99.9
1971  8 21  -99.9  -99.9  -99.9
1971  8 22  -99.9  -99.9  -99.9
1971  8 23  -99.9  -99.9  -99.9
1971  8 24  -99.9  -99.9  -99.9
1971  8 25  -99.9  -99.9  -99.9
1971  8 26  -99.9  -99.9  -99.9
1971  8 27  -99.9  -99.9  -99.9
1971  8 28  -99.9  -99.9  -99.9
1971  8 29  -99.9  -99.9  -99.9
1971  8 30  -99.9  -99.9  -99.9
1971  8 31  -99.9  -99.9  -99.9
1971  9  1  -99.9  -99.9  -99.9
1971  9  2  -99.9  -99.9  -99.9
1971  9  3  -99.9  -99.9  -99.9
1971  9  4  -99.9  -99.9  -99.9
1971  9  5  -99.9  -99.9  -99.9
1971  9  6  -99.9  -99.9  -99.9
1971  9  7  -99.9  -99.9  -99.9
1971  9  8  -99.9  -99.9  -99.9
1971  9  9  -99.9  -99.9  -99.9
1971  9 10  -99.9  -99.9  -99.9
1971  9 11  -99.9  -99.9  -99.9
1971  9 12  -99.9  -99.9  -99.9
1971  9 13  -99.9  -99.9  -99.9
1971  9 14  -99.9  -99.9  -99.9
1971  9 15  -99.9  -99.9  -99.9
1971  9 16  -99.9  -99.9  -99.9
1971  9 17  -99.9  -99.9  -99.9
1971  9 18  -99.9  -99.9  -99.9
1971  9 19  -99.9  -99.9  -99.9
1971  9 20  -99.9  -99.9  -99.9
1971  9 21  -99.9  -99.9  -99.9
1971  9 22  -99.9  -99.9  -99.9
1971  9 23  -99.9  -99.9  -99.9
1971  9 24  -99.9  -99.9  -99.9
1971  9 25  -99.9  -99.9  -99.9
1971  9 26  -99.9  -99.9  -99.9
1971  9 27  -99.9  -99.9  -99.9
1971  9 28  -99.9  -99.9  -99.9
1971  9 29  -99.9  -99.9  -99.9
1971  9 30  -99.9  -99.9  -99.9
1971 10  1  -99.9  -99.9  -99.9
1971 10  2  -99.9  -99.9  -99.9
1971 10  3  -99.9  -99.9  -99.9
1971 10  4  -99.9  -99.9  -99.9
1971 10  5  -99.9  -99.9  -99.9
1971 10  6  -99.9  -99.9  -99.9
1971 10  7  -99.9  -99.9  -99.9
1971 10  8  -99.9  -99.9  -99.9
1971 10  9  -99.9  -99.9  -99.9
1971 10 10  -99.9  -99.9  -99.9
1971 10 11  -99.9  -99.9  -99.9
1971 10 12  -99.9  -99.9  -99.9
1971 10 13  -99.9  -99.9  -99.9
1971 10 14  -99.9  -99.9  -99.9
1971 10 15  -99.9  -99.9  -99.9
1971 10 16  -99.9  -99.9  -99.9
1971 10 17  -99.9  -99.9  -99.9
1971 10 18  -99.9  -99.9  -99.9
1971 10 19  -99.9  -99.9  -99.9
1971 10 20  -99.9  -99.9  -99.9
1971 10 21  -99.9  -99.9  -99.9
1971 10 22  -99.9  -99.9  -99.9
1971 10 23  -99.9  -99.9  -99.9
1971 10 24  -99.9  -99.9  -99.9
1971 10 25  -99.9  -99.9  -99.9
1971 10 26  -99.9  -99.9  -99.9
1971 10 27  -99.9  -99.9  -99.9
1971 10 28  -99.9  -99.9  -99.9
1971 10 29  -99.9  -99.9  -99.9
1971 10 30  -99.9  -99.9  -99.9
1971 10 31  -99.9  -99.9  -99.9
1971 11  1  -99.9  -99.9  -99.9
1971 11  2  -99.9  -99.9  -99.9
1971 11  3  -99.9  -99.9  -99.9
1971 11  4  -99.9  -99.9  -99.9
1971 11  5  -99.9  -99.9  -99.9
1971 11  6  -99.9  -99.9  -99.9
1971 11  7  -99.9  -99.9  -99.9
1971 11  8  -99.9  -99.9  -99.9
1971 11  9  -99.9  -99.9  -99.9
1971 11 10  -99.9  -99.9  -99.9
1971 11 11  -99.9  -99.9  -99.9
1971 11 12  -99.9  -99.9  -99.9
1971 11 13  -99.9  -99.9  -99.9
1971 11 14  -99.9  -99.9  -99.9
1971 11 15  -99.9  -99.9  -99.9
1971 11 16  -99.9  -99.9  -99.9
1971 11 17  -99.9  -99.9  -99.9
1971 11 18  -99.9  -99.9  -99.9
1971 11 19  -99.9  -99.9  -99.9
1971 11 20  -99.9  -99.9  -99.9
1971 11 21  -99.9  -99.9  -99.9
1971 11 22  -99.9  -99.9  -99.9
1971 11 23  -99.9  -99.9  -99.9
1971 11 24  -99.9  -99.9  -99.9
1971 11 25  -99.9  -99.9  -99.9
1971 11 26  -99.9  -99.9  -99.9
1971 11 27  -99.9  -99.9  -99.9
1971 11 28  -99.9  -99.9  -99.9
1971 11 29  -99.9  -99.9  -99.9
1971 11 30  -99.9  -99.9  -99.9
1971 12  1  -99.9  -99.9  -99.9
1971 12  2  -99.9  -99.9  -99.9
1971 12  3  -99.9  -99.9  -99.9
1971 12  4  -99.9  -99.9  -99.9
1971 12  5  -99.9  -99.9  -99.9
1971 12  6  -99.9  -99.9  -99.9
1971 12  7  -99.9  -99.9  -99.9
1971 12  8  -99.9  -99.9  -99.9
1971 12  9  -99.9  -99.9  -99.9
1971 12 10  -99.9  -99.9  -99.9
1971 12 11  -99.9  -99.9  -99.9
1971 12 12  -99.9  -99.9  -99.9
1971 12 13  -99.9  -99.9  -99.9
1971 12 14  -99.9  -99.9  -99.9
1971 12 15  -99.9  -99.9  -99.9
1971 12 16  -99.9  -99.9  -99.9
1971 12 17  -99.9  -99.9  -99.9
1971 12 18  -99.9  -99.9  -99.9
1971 12 19  -99.9  -99.9  -99.9
1971 12 20  -99.9  -99.9  -99.9
1971 12 21  -99.9  -99.9  -99.9
1971 12 22  -99.9  -99.9  -99.9
1971 12 23  -99.9  -99.9  -99.9
1971 12 24  -99.9  -99.9  -99.9
1971 12 25  -99.9  -99.9  -99.9
1971 12 26  -99.9  -99.9  -99.9
1971 12 27  -99.9  -99.9  -99.9
1971 12 28  -99.9  -99.9  -99.9
1971 12 29  -99.9  -99.9  -99.9
1971 12 30  -99.9  -99.9  -99.9
1971 12 31  -99.9  -99.9  -99.9
1972  1  1  -99.9  -99.9  -99.9
1972  1  2  -99.9  -99.9  -99.9
1972  1  3  -99.9  -99.9  -99.9
1972  1  4  -99.9  -99.9  -99.9
1972  1  5  -99.9  -99.9  -99.9
1972  1  6  -99.9  -99.9  -99.9
1972  1  7  -99.9  -99.9  -99.9
1972  1  8  -99.9  -99.9  -99.9
1972  1  9  -99.9  -99.9  -99.9
1972  1 10  -99.9  -99.9  -99.9
1972  1 11  -99.9  -99.9  -99.9
1972  1 12  -99.9  -99.9  -99.9
1972  1 13  -99.9  -99.9  -99.9
1972  1 14  -99.9  -99.9  -99.9
1972  1 15  -99.9  -99.9  -99.9
1972  1 16  -99.9  -99.9  -99.9
1972  1 17  -99.9  -99.9  -99.9
1972  1 18  -99.9  -99.9  -99.9
1972  1 19  -99.9  -99.9  -99.9
1972  1 20  -99.9  -99.9  -99.9
1972  1 21  -99.9  -99.9  -99.9
1972  1 22  -99.9  -99.9  -99.9
1972  1 23  -99.9  -99.9  -99.9
1972  1 24  -99.9  -99.9  -99.9
1972  1 25  -99.9  -99.9  -99.9
1972  1 26  -99.9  -99.9  -99.9
1972  1 27  -99.9  -99.9  -99.9
1972  1 28  -99.9  -99.9  -99.9
1972  1 29  -99.9  -99.9  -99.9
1972  1 30  -99.9  -99.9  -99.9
1972  1 31  -99.9  -99.9  -99.9
1972  2  1  -99.9  -99.9  -99.9
1972  2  2  -99.9  -99.9  -99.9
1972  2  3  -99.9  -99.9  -99.9
1972  2  4  -99.9  -99.9  -99.9
1972  2  5  -99.9  -99.9  -99.9
1972  2  6  -99.9  -99.9  -99.9
1972  2  7  -99.9  -99.9  -99.9
1972  2  8  -99.9  -99.9  -99.9
1972  2  9  -99.9  -99.9  -99.9
1972  2 10  -99.9  -99.9  -99.9
1972  2 11  -99.9  -99.9  -99.9
1972  2 12  -99.9  -99.9  -99.9
1972  2 13  -99.9  -99.9  -99.9
1972  2 14  -99.9  -99.9  -99.9
1972  2 15  -99.9  -99.9  -99.9
1972  2 16  -99.9  -99.9  -99.9
1972  2 17  -99.9  -99.9  -99.9
1972  2 18  -99.9  -99.9  -99.9
1972  2 19  -99.9  -99.9  -99.9
1972  2 20  -99.9  -99.9  -99.9
1972  2 21  -99.9  -99.9  -99.9
1972  2 22  -99.9  -99.9  -99.9
1972  2 23  -99.9  -99.9  -99.9
1972  2 24  -99.9  -99.9  -99.9
1972  2 25  -99.9  -99.9  -99.9
1972  2 26  -99.9  -99.9  -99.9
1972  2 27  -99.9  -99.9  -99.9
1972  2 28  -99.9  -99.9  -99.9
1972  2 29  -99.9  -99.9  -99.9
1972  3  1  -99.9  -99.9  -99.9
1972  3  2  -99.9  -99.9  -99.9
1972  3  3  -99.9  -99.9  -99.9
1972  3  4  -99.9  -99.9  -99.9
1972  3  5  -99.9  -99.9  -99.9
1972  3  6  -99.9  -99.9  -99.9
1972  3  7  -99.9  -99.9  -99.9
1972  3  8  -99.9  -99.9  -99.9
1972  3  9  -99.9  -99.9  -99.9
1972  3 10  -99.9  -99.9  -99.9
1972  3 11  -99.9  -99.9  -99.9
1972  3 12  -99.9  -99.9  -99.9
1972  3 13  -99.9  -99.9  -99.9
1972  3 14  -99.9  -99.9  -99.9
1972  3 15  -99.9  -99.9  -99.9
1972  3 16  -99.9  -99.9  -99.9
1972  3 17  -99.9  -99.9  -99.9
1972  3 18  -99.9  -99.9  -99.9
1972  3 19  -99.9  -99.9  -99.9
1972  3 20  -99.9  -99.9  -99.9
1972  3 21  -99.9  -99.9  -99.9
1972  3 22  -99.9  -99.9  -99.9
1972  3 23  -99.9  -99.9  -99.9
1972  3 24  -99.9  -99.9  -99.9
1972  3 25  -99.9  -99.9  -99.9
1972  3 26  -99.9  -99.9  -99.9
1972  3 27  -99.9  -99.9  -99.9
1972  3 28  -99.9  -99.9  -99.9
1972  3 29  -99.9  -99.9  -99.9
1972  3 30  -99.9  -99.9  -99.9
1972  3 31  -99.9  -99.9  -99.9
1972  4  1  -99.9  -99.9  -99.9
1972  4  2  -99.9  -99.9  -99.9
1972  4  3  -99.9  -99.9  -99.9
1972  4  4  -99.9  -99.9  -99.9
1972  4  5  -99.9  -99.9  -99.9
1972  4  6  -99.9  -99.9  -99.9
1972  4  7  -99.9  -99.9  -99.9
1972  4  8  -99.9  -99.9  -99.9
1972  4  9  -99.9  -99.9  -99.9
1972  4 10  -99.9  -99.9  -99.9
1972  4 11  -99.9  -99.9  -99.9
1972  4 12  -99.9  -99.9  -99.9
1972  4 13  -99.9  -99.9  -99.9
1972  4 14  -99.9  -99.9  -99.9
1972  4 15  -99.9  -99.9  -99.9
1972  4 16  -99.9  -99.9  -99.9
1972  4 17  -99.9  -99.9  -99.9
1972  4 18  -99.9  -99.9  -99.9
1972  4 19  -99.9  -99.9  -99.9
1972  4 20  -99.9  -99.9  -99.9
1972  4 21  -99.9  -99.9  -99.9
1972  4 22  -99.9  -99.9  -99.9
1972  4 23  -99.9  -99.9  -99.9
1972  4 24  -99.9  -99.9  -99.9
1972  4 25  -99.9  -99.9  -99.9
1972  4 26  -99.9  -99.9  -99.9
1972  4 27  -99.9  -99.9  -99.9
1972  4 28  -99.9  -99.9  -99.9
1972  4 29  -99.9  -99.9  -99.9
1972  4 30  -99.9  -99.9  -99.9
1972  5  1  -99.9  -99.9  -99.9
1972  5  2  -99.9  -99.9  -99.9
1972  5  3  -99.9  -99.9  -99.9
1972  5  4  -99.9  -99.9  -99.9
1972  5  5  -99.9  -99.9  -99.9
1972  5  6  -99.9  -99.9  -99.9
1972  5  7  -99.9  -99.9  -99.9
1972  5  8  -99.9  -99.9  -99.9
1972  5  9  -99.9  -99.9  -99.9
1972  5 10  -99.9  -99.9  -99.9
1972  5 11  -99.9  -99.9  -99.9
1972  5 12  -99.9  -99.9  -99.9
1972  5 13  -99.9  -99.9  -99.9
1972  5 14  -99.9  -99.9  -99.9
1972  5 15  -99.9  -99.9  -99.9
1972  5 16  -99.9  -99.9  -99.9
1972  5 17  -99.9  -99.9  -99.9
1972  5 18  -99.9  -99.9  -99.9
1972  5 19  -99.9  -99.9  -99.9
1972  5 20  -99.9  -99.9  -99.9
1972  5 21  -99.9  -99.9  -99.9
1972  5 22  -99.9  -99.9  -99.9
1972  5 23  -99.9  -99.9  -99.9
1972  5 24  -99.9  -99.9  -99.9
1972  5 25  -99.9  -99.9  -99.9
1972  5 26  -99.9  -99.9  -99.9
1972  5 27  -99.9  -99.9  -99.9
1972  5 28  -99.9  -99.9  -99.9
1972  5 29  -99.9  -99.9  -99.9
1972  5 30  -99.9  -99.9  -99.9
1972  5 31  -99.9  -99.9  -99.9
1972  6  1    0.0   24.0   10.0
1972  6  2    0.0   26.0   11.0
1972  6  3    0.0   29.0   15.0
1972  6  4    3.5   28.0   17.0
1972  6  5    2.0   23.0   11.0
1972  6  6   16.0   23.0   16.0
1972  6  7   35.0   22.0   14.0
1972  6  8    0.0   24.0   16.0
1972  6  9    2.0   20.0   13.0
1972  6 10    0.0   29.0   15.0
1972  6 11   15.5   28.0   14.0
1972  6 12    0.0   26.0   15.0
1972  6 13    0.0   28.0   18.0
1972  6 14    0.0   29.0   15.0
1972  6 15    1.0   30.0   18.0
1972  6 16    0.0   28.0   18.0
1972  6 17    0.0   27.0   19.0
1972  6 18    0.0   32.0   14.0
1972  6 19    0.0   32.0   19.0
1972  6 20    0.0   33.0   21.0
1972  6 21    0.0   35.0   20.0
1972  6 22    0.0   33.0   20.0
1972  6 23    0.0   31.0   21.0
1972  6 24    2.0   33.0   21.0
1972  6 25    0.0   32.0   21.0
1972  6 26    0.0   26.0   17.0
1972  6 27    0.0   29.0   20.0
1972  6 28    0.0   31.0   23.0
1972  6 29    0.0   34.0   20.0
1972  6 30    0.0   32.0   18.0
1972  7  1    0.0   34.0   19.0
1972  7  2    0.0   33.0   15.0
1972  7  3    0.0   28.0   21.0
1972  7  4    0.0   29.0   19.0
1972  7  5    0.0   26.0   18.0
1972  7  6    0.0   30.0   17.0
1972  7  7    1.5   31.0   17.0
1972  7  8    0.0   33.0   19.0
1972  7  9    8.0   31.0   17.0
1972  7 10    0.0   30.0   18.0
1972  7 11    3.5   29.0   19.0
1972  7 12    0.0   30.0   18.0
1972  7 13    3.0   23.0   18.0
1972  7 14    0.0   26.0   18.0
1972  7 15    0.0   28.0   16.0
1972  7 16   18.0   28.0   16.0
1972  7 17    0.0   25.0   17.0
1972  7 18    2.0   27.0   19.0
1972  7 19    0.0   27.0   18.0
1972  7 20    4.5   27.0   17.0
1972  7 21    2.0   24.0   19.0
1972  7 22    0.0   28.0   17.0
1972  7 23    0.0   26.0   15.0
1972  7 24    0.0   27.0   17.0
1972  7 25    0.0   28.0   17.0
1972  7 26    0.0   28.0   16.0
1972  7 27    1.0   29.0   20.0
1972  7 28    0.0   30.0   19.0
1972  7 29    0.0   29.0   17.0
1972  7 30    0.0   31.0   13.0
1972  7 31    0.0   33.0   17.0
1972  8  1  -99.9  -99.9  -99.9
1972  8  2  -99.9  -99.9  -99.9
1972  8  3  -99.9  -99.9  -99.9
1972  8  4  -99.9  -99.9  -99.9
1972  8  5  -99.9  -99.9  -99.9
1972  8  6  -99.9  -99.9  -99.9
1972  8  7  -99.9  -99.9  -99.9
1972  8  8  -99.9  -99.9  -99.9
1972  8  9  -99.9  -99.9  -99.9
1972  8 10  -99.9  -99.9  -99.9
1972  8 11  -99.9  -99.9  -99.9
1972  8 12  -99.9  -99.9  -99.9
1972  8 13  -99.9  -99.9  -99.9
1972  8 14  -99.9  -99.9  -99.9
1972  8 15  -99.9  -99.9  -99.9
1972  8 16  -99.9  -99.9  -99.9
1972  8 17  -99.9  -99.9  -99.9
1972  8 18  -99.9  -99.9  -99.9
1972  8 19  -99.9  -99.9  -99.9
1972  8 20  -99.9  -99.9  -99.9
1972  8 21  -99.9  -99.9  -99.9
1972  8 22  -99.9  -99.9  -99.9
1972  8 23  -99.9  -99.9  -99.9
1972  8 24  -99.9  -99.9  -99.9
1972  8 25  -99.9  -99.9  -99.9
1972  8 26  -99.9  -99.9  -99.9
1972  8 27  -99.9  -99.9  -99.9
1972  8 28  -99.9  -99.9  -99.9
1972  8 29  -99.9  -99.9  -99.9
1972  8 30  -99.9  -99.9  -99.9
1972  8 31  -99.9  -99.9  -99.9
1972  9  1  -99.9  -99.9  -99.9
1972  9  2  -99.9  -99.9  -99.9
1972  9  3  -99.9  -99.9  -99.9
1972  9  4  -99.9  -99.9  -99.9
1972  9  5  -99.9  -99.9  -99.9
1972  9  6  -99.9  -99.9  -99.9
1972  9  7  -99.9  -99.9  -99.9
1972  9  8  -99.9  -99.9  -99.9
1972  9  9  -99.9  -99.9  -99.9
1972  9 10  -99.9  -99.9  -99.9
1972  9 11  -99.9  -99.9  -99.9
1972  9 12  -99.9  -99.9  -99.9
1972  9 13  -99.9  -99.9  -99.9
1972  9 14  -99.9  -99.9  -99.9
1972  9 15  -99.9  -99.9  -99.9
1972  9 16  -99.9  -99.9  -99.9
1972  9 17  -99.9  -99.9  -99.9
1972  9 18  -99.9  -99.9  -99.9
1972  9 19  -99.9  -99.9  -99.9
1972  9 20  -99.9  -99.9  -99.9
1972  9 21  -99.9  -99.9  -99.9
1972  9 22  -99.9  -99.9  -99.9
1972  9 23  -99.9  -99.9  -99.9
1972  9 24  -99.9  -99.9  -99.9
1972  9 25  -99.9  -99.9  -99.9
1972  9 26  -99.9  -99.9  -99.9
1972  9 27  -99.9  -99.9  -99.9
1972  9 28  -99.9  -99.9  -99.9
1972  9 29  -99.9  -99.9  -99.9
1972  9 30  -99.9  -99.9  -99.9
1972 10  1  -99.9  -99.9  -99.9
1972 10  2  -99.9  -99.9  -99.9
1972 10  3  -99.9  -99.9  -99.9
1972 10  4  -99.9  -99.9  -99.9
1972 10  5  -99.9  -99.9  -99.9
1972 10  6  -99.9  -99.9  -99.9
1972 10  7  -99.9  -99.9  -99.9
1972 10  8  -99.9  -99.9  -99.9
1972 10  9  -99.9  -99.9  -99.9
1972 10 10  -99.9  -99.9  -99.9
1972 10 11  -99.9  -99.9  -99.9
1972 10 12  -99.9  -99.9  -99.9
1972 10 13  -99.9  -99.9  -99.9
1972 10 14  -99.9  -99.9  -99.9
1972 10 15  -99.9  -99.9  -99.9
1972 10 16  -99.9  -99.9  -99.9
1972 10 17  -99.9  -99.9  -99.9
1972 10 18  -99.9  -99.9  -99.9
1972 10 19  -99.9  -99.9  -99.9
1972 10 20  -99.9  -99.9  -99.9
1972 10 21  -99.9  -99.9  -99.9
1972 10 22  -99.9  -99.9  -99.9
1972 10 23  -99.9  -99.9  -99.9
1972 10 24  -99.9  -99.9  -99.9
1972 10 25  -99.9  -99.9  -99.9
1972 10 26  -99.9  -99.9  -99.9
1972 10 27  -99.9  -99.9  -99.9
1972 10 28  -99.9  -99.9  -99.9
1972 10 29  -99.9  -99.9  -99.9
1972 10 30  -99.9  -99.9  -99.9
1972 10 31  -99.9  -99.9  -99.9
1972 11  1    0.0   23.0   -2.0
1972 11  2    0.0   25.0    2.0
1972 11  3    0.0   23.0    6.0
1972 11  4    0.0   25.0    5.0
1972 11  5    0.0   25.0    9.0
1972 11  6    0.0   24.0    8.0
1972 11  7    0.0   27.0    7.0
1972 11  8    0.0   26.0    4.0
1972 11  9    0.0   25.0    7.0
1972 11 10    0.0   16.0    3.0
1972 11 11    0.0   23.0    3.0
1972 11 12    0.0   21.0    4.0
1972 11 13    0.0   21.0    3.0
1972 11 14    0.0   26.0    2.0
1972 11 15    0.0   22.0    2.0
1972 11 16    0.0   17.0    3.0
1972 11 17    0.0   18.0    2.0
1972 11 18    0.0   25.0    1.0
1972 11 19    0.0   25.0    3.0
1972 11 20    0.0   26.0    2.0
1972 11 21    0.0   11.0   -1.0
1972 11 22   19.0   11.0    1.0
1972 11 23    6.0   17.0    2.0
1972 11 24    0.0   17.0    2.0
1972 11 25    0.0   21.0    0.0
1972 11 26    0.0   20.0    6.0
1972 11 27    0.0   18.0    3.0
1972 11 28    0.0   16.0    2.0
1972 11 29    0.0   16.0   -1.0
1972 11 30    0.0   17.0   -2.0
1972 12  1    0.0   23.0    3.0
1972 12  2    0.0   18.0    4.0
1972 12  3    0.0   20.0   -5.0
1972 12  4    0.0   22.0   -6.0
1972 12  5    0.0   20.0    2.0
1972 12  6    0.0   24.0    3.0
1972 12  7    0.0   23.0    6.0
1972 12  8    0.0   22.0    4.0
1972 12  9    0.0   23.0    6.0
1972 12 10    0.0   24.0   -4.0
1972 12 11    0.0   25.0    4.0
1972 12 12    0.0   23.0    4.0
1972 12 13    0.0   21.0   -2.0
1972 12 14    0.0   20.0   -1.0
1972 12 15    0.0   18.0   -2.0
1972 12 16    0.0   18.0   -6.0
1972 12 17    0.0   13.0   -6.0
1972 12 18    0.0   22.0   -2.0
1972 12 19    0.0   20.0    4.0
1972 12 20    0.0   17.0    5.0
1972 12 21    0.0   19.0   -4.0
1972 12 22    0.0   18.0   -2.0
1972 12 23    0.0   19.0   -1.0
1972 12 24    0.0   17.0    1.0
1972 12 25    0.0   16.0    1.0
1972 12 26    0.0   16.0    5.0
1972 12 27    0.0   17.5    5.0
1972 12 28    0.0   19.0    5.0
1972 12 29    0.0   19.0    6.5
1972 12 30    0.0   21.0   11.0
1972 12 31    0.0   19.0   -2.0
