1981 8 19 17 4
1981 9 9 16.5 6
1981 10 11 14 4
1982 10 23 10 4
1983 3 1 4 4
1983 7 30 18 4
1983 9 3 17 4
1983 9 15 16 4
1983 10 21 10 4
1983 11 14 7 4
1985 1 9 11 4
1985 9 11 17 4
1986 8 17 17 4
1986 8 30 16 4
1986 9 18 14 4
1986 12 26 -2 4
1987 5 9 11 4
1987 10 18 7 5
1987 10 29 8 5
1988 6 25 15 5
1989 8 12 17 5
1989 9 11 18 4
1990 8 2 16 6
1990 10 9 13 4
1990 10 31 6 4
1991 10 3 10.5 4
1991 10 20 8.5 6
1992 1 2 0 4
1993 10 12 11.5 4
1993 12 12 5.5 5
1994 1 4 0 4
1994 8 27 17 4
1994 12 10 5.5 4
1995 11 14 7 4
1996 6 29 17 4
1997 7 18 17 4
1997 10 17 4 4
1998 5 6 10 5
2000 5 16 16 4
2000 8 6 17.5 4
2000 9 7 18 5
2000 12 2 3 5
