pc up
1985 4 8 34 19 9 10
2005 5 27 48.6 NA NA NA
2003 7 18 62.5 NA NA NA
2004 7 26 91.5 NA NA NA
1987 9 21 69.5 25.5 12.5 13
1990 9 22 101 25.5 16 9.5
1995 9 14 88.4 17 15 2
1986 10 4 51 27.5 12.5 15
2005 10 7 45.5 NA NA NA
2004 11 15 32.6 NA NA NA
2004 11 16 34.1 NA NA NA
tx up
tx low
1983 4 7 9 3.5 0.5 3
1983 4 8 0 10 0.5 9.5
1992 4 4 2 10.5 6 4.5
1995 4 4 0 11 5.5 5.5
1996 4 6 0 8 1 7
1997 4 25 0 9.5 5 4.5
1991 9 20 6 10.5 10 0.5
1993 10 30 0 9 2.5 6.5
2000 10 8 0 7 7 0
2000 10 9 0 8 3 5
tn up
tn low
1982 7 22 0 30.5 8.5 22
1981 8 6 3.5 32 9 23
1984 8 28 0 34 10 24
tr up
tr low
1990 7 22 8 20.5 18.5 2
2000 10 8 0 7 7 0
