1971 1 31 -1 4
1972 5 26 20 4
1972 7 2 19 4
1973 8 14 18 4
1974 6 23 19 4
1974 7 21 18 4
1974 10 23 12 4
1975 3 9 9 4
1975 10 13 14 4
1976 2 15 9 5
1976 4 8 5 4
1976 7 8 19 5
1976 8 12 18 4
1977 9 23 19 4
1978 10 6 15 4
1979 4 24 14.6 4
1979 9 25 14 5
1979 10 12 9 4
1980 2 24 6 4
1980 5 27 15 8
1980 8 5 21 4
1980 8 15 20 4
1981 1 17 1 4
1981 5 14 14 4
1981 5 24 15 4
1981 7 10 18 4
1981 11 8 8 4
1981 12 13 7 4
1982 1 12 5 6
1982 2 17 4 4
1982 5 24 16 4
1982 8 7 17 4
1982 8 25 17 4
1982 9 9 20 4
1984 9 6 13 4
1984 10 15 12 4
1985 6 16 19 4
1985 10 14 9 4
