pc up
1986 3 26 20 30 7 23
1984 6 17 52 26 19 7
1972 7 21 45 28 19 9
1982 7 3 62 33 19 14
1974 9 20 157 26 16 10
1980 9 4 95 30 19 11
1971 10 7 56 19 16 3
1977 10 2 56 32 19 13
tx up
1974 5 21 0 45 15 30
tx low
1985 1 2 0 2 1 1
1985 1 12 17 2 1 1
1973 4 4 0 15 5 10
1980 4 13 0 9 1 8
1983 4 6 0 15 4 11
1983 4 8 0 15 4 11
1971 5 13 0 21 12 9
1973 5 15 0 22 14 8
1983 5 2 0 20.1 18 2.1
1979 9 16 12 17 12 5
tn up
tn low
1972 8 2 0 34 11 23
1973 8 2 38 26 11 15
tr up
tr low
1973 2 8 8 10 9.9 0.0999999999999996
1985 3 29 0 16 15 1
