1971 8 10 19 4
1971 8 28 18 4
1971 9 28 16 4
1971 11 14 10 5
1972 11 15 5 4
1973 7 11 21 7
1973 9 20 18 4
1974 5 19 18 4
1974 7 12 19 5
1974 9 1 19 4
1975 1 6 -3 4
1975 3 9 9 4
1975 8 25 19 7
1975 9 5 19 4
1975 9 26 9 4
1976 2 19 3 4
1976 6 19 21 4
1976 6 30 20 4
1976 7 12 20 4
1976 7 17 20 4
1976 7 27 18 4
1976 8 7 19 5
1977 4 26 14 4
1977 7 13 19 4
1978 7 1 18 4
1979 10 28 8 6
1979 12 2 -2 4
1980 9 15 18 4
1980 10 7 12 4
1981 6 16 20 4
1981 8 29 17 4
1981 11 14 3 5
1982 8 18 20 4
1983 7 20 21 4
1984 7 7 18 4
1984 7 18 19 5
1984 8 12 18 4
1985 5 5 14 4
1985 5 24 14 4
1985 7 9 17 4
1985 7 30 18 4
1985 12 30 -1 4
1986 8 8 21 4
