pc up
1976 5 18 34 25 12 13
1974 10 23 34 28 13 15
1966 11 14 23 28 9 19
1972 11 22 25 10.5 2.5 8
tx up
tx low
1961 6 15 22 24 19 5
1961 6 16 34 21 17.5 3.5
1961 6 17 0 24 17.5 6.5
1972 6 5 12.5 22.5 18 4.5
1972 6 7 4.5 24 15.5 8.5
1970 9 27 17.5 12 6.5 5.5
1970 9 28 0.5 14 7 7
1976 10 28 4 10 7 3
1976 10 29 0 12 7 5
tn up
tn low
1972 8 22 0.5 33.5 10.5 23
1970 9 27 17.5 12 6.5 5.5
1970 9 28 0.5 14 7 7
1975 9 25 0 24 7 17
tr up
tr low
1971 5 12 25.5 19.5 17 2.5
1968 7 25 47 20.5 20 0.5
1971 10 6 2 17 16 1
