1978 5 31 2 4
1978 6 6 12 6
1978 6 28 14 4
1978 7 4 13 4
1978 7 20 12 5
1978 10 9 6 5
1978 10 20 6 10
1978 10 25 7 5
1979 4 20 6 4
1979 5 14 5 4
1979 5 23 7 4
1979 6 10 8 4
1979 7 7 16 4
1979 7 21 17 4
1980 4 9 8 4
1981 7 2 17 4
1982 8 31 15 4
1982 10 31 0 4
1984 3 24 4 6
1984 8 23 14 4
1985 8 12 16 5
1985 10 28 7 4
1986 7 8 16 4
1986 11 30 3 4
1987 5 11 10 4
1987 6 16 15 4
1987 7 12 18 4
1987 9 13 16 4
1990 7 29 15 4
1990 8 3 15 4
1990 8 28 13 6
1990 9 2 13 4
1991 9 26 13 4
1992 9 14 13 5
1993 6 4 14 4
1993 8 28 14 4
1998 12 11 5 4
1999 3 31 5 4
2000 4 29 13 4
2000 7 22 16 5
