pc up
1984 1 28 39 22 1 21
1983 3 2 34 NA NA NA
1962 5 1 38.5 NA NA NA
1929 6 27 105 42.3 22 20.3
1929 6 30 320 41.8 26.3 15.5
1966 7 24 64 NA NA NA
1967 9 30 80 NA NA NA
1949 10 7 60 NA NA NA
1965 11 30 45.2 NA NA NA
1972 11 20 59.5 NA NA NA
1965 12 1 45.2 NA NA NA
tx up
1929 4 7 3 45 19.9 25.1
1929 9 11 2.1 48.5 23 25.5
1928 10 1 0 50 19 31
1928 10 2 0 50 21 29
1928 10 4 0 50 18.5 31.5
1928 10 5 0 47 11 36
1928 10 6 0 46 15 31
1928 10 7 0 46 15 31
1928 10 8 0 47.5 19 28.5
1928 10 13 0 48 17.5 30.5
tx low
1982 12 26 0 3 1 2
1982 12 27 0 4 -7 11
tn up
1929 7 20 0 40 24.8 15.2
1929 7 21 0 39.8 25 14.8
1929 7 23 3.1 40.5 24 16.5
1928 9 21 0 30 22 8
1929 9 10 20.7 43 22.5 20.5
1929 9 11 2.1 48.5 23 25.5
1929 9 12 0 31.3 21.3 10
1929 9 15 7 35 22 13
1929 9 18 0 33.8 22 11.8
tn low
1979 9 16 7 26 6 20
1989 9 25 0 26 6 20
1989 9 27 0 27 5 22
1989 9 28 0 22 4 18
1989 9 29 0 27 5 22
1992 9 30 0 28 3 25
tr up
tr low
2000 10 8 8.5 10 10 0
