pc up
1972 6 7 64.5 18 16 2
1974 7 8 88 33 17 16
tx up
tx low
1976 5 3 0 15 11 4
1976 5 4 0 12 3 9
1976 5 5 0 14 3 11
1976 5 6 0 16 1 15
1976 5 7 0 13 1 12
1976 5 8 0 14 2 12
1976 5 9 0 15 3 12
1976 5 10 0 11 2 9
1976 5 11 0 12 5 7
1976 5 12 0 15 6 9
1976 5 13 0 10 3 7
1976 5 15 0 16 7 9
1976 5 16 0 15 12 3
1972 6 7 64.5 18 16 2
1973 6 23 5 19 16 3
1970 9 27 52 8 6 2
tn up
tn low
1970 9 27 52 8 6 2
1970 9 28 14.5 12 6 6
1970 9 29 1 17 6 11
1975 9 23 0 23 5 18
1975 9 24 0 25 3 22
1975 9 25 0 24 5 19
1975 9 26 0 27 4 23
1975 9 27 0 28 6 22
1975 9 28 0 29 7 22
1975 9 29 0 30 7 23
tr up
tr low
