pc up
2004 3 29 32.8 25 11 14
2009 6 20 59.1 22.6 14.4 8.2
1998 7 5 53.5 NA NA NA
2000 7 31 55 NA NA NA
2005 7 21 71.6 20 18.1 1.9
2007 7 7 52.9 30.5 15 15.5
2010 7 26 56.6 25.2 16.2 9
1998 8 6 77 NA NA NA
2008 8 29 140.6 25.5 16 9.5
2008 8 30 175 NA NA NA
2004 11 15 45.9 13.6 10.8 2.8
2005 12 22 23.4 17 1.2 15.8
2010 12 16 9.7 9.8 4.5 5.3
tx up
2006 6 15 0 39.5 18 21.5
2010 6 6 0 39.2 22.2 17
2010 6 7 0 39.6 21.6 18
2010 6 13 0 39.2 16.9 22.3
2011 6 12 0 39.2 19.3 19.9
2011 6 16 0 39.2 23 16.2
2011 6 17 0 39.5 23 16.5
2011 6 19 0 41 21.4 19.6
2011 6 20 0 40.4 24.8 15.6
2011 6 21 0 39.4 22.3 17.1
2011 6 22 0 39.4 23.6 15.8
2011 6 29 0 41.5 18.8 22.7
2005 7 1 0 38 19.6 18.4
2005 7 2 0 38.2 21.6 16.6
2005 7 3 0 39 20 19
2005 7 5 0 37.8 19.8 18
2005 7 7 0 37 18.2 18.8
2005 7 8 0 37.5 19.2 18.3
2005 7 9 0 37 22.2 14.8
2011 8 4 0 36.4 17.8 18.6
2011 8 5 1.5 36.7 17 19.7
2011 8 7 0 36.2 20 16.2
2011 8 26 0 36.2 19.4 16.8
2002 10 2 0 32 16.5 15.5
2002 10 3 0 32 15.4 16.6
2003 10 23 0 36 7.7 28.3
2004 10 21 0 31.5 10.8 20.7
2005 10 3 0 32 15.6 16.4
2007 10 12 0 32 15 17
2007 10 13 0 33 15.5 17.5
2007 10 16 0 32 9.2 22.8
2009 10 6 0 32.5 10 22.5
2009 10 7 0 33 12.5 20.5
2009 10 8 0 33.5 13.4 20.1
2009 10 16 3.8 32 16 16
2011 10 6 0 32.5 13.9 18.6
2011 10 7 0 34.3 12.8 21.5
2011 10 8 0 33 10.2 22.8
2011 10 18 0 32.6 8 24.6
2011 10 23 0 31.4 14 17.4
2011 10 26 0 32.2 17 15.2
2011 10 27 0 31.4 15.5 15.9
