pc up
2004 1 14 25.6 16.4 9.2 7.2
2004 3 20 28.5 18 14 4
2005 5 26 62.1 26.2 15 11.2
1977 6 3 39 32 17.5 14.5
1973 7 15 60 28 16.5 11.5
1975 7 4 52.4 30 18 12
1979 7 18 51.5 31 22 9
1979 7 19 66.5 28 17 11
2000 7 17 62.5 34 18 16
2002 7 17 62.5 34 18 16
2003 7 17 62.5 34 18 16
2004 7 25 91.4 25.8 18 7.8
2010 7 9 50.2 28.2 21.2 7
2010 7 23 60 25.2 19.2 6
2012 7 5 49.9 28.6 19.6 9
2013 7 17 56.1 21.6 18.6 3
2013 7 19 58.1 22.7 18.4 4.3
2013 7 20 48.6 23 16.5 6.5
1980 8 13 61 30 18 12
2001 8 21 63.2 32 17.2 14.8
1978 9 25 77 17 15.5 1.5
1981 9 4 80 28 16 12
2013 9 10 92 26.5 18.3 8.2
1982 12 8 40 15 3 12
tx up
tx low
2011 2 3 0 -7.5 -11.6 4.1
1980 4 13 0 11 0 11
1983 4 7 11.5 6 0 6
1983 4 8 0 11 1 10
1979 6 10 4 19.1 19 0.100000000000001
1976 10 28 0 9 6.5 2.5
1980 10 29 0 11 1 10
1981 10 23 0 9 8 1
tn up
1990 7 6 0 34 29 5
tn low
2011 2 4 0 4 -15.8 19.8
1990 8 8 0 26 10 16
2000 8 3 4 29.2 10.2 19
2002 8 3 4 29.2 10.2 19
tr up
2004 3 18 0 29.4 -14 43.4
tr low
1972 5 28 11 17 16 1
1979 6 10 4 19.1 19 0.100000000000001
2009 6 17 6.9 23.9 22.6 1.3
2013 7 13 0 24.1 24 0.100000000000001
