1972 12 15 2 4
1973 4 6 3 4
1974 9 27 13 4
1975 3 5 6 4
1977 8 24 20 4
1977 11 5 6 4
1977 12 3 2 5
1978 7 5 21 4
1978 8 11 16 6
1979 7 1 20 4
1979 7 18 22 4
1979 8 16 16 4
1979 9 19 10 4
1979 10 9 12 4
1980 10 7 12 4
1980 12 29 3 4
1981 2 22 0 4
1981 7 26 20 4
1981 9 3 18 4
1981 9 26 15 4
1981 12 31 5 4
1982 8 16 18 5
1982 9 12 17 4
1982 10 24 10 4
1983 6 4 17 5
1983 7 20 20 5
1983 8 2 19 4
1983 8 30 18 4
1983 11 14 7 4
1984 2 1 1 4
1984 2 5 3 4
1987 7 29 17 4
1987 9 5 14 4
1987 9 17 13 5
1988 7 18 18 4
1988 10 23 9 5
1988 11 2 7 5
1990 9 21 16 4
2006 10 3 15.2 4
2012 7 27 19.4 4
