1987 6 22 23 4
1987 9 11 15 4
1987 10 18 13 5
1987 10 29 12 4
1988 3 16 6 4
1989 6 24 19 4
1989 9 12 21 4
1990 6 20 22 4
1990 7 11 20 4
1990 8 29 17 5
1991 5 14 19 5
1991 8 23 19 9
1992 3 30 8 4
1992 5 21 13 4
1992 9 8 18 4
1993 8 15 20 5
1994 8 15 19 4
1995 5 31 20 4
1995 8 11 21 6
1995 8 20 18 5
1996 2 22 6 4
1996 10 18 11 4
1997 5 30 20 5
1997 6 9 19 5
1997 9 18 20 7
1997 10 25 10 4
1998 5 14 15 4
1998 6 4 23 5
1998 9 2 18 6
1998 9 24 19 4
1998 10 31 15 4
1998 12 7 4 4
1999 5 17 15 5
1999 5 31 22 6
1999 8 23 20 4
2000 3 31 11 4
2000 5 7 20 5
2000 12 11 5 4
2001 9 8 24 4
2001 9 14 19 5
2002 3 16 10 6
2002 6 25 22 4
2002 7 31 18 5
2002 9 10 18 5
2003 2 1 5 4
2003 8 9 20 4
2003 8 22 20 4
2004 8 31 19 4
2005 5 14 17 4
2005 6 29 20 5
2005 7 10 22 4
2005 8 26 21 4
2005 12 22 1 4
2006 4 29 9 4
2007 7 20 20 4
2011 3 19 9 4
2011 6 4 21 4
2011 6 19 25 4
2011 7 18 24 4
2013 6 29 22 4
2013 8 6 20 4
