1986 9 18 16 4
1986 10 18 10 4
1987 5 11 14 4
1987 6 9 15 4
1987 8 25 18 5
1987 11 8 10 4
1988 9 23 18 4
1988 9 27 17 4
1988 12 19 4 5
1989 5 16 15 4
1989 6 19 19 4
1989 6 27 19 4
1989 10 1 9 4
1989 12 2 5 5
1990 1 4 4 5
1990 5 20 18 4
1990 7 11 20 4
1990 7 19 20 5
1990 8 3 18 5
1990 10 25 9 4
1990 12 1 5 4
1991 1 17 1 4
1991 3 15 10 5
1991 5 19 17 5
1991 8 16 18 8
1991 9 19 15 5
1991 11 7 3 4
1992 2 12 5 4
1992 4 4 8 6
1992 5 8 14 4
1992 5 27 14 4
1992 7 7 20 5
1992 7 30 19 5
1992 8 16 20 4
1993 1 3 10 4
1993 3 29 9 4
1993 5 4 12 4
1993 6 9 20 6
1993 7 21 18 5
1993 9 2 17 6
1993 9 12 17 6
1993 9 26 18 8
1993 10 19 12 6
1994 4 25 13 4
1994 5 1 12 4
1994 6 5 19 4
1994 6 11 22 4
1994 7 8 22 4
1994 7 13 19 4
1994 10 16 10 4
1995 1 4 1 4
1995 2 21 7 4
1995 3 21 10 4
1995 7 24 20 4
1995 8 18 19 4
1995 9 8 19 6
1995 9 13 18 4
1995 9 19 19 4
1996 5 7 18 4
1996 9 10 18 4
1996 10 26 3 4
1997 4 21 9 4
1997 7 27 20 5
1997 8 6 20 4
1997 8 31 19 4
1997 9 6 19 5
1997 10 7 16 4
1998 3 23 5 4
1998 4 29 12 4
1998 5 17 15 5
1998 5 23 20 5
1998 6 2 20 4
1998 6 27 24 5
1998 8 10 20 5
1998 8 19 17 4
1998 12 31 3 4
1999 1 20 3 4
1999 4 25 16 4
1999 5 1 10 5
1999 5 28 17 5
1999 8 6 18 4
1999 8 24 20 6
1999 9 13 20 8
1999 9 19 17 6
2000 1 14 0 4
2000 3 20 8 4
2000 6 24 20 4
2000 8 4 19 4
2000 8 21 17 4
2000 8 30 17 4
2000 11 1 9 4
2001 2 15 10 4
2001 2 24 10 5
2001 7 22 20 5
2001 9 18 19 5
2001 10 8 14 5
2001 10 16 10 5
2001 10 21 10 4
2001 11 9 10 5
2001 11 14 10 4
2002 3 19 10 6
2002 3 25 10 4
2002 4 15 15 4
2002 4 19 12 4
2002 8 15 19 4
2002 8 26 20 5
2002 8 30 19 4
2002 11 1 8 4
2003 3 12 6 4
2003 4 17 14 4
2003 4 28 14 4
2003 5 4 15 4
2003 6 9 20 5
2003 7 21 18 6
2003 8 7 22 4
2003 8 28 18 5
2003 9 14 18 4
2003 9 25 17 5
2003 10 12 18 4
2003 10 26 9 5
2003 11 5 11 4
2004 1 24 3 4
2004 6 7 17 4
2004 8 12 19 4
2004 10 31 11 4
2005 6 2 18 4
2005 8 8 18 7
2005 10 1 16 7
2005 10 19 16 6
2006 4 14 15 4
2006 6 11 21 4
2006 7 11 20 4
2006 8 21 19 5
2006 9 10 17 5
2006 10 3 14 6
2007 2 14 6 5
2007 6 14 18 4
2007 7 16 19 5
2007 8 4 19 4
2007 8 16 19 4
2007 9 7 18 4
2007 9 30 18 5
2008 5 25 17 5
2008 6 16 23 4
2008 8 21 19 10
2008 9 12 17 4
2008 9 21 14 6
2008 10 4 10 4
2008 11 3 8 5
2008 11 18 3 5
2008 11 22 2 4
2009 3 4 4 4
2009 5 12 20 4
2009 7 8 20 4
2009 7 13 23 4
2009 8 14 20 4
2009 11 26 2 4
2010 2 16 2 4
2010 7 17 22 4
2010 8 12 22 4
2010 11 12 4 5
2011 1 18 1 5
2011 6 29 24 4
2011 7 7 20 4
2011 7 20 24 4
2011 7 29 20 5
2011 8 9 24 6
2011 10 1 15 4
2011 12 18 1 5
2012 8 4 21 4
2012 10 30 12 6
2013 3 24 11 4
2013 4 28 15 4
2013 8 8 20 4
