pc up
2010 7 25 55 30 18 12
2013 7 18 62 37 18 19
2013 9 19 75 19 16 3
2003 10 10 81.5 28 18 10
2004 11 16 32 20 10 10
2013 11 7 22 13 10 3
1994 12 27 85 7 4 3
tx up
tx low
1996 4 7 0 13 3 10
1997 4 27 0 14 6 8
2003 4 29 0 14 13 1
2004 4 28 1 16 10 6
2008 5 17 10 15 11 4
1992 10 5 0 7 3 4
1993 10 30 0 8 5 3
1993 10 31 0 14 -1 15
2000 10 8 12.5 10 8 2
2000 10 9 12 9 5 4
1986 11 25 0 5 -4 9
tn up
tn low
2005 5 16 5 32 1 31
1986 7 12 11 34 12 22
1986 7 15 0 29 12 17
1986 7 17 4.5 30 10 20
1986 7 22 0 31 11 20
1986 7 23 3 34 11 23
1986 7 24 32 35 11 24
1986 7 25 0 35 12 23
1986 7 26 0 36 11 25
1986 7 29 0 38 12 26
tr up
2011 6 15 0 40 12 28
1999 10 4 0 34 1 33
tr low
2003 4 29 0 14 13 1
1994 6 23 0 24 21 3
2000 10 8 12.5 10 8 2
