pc up
1985 2 27 21 21.5 4 17.5
1981 3 12 13.5 20.5 7 13.5
1983 3 3 19 18.5 13 5.5
1977 4 25 70.4 30 9.5 20.5
1977 10 2 62 34.5 19 15.5
tx up
tx low
1973 4 3 0 15 3.5 11.5
1973 4 4 0 15 2 13
1980 4 13 0 12.5 0 12.5
1982 4 22 5 14 9 5
1983 4 7 0.5 9.5 2.5 7
1983 4 8 0 13 3 10
1972 5 28 14 17.8 15 2.8
1978 9 26 10 17 15 2
1979 9 15 40 15 14 1
1979 9 16 6 16 11 5
1976 10 28 3 10 7 3
1980 10 28 0 11 8.5 2.5
1980 10 29 0 13 2 11
1981 10 23 0 11.5 10 1.5
tn up
tn low
1972 7 6 0 32.5 12 20.5
1975 7 27 5 30 11.5 18.5
1984 7 25 18 23 12 11
tr up
tr low
