pc up
1982 1 11 26 3 1 2
1972 3 6 25 28 4 24
1976 5 17 70 21 11 10
1984 6 16 55 33 15 18
1986 6 22 50 30 12 18
1973 7 14 80 35 16 19
1973 7 28 106 29 13 16
1978 8 4 80 25 13 12
1975 9 21 90 30 14 16
1974 10 23 55 29 10 19
1986 10 4 60.5 31 11 20
tx up
tx low
1980 4 8 0 12 1 11
1983 4 7 5 5.1 1 4.1
tn up
1982 1 22 0 25 11 14
1963 3 30 0 34 14 20
1963 3 31 0 35 18 17
1985 3 28 0 27 14 13
1985 3 29 0 29 14 15
1962 8 19 0 38 23 15
1962 8 23 9.5 38 24 14
1962 8 24 0 37 23 14
1963 8 10 0 48 23 25
1963 8 23 0 44 23 21
1963 8 24 0 44 23 21
1963 11 8 0 30 16 14
1963 11 10 0 30 16 14
1964 12 15 0 30.5 12 18.5
1964 12 16 0 30 12.5 17.5
1965 12 15 0 30.5 12 18.5
1975 12 14 0 26 14 12
tn low
1964 12 27 0 25 -12 37
tr up
tr low
