1962 8 16 21 16
1962 11 13 5 4
1963 4 14 20 4
1963 4 29 13 4
1964 3 12 -7 4
1964 4 28 7 9
1964 5 11 16 5
1964 5 28 17 5
1964 6 15 18 5
1964 6 27 18 4
1964 7 8 21 4
1964 8 11 16 5
1964 8 28 17 5
1965 2 21 -5 4
1965 6 15 18 5
1965 6 27 19 4
1965 7 8 20 4
1966 2 21 -5 4
1972 3 15 10 5
1972 5 29 15 6
1975 6 7 12 4
1975 6 12 14 4
1975 8 7 11 4
1977 5 25 8 4
1977 6 16 13 5
1977 7 16 16 4
1977 9 3 14 4
1977 9 11 16 4
1977 9 30 14 6
1978 4 20 1 4
1978 6 24 17 5
1978 7 11 19 5
1979 4 20 7 5
1979 4 29 7 5
1980 5 28 10 5
1980 6 7 22 4
1981 9 27 11 4
1983 6 12 12 4
1984 10 11 9 5
1985 8 1 16 4
1986 9 19 12 4
