1962 8 7 21 7
1962 8 18 21 6
1962 9 25 20 4
1962 11 4 5 4
1963 5 25 20 5
1963 9 12 19 6
1963 9 19 20 4
1963 12 31 -2 5
1964 6 1 14 4
1964 7 21 22 4
1965 7 21 22 4
1972 8 22 18 7
1972 8 31 18 6
1972 9 10 20 6
1973 8 8 15 4
1974 4 15 1 4
1974 8 14 16 4
1974 11 5 1 4
1974 11 17 1 7
1974 12 30 1 6
1975 2 8 -1 4
1975 3 6 1 6
1975 4 12 1 5
1975 7 26 15 4
1975 9 27 2 5
1975 12 11 -3 4
1976 2 15 1 4
1976 2 19 -1 4
1976 3 2 1 4
1976 3 10 1 6
1976 3 23 1 12
1976 10 12 -1 5
1976 11 2 -1 7
1976 11 11 -1 4
1976 11 18 -1 5
1976 12 25 -1 15
1977 1 1 -1 4
1977 2 12 -1 4
1977 2 21 -1 4
1977 3 25 1 6
1977 11 6 -1 5
1977 11 20 -1 9
1977 11 28 -1 7
1978 1 19 -1 4
1978 2 12 -1 9
1978 4 21 1 4
1978 7 19 16 4
1978 8 1 14 5
1978 8 15 15 4
1978 12 1 -1 5
1978 12 18 1 5
1979 1 8 -1 4
1979 2 2 -1 4
1979 3 8 -1 6
1979 3 20 1 5
1979 3 26 1 5
1979 4 6 1 7
1979 7 10 17 4
1979 9 9 12 4
1979 10 3 6 5
1979 10 30 1 9
1979 11 3 -1 4
1980 2 9 -1 5
1980 2 13 -2 4
1980 2 17 1 4
1980 3 17 1 7
1980 3 29 1 6
1980 4 4 1 5
1980 8 2 15 4
1980 9 3 14 4
1980 9 25 12 4
1980 11 9 1 4
1980 12 6 -1 5
1980 12 20 -1 9
1981 1 4 -1 10
1981 1 24 -3 5
1981 2 8 -1 5
1981 3 20 1 4
1981 3 27 1 6
1981 4 2 1 5
1981 7 28 17 6
1981 11 14 -1 5
1981 11 24 -1 6
1981 11 29 1 5
1981 12 11 -1 5
1982 2 13 2 4
1982 2 24 1 10
1982 3 3 1 4
1982 3 23 1 4
1982 11 1 1 4
1982 11 9 -1 4
1982 11 24 -1 6
1982 12 21 -1 9
1983 1 12 -1 5
1983 2 1 1 5
1983 2 13 -1 4
1983 3 2 1 4
1983 3 11 1 6
1983 4 8 1 4
1983 8 30 15 6
1983 10 24 6 4
1983 10 31 6 5
1983 11 19 1 6
1983 12 15 -1 6
1984 1 10 -1 7
1984 1 18 -1 4
1984 2 12 -1 17
1984 2 20 -1 7
1984 3 15 1 7
1984 11 16 -1 7
1984 12 7 -1 5
1984 12 12 1 5
1985 1 12 -1 4
1985 1 30 -1 6
1985 3 25 1 6
1985 11 11 1 6
1985 12 6 -1 6
1986 2 22 1 5
1986 3 3 1 8
1986 3 9 1 4
1986 4 17 7 4
1986 7 13 15 4
1986 11 10 1 7
1986 11 30 -1 6
1987 1 9 -1 5
1987 3 11 1 5
1987 3 28 1 4
1989 4 10 1 7
