1935 10 8 11 4
1935 11 7 12 4
1936 6 16 16 4
1936 10 21 12 4
1937 6 25 18 7
1937 7 21 20 4
1937 8 6 17 6
1938 5 18 12 5
1945 3 16 8 4
1945 8 31 14 5
1946 3 22 7.5 4
1948 4 18 15 4
1949 2 7 2 4
1949 4 30 15 4
1950 4 29 13 4
1951 5 5 11 4
1951 8 3 16 4
1952 1 4 3 4
1952 1 22 8 4
1952 2 21 6 4
1952 6 23 17 5
1952 8 1 14 5
1975 9 21 5 4
1975 12 9 0 4
1977 8 5 13 5
1977 9 28 12 4
1978 1 14 -5 4
1978 6 18 15 4
1978 7 12 16 6
1979 1 1 -3 5
1979 8 27 10 4
1979 10 6 8 4
1980 6 24 17 4
1980 9 15 10 4
1982 7 22 13 4
1982 10 8 14 4
1983 7 13 15 4
1984 2 6 2 5
1984 8 27 12 4
1987 6 23 16 4
1987 7 20 14 4
1987 8 15 14 4
1987 9 9 11 4
1989 9 21 10 4
1990 4 7 5 4
1998 9 11 13.2 5
1999 5 31 17 4
