pc up
1952 5 14 38 28 12 16
1952 6 12 50 28 12 16
1941 8 28 99 22.8 16.1 6.7
1944 9 8 104 21.5 11.8 9.7
1949 9 4 93 34 16 18
1941 10 9 65.5 24.8 15.1 9.7
1945 10 1 100 15 7.5 7.5
tx up
1998 1 3 0 40 4.6 35.4
tx low
1947 1 3 0 -5 -5.2 0.2
1947 1 4 0 -6 -8.5 2.5
1947 1 5 5 -7 -8.5 1.5
1938 4 8 0 12 1.2 10.8
1947 4 13 0 3 -1 4
1947 4 14 0 12 -3.8 15.8
1949 4 5 0 12 0 12
1978 4 11 3.6 6 3 3
1980 4 13 0 10 -2 12
1997 4 26 4.1 10 3 7
1997 5 29 1.4 14 NA NA
1997 5 30 0 15 4 11
1980 10 29 0 9 1 8
1993 10 30 0 8 2 6
1994 10 30 0 8 2 6
1980 11 17 0 3 -4 7
1946 12 31 24 -3 -3.5 0.5
tn up
1936 7 15 0 26 23 3
1936 7 18 0 30 23 7
1941 7 13 0 28.8 23.1 5.7
1948 7 20 0 26 23 3
tn low
1975 7 1 7 31 7 24
1975 7 5 0 36 6 30
1975 7 6 0 37 6 31
1975 7 10 0 38 7 31
1975 7 11 0 36 7 29
1975 7 12 0.5 35 6 29
1975 7 13 19 27 6 21
1975 7 14 6 31 7 24
1975 7 18 9 34 7 27
1975 7 19 3 34 6 28
1975 7 20 0 35 6 29
1975 7 21 3 32 6 26
1975 7 23 10 35 7 28
1975 7 24 0 30 7 23
1975 7 25 29 30 7 23
1975 7 28 0 32 7 25
1975 7 29 4 34 7 27
1975 7 31 0 33.5 7 26.5
1991 7 14 0 26 1 25
1997 7 22 0 29 3.5 25.5
1975 8 6 0 32 3 29
1975 8 7 0 32 3.5 28.5
1975 8 10 8.7 30 3 27
1975 8 11 2 31 2 29
1975 8 12 3.6 32 3 29
1987 8 6 0 28 3 25
1989 9 27 0 21 0 21
1989 9 28 0 23 -1 24
1989 9 29 0 23 0 23
1989 9 30 0 NA 0 NA
1992 9 14 10.5 24 1.1 22.9
1992 9 30 3.4 NA 0 NA
1993 9 30 17.6 NA 1.4 NA
1994 9 11 0 28 1 27
tr up
1975 6 2 0 39 5 34
1975 6 3 0 39 5 34
1975 6 4 0 40 5 35
1975 6 9 0 36 5 31
1975 6 10 0 38 5 33
1975 6 12 3 39 8 31
1975 6 13 0 37 5 32
1975 6 14 0 41 3 38
1975 6 15 0 42 10 32
1975 6 18 0 41 4 37
1975 6 19 0 40 7 33
1975 6 20 0 40 9 31
1975 6 22 0 40 4 36
1975 6 23 0 39 2 37
1975 6 25 0 38 3 35
1975 6 28 0.4 38 3 35
1975 6 29 0 37 5 32
1975 6 30 0 37 4 33
tr low
1940 6 20 2 23 21.1 1.9
1948 6 8 1.5 21 20 1
