1933 2 9 0 4
1935 8 15 16 4
1935 8 23 15 4
1935 9 21 14 4
1935 10 12 14 4
1935 11 8 12 5
1935 12 4 6 4
1936 4 29 13 4
1936 7 29 17 4
1936 10 20 10 4
1937 7 23 20 8
1937 7 31 20 5
1937 11 5 11 5
1938 7 23 15 4
1938 8 7 16.1 4
1939 7 27 16 4
1940 2 5 6.2 4
1946 6 12 13 4
1947 7 9 16 4
1947 10 11 13 4
1948 4 9 16 4
1949 7 2 16 4
1949 9 21 14 8
1950 7 28 14 4
1950 12 27 5 4
1951 6 22 21 4
1952 5 24 14 4
1952 7 3 14 4
1952 7 15 12 7
1952 11 30 5 4
1975 9 28 3 4
1976 8 6 13 5
1976 10 23 5 5
1976 12 14 2 6
1977 6 27 15 4
1977 7 23 15 4
1978 7 7 15 5
1978 9 8 13 4
1979 8 7 14 4
1979 8 23 13 4
1979 9 7 12 4
1979 11 27 -3 4
1980 9 19 11 4
1981 6 1 11 4
1981 10 8 12 4
1982 1 25 -3 4
1982 7 28 14 4
1983 1 31 -1 4
1984 6 15 14 4
1986 3 7 2 4
1986 9 9 13 4
1987 8 17 14 4
1991 9 1 12 4
1996 2 9 0 4
1997 6 11 15 4
1998 3 8 0 6
1998 3 25 0 13
1998 4 22 0 19
1998 4 30 0 5
