pc up
1979 7 4 50 33 13 20
1974 11 5 23 NA NA NA
tx up
1979 6 16 0 37 15 22
1979 6 18 0 37 20 17
1979 6 20 0 37 17 20
1979 6 21 0 39 16 23
1979 6 22 0 38 19 19
1979 6 23 0 40 20 20
1979 6 30 0 37 16 21
1979 7 1 0 39 18 21
1979 7 2 0 36 20 16
1979 7 5 0 34 15 19
1979 7 7 0 37 16 21
1979 7 8 0 34 19 15
1979 7 9 0 37 17 20
1979 7 10 0 40 19 21
1979 7 11 0 38 19 19
1979 7 12 0 41 21 20
1979 7 13 19 36 15 21
1979 7 14 0 35 17 18
1979 7 15 0 35 18 17
1979 7 18 10 34 15 19
1979 7 23 5 34 10 24
1979 7 30 0 34 12 22
1979 8 18 5 30 12 18
1979 8 19 0 33 13 20
1979 8 20 0 31 15 16
1979 8 22 0 32 12 20
1979 8 23 0 35 15 20
1979 8 24 0 36 12 24
1979 8 25 0 32 15 17
1979 8 26 0 30 13 17
1979 8 27 0 39 15 24
1979 8 28 0 33 12 21
1979 8 29 0 37 12 25
1979 8 30 5 30 18 12
