1905 5 24 14 4
1905 6 15 19 4
1906 6 16 18 4
1907 6 12 18 4
1907 9 5 20 4
1909 1 4 2 4
1910 5 2 12 6
1910 9 27 16 4
1910 10 1 NA 4
1911 8 8 16 6
1911 8 14 18 4
1912 7 7 15 4
1912 11 16 4 4
1951 7 1 22 4
1956 6 17 18 4
1957 4 18 9.5 4
1959 4 4 13 4
1959 5 4 13 4
1960 8 31 16.5 4
1962 2 10 2 4
1962 3 17 3 6
1962 5 18 12 5
1962 5 30 7 4
1962 6 15 11 8
1962 7 4 11.5 11
1962 8 12 17 5
1962 9 3 11 5
1962 9 16 17 5
1962 11 22 0 8
1963 7 22 18 4
1963 9 10 15 4
1964 9 10 17 4
1965 5 9 10 4
1965 10 28 2 4
1966 4 12 10 4
1966 9 23 12 4
1966 11 16 8 5
1967 10 4 10 4
1968 8 21 17 4
1968 10 9 10 5
1969 6 6 21 4
1969 7 26 22 4
1970 4 15 12 5
1970 5 12 16 4
1971 9 6 19 4
1972 3 13 9 4
1972 6 16 18 4
1972 10 25 13 4
1973 9 26 19 4
1973 11 8 10 5
1974 6 13 19 4
1975 8 24 18 4
1975 9 2 17 5
1977 5 13 16 4
1977 6 17 19 4
1977 9 21 17 4
1977 9 30 18 4
1978 7 9 20 5
1979 8 26 18 4
1979 10 3 10 5
1981 1 31 5 4
1981 3 8 3 4
1982 6 3 18 4
1983 7 1 20 4
1983 11 17 6 4
