pc up
1960 2 7 27.2 23 2.5 20.5
1911 3 24 35.5 14.5 10 4.5
1968 3 3 51 17 6 11
1909 6 25 54.5 32 18 14
1977 6 3 92.5 32 19 13
1961 7 31 140 30 17 13
1978 7 31 64 31 19.5 11.5
1964 8 4 45 31.5 17 14.5
1983 8 10 62 33 19 14
1962 10 8 58 34 17 17
1962 10 17 184 32 12 20
1972 11 22 28 17 5 12
tx up
tx low
1970 9 27 11 9 7 2
1948 10 17 0 10 7.8 2.2
1967 10 30 0 10 0 10
tn up
tn low
1954 7 1 0 34 8.5 25.5
1954 7 2 0 35 8.5 26.5
1954 7 3 0 35 8.5 26.5
1954 7 4 0 36 10 26
1954 7 6 7 36 10.5 25.5
1954 7 7 0 36 10 26
1954 7 8 0 35 9 26
1954 7 9 14 32 10.5 21.5
1954 7 10 16 33 10.5 22.5
1954 7 11 13 32.5 10 22.5
1954 7 12 16.5 32 10.5 21.5
1954 7 13 0 31.5 10 21.5
1954 7 14 2 34 8 26
1954 7 15 0 33.5 9 24.5
1954 7 16 0 32 10.5 21.5
1954 7 24 0 34 9 25
1954 7 25 0 37 8 29
1954 7 26 0 37 9.5 27.5
1954 7 30 0 37.5 9.5 28
1965 7 22 0 33 10 23
1972 7 17 16 34 10 24
1976 8 25 0 34 10 24
1976 8 26 0 32 10 22
1909 9 29 0 28.5 4 24.5
tr up
tr low
