1903 9 1 16 4
1903 10 28 8 5
1904 4 16 13 4
1904 5 16 13 4
1904 7 15 17 5
1904 7 31 15 4
1904 9 12 16 5
1904 9 17 15 4
1904 11 23 5 4
1905 6 21 18 6
1905 8 14 18 5
1905 8 19 18 4
1905 9 7 16 6
1905 9 15 16 4
1905 9 25 15 4
1906 2 24 5 5
1906 6 12 17 4
1906 8 5 18 4
1906 8 13 17 4
1906 9 9 15 5
1906 12 25 1 4
1907 7 20 19 4
1907 8 10 18 4
1907 11 1 12 4
1908 3 30 11 4
1909 1 19 3 6
1909 1 29 5 4
1909 7 7 18 6
1909 7 31 17 5
1909 11 7 10 4
1910 3 24 7 4
1910 7 28 18 5
1910 8 13 18 5
1910 8 28 17 4
1910 9 25 13 4
1911 2 22 0 4
1911 3 11 9 4
1911 3 18 10 6
1911 3 24 10 4
1911 5 9 12 4
1911 5 23 13 4
1911 6 15 14 4
1911 9 18 15 4
1911 10 20 8 4
1912 1 12 2 4
1912 7 17 17 4
1912 7 31 16 4
1912 8 9 19 5
1912 8 18 17 4
1912 9 18 15 4
1912 10 30 9 4
1913 1 23 5 4
1913 2 9 5 4
1949 8 8 16.5 4
1950 7 16 18 4
1950 9 14 17 4
1950 10 27 5 4
1951 7 7 19 4
1952 7 17 18 5
1953 5 4 8 4
1956 2 16 -4.5 5
1956 12 25 -4 4
1957 6 26 17 4
1957 7 16 16.5 4
1957 7 26 17.5 5
1957 8 23 17.5 4
1957 11 18 1 4
1959 8 17 17 5
1959 8 30 18 4
1960 3 30 6 4
1960 6 5 19 4
1960 7 29 17 4
1960 9 6 15 6
1961 3 29 6 4
1961 12 3 2 5
1961 12 17 4 4
1962 6 4 11 4
1962 6 18 11 9
1962 7 8 16.5 4
1962 7 17 16.5 4
1962 7 21 17 4
1962 10 28 9 5
1962 11 15 2 5
1962 11 27 4 4
1962 12 21 2 7
1963 2 3 5 4
1963 5 28 16 6
1963 8 29 18 4
1963 9 15 14 5
1964 6 28 15 4
1964 9 12 17 5
1964 12 15 -4 4
1965 5 5 10 4
1965 9 18 16 4
1965 11 20 7 4
1966 4 15 10 4
1966 6 24 17 4
1966 7 2 18 8
1966 7 8 17 4
1966 7 27 20 4
1966 8 23 18 8
1966 9 1 17 5
1966 9 10 17 5
1967 3 5 0 4
1967 6 27 19 5
1967 11 12 3 4
1967 11 26 7 4
1968 2 8 -1 4
1968 7 4 17 4
1968 7 21 17 4
1968 10 30 6 7
1968 11 12 0 4
1968 12 9 -3 4
1968 12 20 2 4
1969 1 22 2 4
1969 2 11 5 4
1969 9 7 20 4
1969 12 13 0 5
1970 4 7 10 4
1970 5 9 14 4
1970 8 27 19 5
1970 11 11 8 4
1971 5 12 14 5
1971 7 16 21 4
1971 8 2 19 4
1971 8 15 18 4
1971 10 14 15 4
1972 2 16 5 4
1972 8 21 18 7
1972 10 2 16 4
1973 6 23 17 4
1973 6 29 20 4
1973 8 1 19 6
1973 9 13 19 4
1973 10 1 13 4
1974 4 21 12 4
1974 6 21 18 8
1974 6 25 20 4
1974 7 12 18 4
1974 7 22 18 4
1974 11 22 9 4
1975 7 5 19 5
1975 8 30 19 5
1975 9 21 15 4
1975 9 30 10 4
1975 10 10 10 4
1976 6 20 19 5
1976 7 4 19 5
1976 7 18 19 5
1976 12 18 3 6
1977 6 30 19 5
1977 7 10 19 4
1977 7 24 18 5
1978 8 29 18 5
1978 10 19 8 4
1979 4 23 12 4
1979 7 12 20 4
1979 8 29 18 4
1980 6 6 22 4
1980 6 20 21 4
1980 8 15 19 4
1980 9 15 18 5
1980 11 7 7 4
1981 1 17 5 4
1981 6 19 19 4
1981 8 7 19 4
1982 8 6 20 6
1982 11 23 6 5
1984 2 19 5 5
