Year "-01-15" "-02-15" "-03-15" "-04-15" "-05-15" "-06-15" "-07-15" "-08-15" "-09-15" "-10-15" "-11-15" "-12-15"
 1948   -0.013   -0.026    0.030   -0.068   -0.002    0.057   -0.037   -0.021   -0.051    0.010    0.136    0.064
 1949    0.155    0.162    0.041    0.101   -0.022    0.003    0.074    0.104    0.072    0.106    0.110    0.120
 1950    0.113   -0.031   -0.103   -0.128   -0.056   -0.040   -0.053    0.022    0.012   -0.088    0.082    0.090
 1951    0.105    0.001    0.015    0.171    0.175    0.291    0.424    0.306    0.252    0.261    0.177    0.177
 1952    0.174    0.185    0.233    0.193    0.183    0.385    0.375    0.406    0.364    0.357    0.253    0.343
 1953    0.267    0.187    0.144    0.315    0.344    0.278    0.346    0.260    0.282    0.150    0.246    0.260
 1954    0.229    0.097    0.103   -0.011    0.072    0.101   -0.043   -0.012   -0.009   -0.030   -0.025   -0.049
 1955    0.078    0.042    0.043    0.097    0.178    0.196    0.270    0.177    0.205    0.281    0.388    0.258
 1956    0.188    0.096    0.016    0.065   -0.056   -0.262   -0.088   -0.096   -0.087   -0.041   -0.085    0.021
 1957   -0.079   -0.104   -0.017   -0.072   -0.119   -0.010    0.042    0.204    0.223    0.151    0.086    0.081
 1958    0.050    0.191    0.346    0.348    0.203    0.223    0.166    0.163    0.214    0.153    0.187    0.221
 1959    0.101    0.116   -0.026   -0.002    0.009   -0.058   -0.030    0.014    0.127    0.114    0.052    0.111
 1960    0.178    0.218    0.090    0.098    0.304    0.320    0.272    0.336    0.212    0.298    0.251    0.139
 1961    0.062    0.082    0.149    0.228    0.195    0.034   -0.018    0.037    0.004    0.030    0.068    0.214
 1962    0.150    0.153    0.166    0.089    0.024   -0.070   -0.007   -0.062    0.005    0.066    0.047    0.191
 1963    0.158    0.167    0.134    0.105   -0.084   -0.046   -0.035   -0.073   -0.202   -0.071   -0.056   -0.060
 1964   -0.075    0.022    0.040   -0.145    0.041    0.004   -0.143   -0.233   -0.219   -0.271   -0.165   -0.120
 1965   -0.198   -0.176   -0.077   -0.096   -0.098   -0.126   -0.187   -0.210   -0.221   -0.247   -0.276   -0.123
 1966   -0.075    0.011   -0.009    0.044    0.002   -0.045   -0.055   -0.043    0.000    0.014    0.003    0.080
 1967    0.082    0.088   -0.033   -0.015   -0.187   -0.261   -0.230   -0.164   -0.097   -0.100   -0.234   -0.153
 1968   -0.246   -0.198   -0.209   -0.155   -0.124   -0.262   -0.229   -0.213   -0.150   -0.113   -0.108   -0.127
 1969   -0.063    0.104    0.207    0.149    0.010    0.028    0.094   -0.101   -0.107   -0.185   -0.124   -0.032
 1970   -0.010   -0.049    0.019    0.020   -0.047   -0.182   -0.200   -0.141   -0.138   -0.196   -0.240   -0.209
 1971   -0.246   -0.292   -0.310   -0.413   -0.326   -0.363   -0.349   -0.435   -0.366   -0.235   -0.243   -0.308
 1972   -0.317   -0.380   -0.439   -0.326   -0.469   -0.488   -0.375   -0.383   -0.302   -0.286   -0.277   -0.350
 1973   -0.373   -0.393   -0.343   -0.264   -0.168   -0.175   -0.103   -0.132   -0.130   -0.215   -0.208   -0.237
 1974   -0.275   -0.283   -0.400   -0.523   -0.499   -0.446   -0.514   -0.467   -0.505   -0.507   -0.425   -0.360
 1975   -0.272   -0.338   -0.309   -0.344   -0.387   -0.294   -0.271   -0.184   -0.335   -0.353   -0.340   -0.321
 1976   -0.384   -0.440   -0.493   -0.425   -0.487   -0.482   -0.306   -0.184   -0.192   -0.292   -0.415   -0.431
 1977   -0.388   -0.332   -0.182   -0.216   -0.169   -0.106   -0.104   -0.144   -0.231   -0.223   -0.141   -0.203
 1978   -0.104   -0.146   -0.157   -0.193   -0.202   -0.331   -0.275   -0.225   -0.188   -0.206   -0.118   -0.181
 1979   -0.191   -0.149   -0.226   -0.235   -0.116   -0.040   -0.092   -0.113   -0.107   -0.085   -0.083   -0.057
 1980    0.001   -0.076   -0.136    0.002    0.132    0.111    0.053    0.026   -0.005   -0.059   -0.194   -0.246
 1981   -0.174   -0.173    0.009   -0.088   -0.076   -0.054   -0.087   -0.108   -0.029   -0.179   -0.129    0.001
 1982   -0.073   -0.071   -0.073   -0.175   -0.184   -0.177   -0.221   -0.301   -0.300   -0.364   -0.409   -0.372
 1983   -0.291   -0.096    0.089    0.067   -0.040   -0.046   -0.007   -0.150   -0.208   -0.188   -0.150    0.005
 1984   -0.099   -0.080   -0.117   -0.150   -0.158   -0.317   -0.258   -0.218   -0.201   -0.336   -0.417   -0.310
 1985   -0.347   -0.322   -0.349   -0.393   -0.330   -0.120   -0.145   -0.274   -0.240   -0.238   -0.288   -0.329
 1986   -0.336   -0.268   -0.285   -0.317   -0.221   -0.254   -0.241   -0.265   -0.212   -0.311   -0.390   -0.364
 1987   -0.270   -0.210   -0.025    0.037    0.075    0.210    0.287    0.287    0.201    0.054   -0.063    0.050
 1988   -0.035   -0.109   -0.004    0.057    0.143    0.171    0.114   -0.004   -0.091   -0.166   -0.143   -0.160
 1989   -0.217   -0.152   -0.249   -0.286   -0.143    0.095    0.181    0.117   -0.091   -0.119   -0.146   -0.149
 1990   -0.295   -0.158   -0.175   -0.114   -0.055   -0.052   -0.018    0.056    0.151    0.117   -0.050   -0.032
 1991   -0.192   -0.113   -0.066   -0.130   -0.150   -0.126   -0.104   -0.106   -0.034   -0.259   -0.258   -0.211
 1992   -0.188   -0.092   -0.090   -0.182   -0.220   -0.148   -0.217   -0.379   -0.367   -0.298   -0.332   -0.283
 1993   -0.238   -0.185   -0.242   -0.172   -0.162   -0.180   -0.275   -0.227   -0.163   -0.241   -0.317   -0.292
 1994   -0.295   -0.308   -0.278   -0.199   -0.206   -0.221   -0.230   -0.234   -0.151   -0.058   -0.018   -0.090
 1995   -0.061   -0.039    0.017    0.076    0.272    0.365    0.314    0.184    0.054    0.102    0.127    0.042
 1996   -0.009   -0.032   -0.057    0.010   -0.065   -0.123   -0.104   -0.008   -0.001   -0.144   -0.173   -0.155
 1997   -0.091   -0.035    0.005    0.008    0.040    0.009    0.061    0.015    0.110    0.151    0.051    0.132
 1998    0.130    0.292    0.322    0.292    0.384    0.490    0.488    0.513    0.413    0.382    0.317    0.280
 1999    0.051    0.058    0.069    0.052    0.163    0.180    0.198    0.307    0.185    0.017   -0.048    0.015
 2000   -0.083   -0.038    0.104    0.042    0.105   -0.017    0.073    0.103    0.102   -0.040   -0.052   -0.126
 2001   -0.127   -0.026    0.015   -0.012   -0.009    0.199    0.136    0.178    0.287    0.252    0.157    0.214
 2002    0.182    0.165    0.145    0.028   -0.048   -0.116   -0.065    0.107    0.080    0.112    0.020    0.005
 2003    0.051   -0.012    0.113    0.080    0.152    0.206    0.277    0.416    0.452    0.427    0.224    0.225
 2004    0.211    0.210    0.158    0.109    0.006    0.178    0.228    0.317    0.241    0.243    0.221    0.188
 2005    0.111    0.126    0.285    0.293    0.294    0.327    0.447    0.440    0.419    0.238    0.141    0.217
 2006    0.124    0.075    0.061    0.198    0.309    0.334    0.375    0.402    0.365    0.335    0.289    0.172
 2007    0.172    0.218    0.128    0.160    0.112    0.089    0.130    0.055    0.099    0.158    0.177    0.111
 2008    0.031    0.129    0.159    0.043    0.173    0.257    0.207    0.176    0.199    0.103    0.002    0.019
 2009   -0.058   -0.163   -0.159   -0.130   -0.061    0.122    0.229    0.153    0.058    0.165    0.070    0.083
 2010    0.041    0.178    0.288    0.426    0.460    0.448    0.451    0.526    0.450    0.325    0.236    0.208
 2011    0.144    0.109    0.056    0.093    0.153    0.179    0.092    0.147    0.145    0.063   -0.070   -0.044
 2012   -0.064    0.005    0.026    0.081    0.165    0.301    0.376    0.432    0.449    0.330    0.166    0.142
 2013    0.129    0.116    0.159    0.137    0.102    0.047    0.191    0.195    0.256    0.348    0.129    0.037
 2014   -0.061   -0.042   -0.080   -0.093   -0.001    0.063    0.222    0.335    0.311    0.293    0.065    0.059
 2015   -0.008   -0.003   -0.128   -0.071    0.045    0.029    0.133    0.179    0.301    0.325    0.187    0.230
 2016    0.231    0.156    0.189    0.177    0.345    0.410    0.432    0.457    0.458    0.381    0.391    0.335
 2017    0.226    0.227    0.168    0.283    0.315    0.308    0.303    0.310    0.351    0.434    0.352    0.364
 2018    0.173    0.063    NA       NA        NA      NA        NA        NA      NA       NA       NA        NA
