1962 12 5 -2 4
1963 2 7 2 4
1963 5 19 16 4
1963 6 16 18 4
1963 6 27 20 7
1963 7 9 19 4
1963 7 22 21 6
1963 9 22 18 4
1964 1 18 -9 4
1965 6 3 14 5
1965 7 9 20 6
1965 8 22 17 6
1965 8 26 16 4
1965 12 7 -2 4
1966 7 26 21 4
1966 8 29 15 4
1966 9 5 16 6
1966 9 11 15 6
1967 1 14 -4 4
1967 3 3 2 4
1967 6 7 17 5
1967 8 5 18 4
1968 8 26 16 4
1969 7 21 18 6
1969 8 3 20 5
1969 8 31 18 4
1969 9 8 18 4
1969 9 24 16 5
1969 12 26 0 4
1970 7 6 18 4
1970 9 14 18 6
1970 10 5 12 4
1971 1 29 -2 4
1971 8 22 16 5
1972 2 14 1 4
1972 8 10 17 5
1972 9 2 17 4
1972 9 16 16 4
1972 9 30 15 4
1973 7 11 20 4
1973 7 31 17 5
1973 9 19 16 4
1974 2 4 -6 7
1974 5 10 11 4
1974 6 16 18 4
1974 7 7 19 4
1974 8 23 17 4
1974 8 28 14 4
1974 9 8 14 5
1974 10 7 14 4
1974 11 4 1 4
1974 12 21 -5 4
1975 7 17 17 4
1975 8 8 15 4
1975 8 21 17 6
1975 9 8 16 5
1975 12 11 -3 5
1975 12 21 -1 4
1976 6 9 18 4
1976 7 27 16 4
1976 7 31 17 4
1976 8 10 19 4
1976 8 24 16 7
1976 9 1 16 7
1976 9 13 15 4
1976 9 19 13 4
1976 11 24 2 7
1977 6 6 14 4
1977 10 2 18 7
1978 2 25 -1 5
1978 6 22 21 4
1978 7 31 18 5
1978 10 1 10 4
1979 2 2 -5 4
1979 2 21 2 4
1979 4 9 1 5
1979 4 28 10 4
1979 7 26 19 4
1979 8 13 15 10
1979 9 2 15 4
1979 9 13 15 4
1979 9 29 10 4
1980 6 28 22 4
1980 7 8 22 4
1980 8 20 18 4
1980 9 5 17 4
1981 11 20 2 5
1983 1 19 4 5
1983 8 15 18 4
1983 11 3 12 4
1983 12 9 -2 4
1984 7 2 19 4
1984 7 8 16 4
1984 11 5 7 4
1984 11 24 -1 4
