1962 5 15 3.9 5
1962 5 20 3.6 4
1962 5 25 2.3 5
1962 7 6 13 5
1962 7 12 18 4
1963 5 28 14 4
1963 6 28 21 5
1963 8 24 19 4
1963 11 13 5 4
1964 10 31 7 4
1964 11 18 10 4
1965 7 1 19 4
1965 9 8 17 4
1966 7 18 21 5
1966 8 12 17 4
1967 4 6 12 6
1967 8 28 16 5
1967 9 10 14 4
1968 4 28 9 4
1969 9 10 19 4
1970 1 28 1 4
1970 5 23 14 4
1970 8 30 16 5
1970 9 24 15 5
1972 6 24 17 4
1973 6 29 21 4
1974 7 2 20 4
1974 10 11 15 4
1975 2 17 -2 5
1975 8 5 15 4
1976 6 10 19 4
1976 7 1 20 4
1976 7 31 17 4
1976 8 12 18 4
1976 9 18 13 4
1977 6 15 20 4
1977 7 16 20 5
1977 9 29 18 5
1978 1 14 -3 4
1978 6 23 19 4
1978 7 21 19 4
1978 8 18 18 4
1978 10 5 13 4
1978 12 8 -5 4
1979 2 17 3 4
1979 2 22 6 4
1979 4 20 11 4
1979 8 25 15 15
1979 9 11 15 5
1979 9 24 14 4
1979 10 8 10 4
1979 10 16 10 4
1979 10 20 9 4
1980 5 27 13 4
1980 9 30 14 4
1982 5 23 14 5
1982 6 24 22 8
1982 7 20 18 6
1982 9 10 18 4
1984 7 20 19 4
