1976 7 1 10.5 0 0
1976 7 2 11 0 0
1976 7 3 24 0 0
1976 7 4 7.5 0 0
1976 7 5 11 0 0
1976 7 6 0 0 0
1976 7 7 10 0 0
1976 7 8 15 0 0
1976 7 9 9 0 0
1976 7 10 2 0 0
1976 7 11 12 0 0
1976 7 12 0 0 0
1976 7 13 7 0 0
1976 7 14 24.5 0 0
1976 7 15 20.5 0 0
1976 7 16 15 0 0
1976 7 17 25.5 0 0
1976 7 18 1 0 0
1976 7 19 1.5 0 0
1976 7 20 0 0 0
1976 7 21 0 0 0
1976 7 22 0 0 0
1976 7 23 10 0 0
1976 7 24 23 0 0
1976 7 25 2 0 0
1976 7 26 13.5 0 0
1976 7 27 6.5 0 0
1976 7 28 1.5 0 0
1976 7 29 0 0 0
1976 7 30 12 0 0
1976 7 31 1 0 0
