1972 7 26 14 4
1972 9 14 15 4
1972 10 3 12 5
1972 11 28 -1 4
1973 2 27 0 4
1973 3 8 1 4
1973 5 25 10 5
1973 9 26 12 4
1974 4 30 10 5
1974 5 20 10 10
1974 6 29 15 4
1974 7 20 11 6
1974 7 25 11 4
1974 8 23 14 6
1974 9 5 13 11
1974 9 14 10 4
1974 9 25 11 11
1974 10 10 9 12
1974 10 24 2 8
1974 10 29 2.5 5
1974 11 12 1 7
1974 11 16 0 4
1974 12 5 0 5
1974 12 31 -1 4
1975 1 12 0 4
1975 3 11 0 4
1975 3 30 0 5
1975 4 17 0 4
1975 5 14 10 5
1975 7 12 14 5
1975 7 16 14.5 4
1975 8 8 12 13
1975 8 31 13 8
1975 9 9 3.5 4
1975 9 21 3.5 9
1975 10 8 0 5
1975 10 20 0 4
1975 10 30 1 4
1975 11 3 0 4
1975 11 12 1 6
1975 12 18 0 5
1976 1 16 -2 4
1976 3 15 1 9
1976 4 5 0 4
1976 4 13 1 4
1976 4 18 1 4
1976 4 26 0 4
1976 4 30 1 4
1976 5 15 0 6
1976 5 19 1 4
1976 5 31 1 4
1977 2 6 -2 4
1977 4 29 8 6
1977 5 28 7 4
1977 6 5 7 4
1977 6 13 8 5
1977 7 5 14 13
1977 8 9 15 5
1977 9 3 15 9
1977 9 19 13 4
1977 9 24 14 4
1977 9 28 15 4
1977 12 14 -1 4
1978 3 23 5 4
1978 4 22 8 4
1978 6 20 12 7
1978 8 9 14 4
1979 1 27 2 4
1979 4 22 8 4
1979 8 7 16 4
1979 9 24 10 4
1979 10 3 7 8
1979 10 14 7 4
1980 1 1 -5 4
1980 5 30 10 4
1980 9 9 15 4
1980 9 15 15 4
1981 2 6 -1 4
1981 5 6 10 5
1982 3 22 5 4
1982 8 7 15 6
1983 4 29 6 4
1983 7 10 14 4
1983 8 13 16 4
1983 9 14 13 4
1983 12 18 -2 4
1984 6 28 16 4
1984 7 23 14 4
1984 8 1 13 4
1984 9 14 13 4
1984 12 18 -2 4
1985 7 22 15 7
1985 8 25 14 4
1985 10 24 4 4
1985 10 29 5 5
1986 1 2 -2 5
1986 3 6 0 4
1986 6 30 15 4
1986 7 13 14 4
1986 7 20 14 4
1987 7 23 14 4
1987 8 1 13 4
