1972 3 14 4 5
1972 3 24 8 4
1972 8 30 14 5
1973 1 7 4 4
1973 9 24 12 5
1973 11 18 3 4
1974 6 21 10 4
1974 8 7 16 4
1974 8 12 14 5
1974 8 21 14 7
1975 6 20 11 4
1975 7 8 14 6
1975 8 20 13 20
1975 8 30 13 8
1975 9 12 3 12
1975 10 16 1 4
1975 10 29 1 4
1975 12 10 -5 4
1975 12 15 0 4
1976 5 12 0 4
1976 7 8 11 4
1977 1 17 -4 6
1977 5 27 7 4
1977 6 18 11 5
1977 6 30 14 5
1977 9 18 13 4
1978 5 13 8 5
1978 5 28 10 5
1978 12 11 -8.5 4
1978 12 29 2 4
1979 4 23 9 4
1979 8 25 13 4
1979 10 1 7 4
1980 3 7 9 5
1982 3 26 6 5
1982 6 14 14 5
1982 7 17 15 6
1983 6 12 12 4
1983 6 28 9 4
1984 6 22 15 4
1985 5 28 12 4
1985 7 8 14 4
1986 3 7 2 6
1987 9 24 9 4
1987 12 22 0 4
