1963 2 12 0 4
1963 3 5 0 4
1963 3 19 0 8
1963 11 22 0 247
1963 11 27 0 4
1963 12 1 -2 4
1963 12 14 0 5
1964 3 20 0 4
1964 11 4 0 221
1964 11 19 0 6
1965 1 8 0 4
1965 1 23 0 4
1965 2 5 0 5
1965 3 15 1 4
1965 3 31 0 11
1965 10 15 0 107
1965 10 27 2 4
1966 7 14 20 4
1966 8 10 20 4
1967 6 7 18 4
1967 9 1 17 4
1968 8 10 19 6
1969 4 21 4 4
1969 12 15 -4 4
1970 9 16 16 4
1970 9 22 17 4
1971 5 28 9 4
1971 8 31 19 4
1972 10 24 2 4
1973 11 18 -6 4
1974 9 26 7 4
1977 3 7 -2 4
1980 3 4 1 4
1980 11 14 3 4
1980 11 29 -7 4
1981 10 8 16 4
1982 12 27 1 4
1983 2 15 2 4
1983 3 24 1 4
